id_time,n_flows,n_packets,n_bytes,sum_n_dest_asn,average_n_dest_asn,std_n_dest_asn,sum_n_dest_ports,average_n_dest_ports,std_n_dest_ports,sum_n_dest_ip,average_n_dest_ip,std_n_dest_ip,tcp_udp_ratio_packets,tcp_udp_ratio_bytes,dir_ratio_packets,dir_ratio_bytes,avg_duration,avg_ttl
0,1468,2565968,3650536926,837,6.8,4.23,833,6.77,3.45,994,8.08,5.73,0.86,0.84,0.4,0.43,7.24,141.25
1,1601,31599,18321011,960,7.5,4.46,917,7.16,3.56,1121,8.76,6.39,0.85,0.83,0.41,0.44,6.79,133.34
2,1461,2641870,3740569212,897,6.9,4.56,851,6.55,3.13,1027,7.9,5.83,0.87,0.84,0.42,0.46,5.86,132.81
3,1165,37379,33325697,683,5.29,3.85,692,5.36,3.44,796,6.17,5.1,0.83,0.81,0.47,0.49,7.22,129.59
4,892,15312,7883564,567,4.76,3.33,553,4.65,2.68,623,5.24,4.2,0.89,0.88,0.51,0.51,5.6,124.32
5,812,483034,651877453,527,4.47,2.85,516,4.37,2.59,599,5.08,3.86,0.83,0.8,0.5,0.51,9.36,128.74
6,790,1307996,1863342860,506,4.69,3.16,484,4.48,2.39,583,5.4,3.89,0.86,0.85,0.51,0.52,7.43,122.97
7,805,1306674,1862887003,515,4.44,3.2,494,4.26,2.19,585,5.04,4.34,0.86,0.85,0.47,0.49,7.86,128.71
8,879,11187754,14723104776,577,4.58,2.89,548,4.35,2.32,656,5.21,3.88,0.8,0.79,0.45,0.48,10.17,134.38
9,1213,247490,206283941,524,4.9,3.13,503,4.7,2.43,586,5.48,4.02,0.86,0.83,0.48,0.49,10.31,128.02
10,901,1349278,1901068112,565,5.0,3.49,527,4.66,2.06,637,5.64,4.81,0.83,0.8,0.43,0.44,11.17,127.31
11,896,41732,33004058,576,4.97,3.2,527,4.54,2.21,645,5.56,4.13,0.83,0.81,0.48,0.48,11.27,121.7
12,956,99445,115428387,588,4.9,3.6,615,5.12,3.42,690,5.75,4.55,0.8,0.78,0.49,0.5,7.33,116.27
13,987,100141,114022907,611,5.01,3.43,586,4.8,2.8,707,5.8,4.72,0.82,0.8,0.5,0.51,9.25,124.24
14,1107,17399,4989325,663,5.39,3.84,735,5.98,4.34,795,6.46,5.07,0.84,0.83,0.48,0.51,8.94,120.59
15,1066,11808,5096267,628,5.06,3.24,708,5.71,4.72,725,5.85,4.21,0.86,0.84,0.44,0.47,6.88,130.26
16,938,42409,34955623,581,4.76,3.28,606,4.97,4.27,651,5.34,4.32,0.83,0.81,0.5,0.52,11.86,120.83
17,955,544651,610059217,612,5.02,3.04,587,4.81,2.65,701,5.75,4.15,0.84,0.82,0.49,0.52,11.16,127.78
18,1078,1065438,1446549407,677,5.42,3.35,670,5.36,2.95,783,6.26,4.42,0.89,0.88,0.45,0.47,9.68,124.83
19,988,2035507,2744897286,621,5.09,3.45,571,4.68,2.1,732,6.0,4.92,0.86,0.83,0.43,0.43,10.54,134.48
20,1047,36589,26431895,670,5.58,3.54,636,5.3,2.64,779,6.49,4.61,0.82,0.8,0.45,0.47,8.92,130.18
21,1245,1763645,2481490830,759,6.07,3.45,768,6.14,3.21,889,7.11,4.52,0.88,0.86,0.38,0.4,5.8,142.65
22,1255,457383,606814240,798,6.44,3.58,781,6.3,2.42,916,7.39,4.86,0.86,0.83,0.38,0.4,5.58,142.16
23,1344,1458493,2068333802,857,6.64,3.54,863,6.69,3.04,1001,7.76,5.09,0.87,0.86,0.39,0.4,4.81,145.38
24,1164,1451712,2029751008,713,6.31,3.6,719,6.36,2.77,857,7.58,5.15,0.83,0.83,0.42,0.43,6.25,150.55
25,1121,1977946,2651622455,692,5.82,3.57,677,5.69,2.64,807,6.78,4.75,0.81,0.81,0.39,0.4,6.69,140.85
26,1023,178179,221080191,681,5.63,3.36,650,5.37,2.41,768,6.35,4.26,0.83,0.83,0.44,0.45,7.56,141.27
27,861,26361,14384127,584,5.03,3.21,541,4.66,2.36,639,5.51,3.76,0.82,0.81,0.47,0.5,8.48,139.46
28,1257,1398114,1969098659,545,4.54,3.32,957,7.98,17.08,618,5.15,4.11,0.82,0.81,0.48,0.48,4.3,126.29
29,1043,16560874,23154092229,537,4.44,3.05,769,6.36,14.22,602,4.98,3.84,0.85,0.84,0.48,0.49,10.38,122.23
30,767,126169,146250904,518,4.43,2.81,483,4.13,2.32,580,4.96,3.29,0.85,0.85,0.53,0.53,10.09,117.24
31,833,1459103,2022052011,553,4.46,2.9,527,4.25,2.28,634,5.11,3.64,0.85,0.84,0.51,0.53,16.4,130.1
32,772,1534351,2117026300,524,4.56,3.22,463,4.03,2.05,583,5.07,3.74,0.88,0.87,0.47,0.46,10.68,119.45
33,762,1446165,2032016941,516,4.91,3.09,476,4.53,2.28,573,5.46,3.74,0.86,0.84,0.49,0.51,8.86,122.61
34,731,23744,17674009,493,4.61,3.31,435,4.07,2.22,551,5.15,4.08,0.88,0.89,0.52,0.53,12.42,120.35
35,881,2016948,2697296538,558,4.81,3.01,516,4.45,2.19,639,5.51,3.89,0.85,0.85,0.48,0.5,15.45,126.4
36,890,9612324,12441102801,563,4.54,3.43,504,4.06,2.61,655,5.28,4.69,0.82,0.82,0.51,0.53,16.35,119.46
37,862,3067764,4140359921,563,5.12,3.52,497,4.52,2.17,634,5.76,4.31,0.87,0.86,0.5,0.52,12.32,128.18
38,942,3252660,4591926099,579,5.17,3.61,556,4.96,2.46,677,6.04,4.4,0.86,0.84,0.46,0.46,10.35,121.87
39,1013,396548,444268202,642,5.35,3.4,614,5.12,2.63,733,6.11,4.56,0.87,0.83,0.47,0.49,11.27,128.85
40,998,2775463,3515837924,635,5.29,3.7,598,4.98,2.96,717,5.98,4.52,0.87,0.85,0.46,0.48,17.06,115.33
41,1079,2367735,2907078473,656,5.51,3.63,632,5.31,3.16,778,6.54,5.05,0.83,0.82,0.43,0.45,16.97,129.74
42,989,422219,550519832,599,5.03,3.59,603,5.07,3.05,707,5.94,4.87,0.83,0.82,0.46,0.47,11.33,129.54
43,899,265932,331344466,556,4.67,3.41,521,4.38,2.25,636,5.34,4.6,0.84,0.83,0.43,0.44,10.44,126.41
44,831,1871298,2520050130,480,4.71,3.46,416,4.08,1.68,576,5.65,4.73,0.82,0.79,0.46,0.48,9.29,130.97
45,912,4230353,5830546486,550,5.09,3.67,544,5.04,3.16,656,6.07,4.99,0.82,0.81,0.4,0.42,13.84,133.73
46,964,1318042,1883990326,606,5.41,3.5,551,4.92,2.55,690,6.16,4.79,0.83,0.8,0.47,0.51,9.72,128.84
47,1292,849294,993876417,758,6.71,4.41,748,6.62,5.23,898,7.95,6.53,0.85,0.83,0.41,0.43,5.98,126.91
48,1345,3025981,4167409612,758,6.59,4.6,700,6.09,3.87,905,7.87,6.35,0.88,0.87,0.39,0.43,8.53,129.13
49,1164,14018,2703470,715,5.96,3.87,684,5.7,3.11,824,6.87,5.15,0.84,0.82,0.41,0.43,8.07,136.56
50,1027,2046996,2738376669,616,5.7,3.7,579,5.36,3.16,705,6.53,4.84,0.83,0.82,0.44,0.46,11.5,125.01
51,989,492973,517951647,619,5.63,3.96,554,5.04,2.65,731,6.65,5.69,0.81,0.77,0.49,0.49,11.54,122.7
52,990,17376281,23896610953,532,4.79,3.2,665,5.99,9.0,613,5.52,4.19,0.87,0.85,0.45,0.46,10.84,124.65
53,829,6534830,8315743927,476,4.58,3.42,511,4.91,4.96,544,5.23,4.3,0.84,0.83,0.5,0.53,17.54,119.55
54,778,863695,742244322,495,4.38,3.24,487,4.31,3.34,562,4.97,4.04,0.86,0.84,0.48,0.51,13.31,122.61
55,923,1311046,1295015930,594,4.91,3.58,590,4.88,3.63,674,5.57,4.55,0.82,0.8,0.49,0.49,15.55,123.14
56,927,2050308,2869037902,577,5.02,3.42,584,5.08,3.84,649,5.64,4.22,0.83,0.82,0.5,0.53,11.62,122.98
57,753,17273406,23189637585,492,4.35,2.88,458,4.05,2.39,554,4.9,3.82,0.84,0.83,0.5,0.53,17.3,121.47
58,773,19160641,25920705518,477,4.5,3.72,424,4.0,2.29,551,5.2,5.02,0.88,0.86,0.47,0.49,27.99,123.45
59,902,1093083,1328901934,565,4.87,3.36,514,4.43,2.15,647,5.58,4.49,0.82,0.78,0.47,0.48,14.0,125.89
60,911,305487,335323492,590,5.36,3.79,541,4.92,2.79,684,6.22,4.75,0.85,0.81,0.45,0.48,15.59,123.65
61,935,1591099,2167079451,573,4.86,3.43,519,4.4,2.43,666,5.64,4.94,0.85,0.84,0.43,0.46,9.93,121.82
62,1091,754194,890586988,652,5.3,3.45,621,5.05,2.85,773,6.28,4.9,0.83,0.81,0.47,0.5,11.31,124.38
63,1026,3710872,4982890384,613,5.07,3.92,583,4.82,2.96,740,6.12,5.43,0.82,0.81,0.46,0.49,14.85,124.43
64,892,2550011,3609924416,522,4.75,3.12,492,4.47,2.24,627,5.7,4.55,0.87,0.86,0.47,0.49,16.96,124.23
65,1210,390960,531117091,724,5.79,3.75,673,5.38,2.81,855,6.84,5.12,0.84,0.82,0.44,0.45,13.81,124.78
66,1181,1565191,2143858382,706,5.93,3.84,619,5.2,2.22,814,6.84,5.28,0.85,0.84,0.41,0.43,12.06,128.54
67,1320,13717,2904527,791,6.28,3.6,776,6.16,3.04,917,7.28,4.96,0.88,0.86,0.39,0.41,7.89,146.26
68,1337,1112540,1294807420,822,6.37,3.42,828,6.42,2.67,969,7.51,4.31,0.9,0.88,0.41,0.44,6.73,144.99
69,1138,2503932,3282986508,661,6.01,3.4,646,5.87,2.21,784,7.13,5.09,0.9,0.89,0.37,0.4,9.22,148.49
70,1287,16496,3560985,776,6.36,4.38,727,5.96,2.63,893,7.32,5.77,0.88,0.87,0.42,0.46,7.65,145.03
71,1505,1275191,1799261605,877,6.91,4.3,886,6.98,3.55,1056,8.31,6.18,0.85,0.83,0.4,0.43,7.65,131.81
72,1381,173193,221909251,813,6.35,4.34,804,6.28,3.61,958,7.48,6.21,0.85,0.83,0.42,0.44,8.84,134.38
73,1490,21178,5822441,876,7.12,4.84,861,7.0,4.35,1030,8.37,6.59,0.84,0.82,0.42,0.44,7.61,125.1
74,1037,299038,334696123,627,5.22,3.88,587,4.89,2.67,722,6.02,5.12,0.87,0.85,0.46,0.48,10.48,129.14
75,1006,17115,3947246,626,5.49,3.69,585,5.13,2.95,725,6.36,4.79,0.86,0.84,0.47,0.49,9.19,121.72
76,915,1335370,1865390365,590,5.09,2.98,563,4.85,2.6,676,5.83,3.69,0.82,0.79,0.47,0.48,7.88,119.62
77,844,53926,41486902,507,4.65,3.49,453,4.16,2.06,580,5.32,4.52,0.8,0.77,0.46,0.47,9.8,116.26
78,847,1347429,1933705678,546,4.67,3.52,473,4.04,2.08,612,5.23,4.47,0.84,0.82,0.49,0.51,9.86,118.79
79,922,1231209,1303256614,569,4.99,3.68,491,4.31,2.21,658,5.77,5.05,0.82,0.81,0.47,0.47,10.85,126.8
80,1017,904651,1047227728,585,5.09,3.45,577,5.02,3.33,687,5.97,4.78,0.83,0.81,0.46,0.49,12.62,125.26
81,866,3870495,4665066486,541,4.7,3.13,497,4.32,2.02,604,5.25,3.97,0.82,0.79,0.45,0.46,17.47,125.38
82,889,1894254,1863701020,511,4.56,3.69,472,4.21,2.78,589,5.26,4.84,0.83,0.81,0.49,0.52,12.14,118.62
83,969,1348630,1903268512,595,4.92,3.29,591,4.88,3.28,691,5.71,4.64,0.82,0.79,0.5,0.52,11.4,119.27
84,1179,1748730,1925292088,711,5.51,3.18,743,5.76,3.67,832,6.45,4.36,0.86,0.85,0.42,0.45,11.05,125.95
85,1069,1071430,1309185390,701,5.89,4.16,630,5.29,2.45,791,6.65,5.14,0.88,0.86,0.44,0.48,12.47,131.69
86,1071,384527,432890585,606,6.0,4.0,631,6.25,3.95,736,7.29,5.52,0.84,0.82,0.42,0.45,14.35,117.98
87,1148,620976,792887659,652,6.04,4.22,606,5.61,3.35,782,7.24,5.76,0.79,0.78,0.48,0.51,13.79,117.27
88,1227,2046559,2724934754,684,6.11,4.96,694,6.2,4.96,810,7.23,6.45,0.77,0.75,0.46,0.51,12.17,111.53
89,1050,2528779,3270303964,606,5.88,3.88,547,5.31,2.59,718,6.97,5.37,0.79,0.77,0.44,0.48,17.78,117.49
90,1108,1269738,1794770158,663,6.25,3.66,631,5.95,2.71,779,7.35,4.97,0.77,0.73,0.4,0.43,9.53,132.59
91,1100,13494,3044896,641,6.35,3.85,638,6.32,3.85,760,7.52,5.16,0.83,0.81,0.4,0.43,10.09,137.72
92,1024,1332516,1857527006,592,6.04,3.66,593,6.05,3.59,699,7.13,4.65,0.81,0.78,0.37,0.42,8.21,136.84
93,867,14809,1999566,534,6.14,4.23,506,5.82,3.16,611,7.02,5.27,0.83,0.82,0.42,0.45,8.28,137.19
94,1011,1486023,1866152480,611,6.23,3.77,598,6.1,3.51,710,7.24,5.02,0.82,0.79,0.37,0.41,6.91,139.32
95,1041,1602847,2204608242,581,5.93,3.95,576,5.88,2.75,700,7.14,5.22,0.83,0.8,0.39,0.41,7.29,148.83
96,1314,2018572,2768888517,742,7.13,5.11,711,6.84,3.27,875,8.41,6.79,0.81,0.8,0.34,0.36,6.55,151.27
97,1108,375378,504509317,636,6.56,4.8,558,5.75,2.22,762,7.86,6.45,0.86,0.84,0.37,0.41,5.7,134.9
98,1101,114682,149826862,612,6.31,4.36,565,5.82,2.37,716,7.38,5.88,0.83,0.8,0.41,0.44,7.55,146.86
99,1122,1337293,1873885361,640,6.34,4.49,589,5.83,2.68,768,7.6,6.15,0.86,0.85,0.38,0.41,5.67,140.89
100,1279,36564,22257381,609,5.91,3.72,764,7.42,10.77,699,6.79,4.51,0.8,0.78,0.41,0.45,5.93,139.21
101,1439,15043298,20637337016,602,6.21,4.72,990,10.21,20.8,713,7.35,6.09,0.86,0.84,0.46,0.51,11.68,132.16
102,2099,41039300,54303545740,612,5.94,4.14,1618,15.71,47.09,708,6.87,5.25,0.84,0.83,0.48,0.51,15.13,130.79
103,1127,50057062,64193866046,613,5.62,3.81,700,6.42,11.57,747,6.85,4.84,0.82,0.81,0.44,0.48,14.43,127.59
104,960,1908933,2579495607,565,5.54,3.72,517,5.07,2.15,664,6.51,4.7,0.81,0.8,0.44,0.46,12.1,134.8
105,930,57200380,71310742347,556,6.78,4.0,520,6.34,3.18,656,8.0,5.33,0.83,0.82,0.44,0.48,15.95,126.11
106,1002,16826899,20319909369,576,5.65,3.82,517,5.07,2.65,693,6.79,5.38,0.77,0.74,0.39,0.41,12.25,126.13
107,1094,9997209,12407858280,626,6.59,4.17,584,6.15,2.99,740,7.79,5.23,0.79,0.76,0.39,0.41,15.67,135.43
108,1071,8830528,10758520175,610,6.29,4.39,587,6.05,3.22,715,7.37,5.96,0.83,0.83,0.42,0.44,11.23,131.19
109,1103,12030125,14073468760,638,6.51,4.41,568,5.8,2.84,732,7.47,5.85,0.85,0.83,0.41,0.44,17.34,135.67
110,1220,4003706,4880442353,681,6.61,4.17,691,6.71,3.69,803,7.8,5.35,0.87,0.85,0.37,0.39,12.7,140.9
111,1207,25515988,30474580046,679,6.53,4.17,647,6.22,3.18,782,7.52,5.45,0.86,0.84,0.35,0.38,10.01,145.16
112,928,13324681,16023050268,544,6.18,4.06,503,5.72,2.74,623,7.08,5.41,0.81,0.8,0.39,0.39,12.36,131.38
113,884,10857877,12893560180,524,5.57,3.57,472,5.02,2.82,608,6.47,4.56,0.81,0.79,0.42,0.42,15.83,130.5
114,1269,4077979,5598293060,738,6.53,3.81,716,6.34,2.92,867,7.67,5.4,0.85,0.82,0.38,0.42,11.48,149.52
115,3097,2040769,2380183489,769,6.93,3.85,2513,22.64,169.01,874,7.87,5.13,0.86,0.84,0.38,0.4,12.36,142.28
116,1463,38581129,45586826572,652,6.46,3.63,614,6.08,2.74,757,7.5,4.86,0.87,0.86,0.35,0.39,13.01,162.35
117,1081,21341181,25353943441,631,6.07,3.58,595,5.72,2.84,754,7.25,4.79,0.81,0.81,0.4,0.42,8.3,138.29
118,1302,7090261,8558778809,590,6.63,3.89,539,6.06,2.2,678,7.62,5.05,0.86,0.86,0.36,0.38,8.97,151.76
119,1039,13400814,15997844816,615,6.21,3.79,581,5.87,2.81,723,7.3,5.35,0.85,0.84,0.37,0.41,15.24,133.43
120,1174,2337317,2981137036,644,6.31,3.66,632,6.2,2.6,770,7.55,5.25,0.86,0.83,0.37,0.4,6.64,149.72
121,1400,20141756,24137863187,786,7.15,4.11,759,6.9,2.92,931,8.46,5.42,0.84,0.81,0.35,0.4,6.49,152.48
122,771,10765510,12499163583,479,5.44,3.67,432,4.91,2.39,530,6.02,4.86,0.86,0.85,0.41,0.42,12.58,125.16
123,2402,7149169,8272394289,642,6.42,3.84,1228,12.28,44.64,741,7.41,4.93,0.8,0.78,0.35,0.36,8.46,157.47
124,961,18161191,21392840412,597,6.09,4.07,532,5.43,2.31,688,7.02,5.32,0.83,0.8,0.41,0.45,10.08,142.37
125,1069,9106,2793691,630,6.12,3.67,578,5.61,2.05,746,7.24,5.03,0.8,0.78,0.4,0.43,7.0,145.1
126,1062,14319635,17133487948,653,6.47,4.51,608,6.02,3.09,750,7.43,5.75,0.81,0.79,0.43,0.46,10.39,130.05
127,1068,14842381,19414007066,595,6.01,4.31,593,5.99,4.27,698,7.05,5.75,0.85,0.83,0.39,0.42,13.21,131.47
128,1137,32984666,44776889494,550,5.73,3.66,706,7.35,8.41,643,6.7,5.02,0.88,0.87,0.43,0.46,23.65,126.71
129,1082,16560416,20036501649,614,6.02,3.99,578,5.67,2.99,740,7.25,5.54,0.83,0.82,0.41,0.44,12.39,132.52
130,902,11786977,13825550688,524,5.52,3.47,489,5.15,2.57,606,6.38,4.72,0.78,0.77,0.44,0.46,12.98,132.59
131,924,7626798,9361637602,518,5.69,4.0,464,5.1,2.4,604,6.64,5.4,0.86,0.85,0.41,0.4,17.88,132.51
132,940,5602983,6646673627,527,5.67,4.2,452,4.86,2.75,599,6.44,5.43,0.84,0.81,0.43,0.46,15.7,123.8
133,994,15667168,18857811764,585,5.42,3.39,511,4.73,2.36,664,6.15,4.34,0.82,0.81,0.41,0.42,19.07,128.83
134,933,16043398,19302026897,564,5.76,3.99,500,5.1,2.5,652,6.65,5.47,0.84,0.82,0.42,0.43,21.67,116.33
135,1128,12294153,14442924544,639,6.33,3.76,580,5.74,2.74,751,7.44,5.55,0.81,0.78,0.4,0.4,17.42,122.89
136,1102,24942991,28972739088,616,5.76,4.33,565,5.28,2.69,741,6.93,5.99,0.79,0.76,0.43,0.44,17.3,123.75
137,1070,8731825,10470546912,589,5.72,3.68,535,5.19,2.43,708,6.87,4.99,0.81,0.81,0.42,0.45,14.89,111.72
138,1224,731926,909252894,713,6.25,4.37,646,5.67,3.0,850,7.46,5.95,0.81,0.79,0.42,0.45,11.39,120.12
139,1251,24630203,30654034876,707,6.09,4.18,642,5.53,2.65,829,7.15,5.71,0.79,0.75,0.41,0.44,18.61,125.59
140,1260,5257838,7225554257,700,6.36,4.41,631,5.74,2.87,848,7.71,6.45,0.82,0.8,0.41,0.43,15.46,117.43
141,1203,3183697,3982978125,681,6.42,4.39,625,5.9,2.63,793,7.48,5.77,0.82,0.8,0.4,0.43,10.26,124.49
142,1264,2705803,3511593440,723,6.89,4.3,631,6.01,2.84,815,7.76,5.53,0.78,0.76,0.39,0.42,9.75,120.87
143,1247,18493,7129070,674,6.07,4.19,639,5.76,2.62,799,7.2,6.09,0.82,0.8,0.43,0.48,11.52,126.84
144,1361,3645265,4680377369,771,6.95,4.54,780,7.03,4.92,928,8.36,6.29,0.83,0.81,0.41,0.43,11.25,117.79
145,1195,2488142,2807162878,629,6.35,4.21,554,5.6,2.48,750,7.58,5.79,0.77,0.75,0.41,0.44,9.81,119.38
146,1243,1348767,1898802172,699,6.53,4.92,606,5.66,2.76,829,7.75,7.44,0.8,0.79,0.43,0.46,11.15,132.96
147,1158,2956399,3421409902,646,5.93,4.49,559,5.13,2.26,767,7.04,5.93,0.79,0.78,0.41,0.43,12.6,125.46
148,1326,2335349,3455298664,715,6.68,4.11,635,5.93,3.04,881,8.23,6.41,0.79,0.78,0.43,0.46,9.83,112.51
149,1159,4356442,5786106192,671,6.51,4.41,589,5.72,2.59,775,7.52,6.33,0.79,0.78,0.41,0.42,10.48,119.76
150,1110,3410282,4365958221,643,6.37,4.54,541,5.36,2.61,733,7.26,6.27,0.79,0.77,0.43,0.45,14.23,113.59
151,1250,26682,6155258,692,6.41,4.41,640,5.93,2.94,834,7.72,5.97,0.78,0.76,0.41,0.44,12.4,119.59
152,1206,1326795,1545225919,630,6.06,4.32,573,5.51,2.97,757,7.28,6.0,0.79,0.78,0.45,0.47,13.29,116.05
153,1249,8183171,10392015373,722,6.81,4.64,653,6.16,3.74,849,8.01,6.0,0.81,0.8,0.4,0.43,12.76,120.63
154,1190,5967840,7479638705,665,6.79,4.13,610,6.22,3.01,791,8.07,5.65,0.84,0.83,0.39,0.41,16.89,115.64
155,1225,3504531,3604450079,677,6.51,4.15,618,5.94,2.91,778,7.48,5.62,0.82,0.8,0.46,0.48,16.48,121.43
156,1184,3350131,4792063729,603,5.97,3.85,556,5.5,2.88,723,7.16,5.81,0.84,0.82,0.46,0.5,13.48,118.82
157,1214,1348714,1775755531,687,6.48,4.0,649,6.12,2.87,817,7.71,5.62,0.82,0.81,0.43,0.46,12.9,118.76
158,1143,743192,904450181,653,6.34,4.52,567,5.5,2.62,757,7.35,5.77,0.82,0.81,0.43,0.44,13.15,124.34
159,1150,5244166,5922443494,663,6.31,4.03,628,5.98,3.28,780,7.43,5.43,0.85,0.84,0.42,0.44,20.27,115.86
160,1087,528866,649548427,613,5.89,4.73,552,5.31,2.51,729,7.01,6.16,0.82,0.8,0.43,0.44,18.94,113.5
161,1044,7763809,11191997694,610,6.04,3.83,562,5.56,2.89,707,7.0,4.97,0.81,0.79,0.39,0.42,13.5,119.77
162,1109,5804268,6742652853,635,5.93,3.91,559,5.22,2.42,755,7.06,5.52,0.8,0.78,0.41,0.44,10.61,119.91
163,1435,7224752,7894372305,782,6.16,4.47,718,5.65,3.08,971,7.65,6.54,0.76,0.74,0.43,0.46,12.67,118.21
164,1322,2713829,3845983302,748,6.62,4.4,737,6.52,3.42,904,8.0,6.07,0.82,0.79,0.38,0.42,12.54,123.06
165,1241,645399,812031225,659,6.94,5.07,631,6.64,4.2,774,8.15,6.71,0.84,0.83,0.41,0.43,16.0,110.44
166,1173,506942,659143871,682,6.2,4.13,621,5.65,2.71,778,7.07,5.69,0.83,0.83,0.43,0.45,13.1,118.18
167,1310,44471,41045179,690,6.51,5.0,625,5.9,3.45,797,7.52,7.12,0.84,0.82,0.41,0.44,11.03,124.86
168,1154,1475953,2068616441,652,6.04,4.74,590,5.46,2.86,754,6.98,6.51,0.79,0.76,0.4,0.44,9.24,118.87
169,1085,2602994,3607988851,608,5.9,4.31,533,5.17,2.48,704,6.83,5.89,0.75,0.74,0.4,0.4,10.76,119.02
170,938,1053492,1319003547,520,5.2,3.99,461,4.61,2.68,590,5.9,5.22,0.8,0.78,0.47,0.49,12.42,107.61
171,995,2646281,3717555969,611,5.36,4.28,542,4.75,2.49,725,6.36,5.85,0.78,0.77,0.45,0.47,9.84,116.82
172,1440,19350655,25797977432,554,5.71,4.89,958,9.88,31.14,636,6.56,6.28,0.78,0.76,0.43,0.46,12.73,119.18
173,1718,39766305,53743926584,496,5.39,3.77,1232,13.39,39.68,601,6.53,5.26,0.8,0.78,0.47,0.49,14.36,109.29
174,915,1470166,2056272865,547,5.7,4.05,508,5.29,3.94,634,6.6,5.0,0.87,0.86,0.45,0.46,8.85,114.04
175,823,2721636,3234642323,516,5.06,3.67,423,4.15,2.11,599,5.87,4.72,0.78,0.77,0.5,0.54,14.1,112.44
176,857,1674563,2040305515,535,5.05,4.23,452,4.26,2.57,620,5.85,5.23,0.74,0.74,0.47,0.49,10.06,114.06
177,750,1953439,2630852579,448,4.57,3.62,390,3.98,2.19,520,5.31,4.93,0.8,0.78,0.46,0.49,16.34,107.55
178,846,390912,364620096,537,5.16,3.63,463,4.45,2.06,599,5.76,4.78,0.8,0.78,0.47,0.49,14.77,116.46
179,891,1378952,1880275963,529,5.24,3.77,472,4.67,2.87,615,6.09,4.82,0.81,0.8,0.43,0.48,15.08,112.6
180,898,1818607,2499765045,528,5.23,3.86,465,4.6,2.48,630,6.24,5.52,0.77,0.75,0.49,0.51,19.6,106.79
181,881,10856364,15213776830,522,5.61,4.17,469,5.04,3.03,609,6.55,5.55,0.75,0.74,0.48,0.51,13.14,116.25
182,1107,1875301,2592892106,643,5.59,4.02,571,4.97,2.52,770,6.7,5.6,0.73,0.72,0.48,0.51,17.72,123.56
183,985,867374,1099660735,580,5.37,4.02,496,4.59,2.68,693,6.42,5.57,0.71,0.7,0.44,0.45,13.51,115.79
184,989,9955187,13058830717,596,5.42,4.13,515,4.68,2.13,687,6.25,5.3,0.75,0.73,0.42,0.45,16.06,113.09
185,1001,602898,678108093,616,4.89,3.34,553,4.39,2.23,716,5.68,4.56,0.75,0.75,0.45,0.48,13.87,118.0
186,1064,3095351,4129450623,606,5.66,4.2,521,4.87,2.17,727,6.79,5.71,0.79,0.78,0.43,0.46,18.09,123.59
187,1091,41950909,56482145101,621,5.65,3.96,539,4.9,2.28,734,6.67,5.77,0.79,0.78,0.45,0.47,11.11,116.32
188,1070,14138364,19320866571,634,5.76,3.78,554,5.04,2.53,717,6.52,4.89,0.78,0.78,0.43,0.44,12.85,122.63
189,1069,601406,770788880,604,5.64,4.23,528,4.93,2.41,693,6.48,5.85,0.79,0.77,0.43,0.44,11.26,123.53
190,1023,90058,111872146,596,5.79,3.63,537,5.21,2.67,701,6.81,4.99,0.8,0.78,0.4,0.43,10.14,122.95
191,1098,1547952,2188493546,600,5.88,3.76,542,5.31,2.15,710,6.96,5.36,0.82,0.81,0.41,0.45,7.15,127.03
192,1177,332519,439271427,597,6.03,3.78,617,6.23,6.88,697,7.04,5.61,0.79,0.75,0.42,0.46,10.77,119.73
193,1151,2699785,3828961064,644,6.13,4.02,603,5.74,2.86,761,7.25,6.09,0.85,0.84,0.44,0.45,10.96,120.67
194,1014,168539,221289558,545,5.19,3.75,514,4.9,4.03,650,6.19,5.51,0.81,0.79,0.45,0.49,12.09,128.09
195,884,1392296,1972685691,530,5.15,3.78,465,4.51,2.32,618,6.0,5.22,0.76,0.75,0.44,0.46,7.49,123.69
196,858,460420,557246410,540,5.05,3.53,479,4.48,2.23,628,5.87,4.61,0.76,0.75,0.48,0.51,13.2,115.45
197,886,523033,599229596,541,5.88,4.11,479,5.21,3.27,620,6.74,5.52,0.81,0.8,0.46,0.48,11.94,111.26
198,848,1503611,2123409320,495,5.05,3.36,406,4.14,1.92,585,5.97,4.94,0.78,0.77,0.47,0.51,13.18,112.12
199,864,14606305,20044281611,498,5.24,3.95,460,4.84,2.34,588,6.19,5.03,0.8,0.79,0.44,0.47,10.75,116.71
200,795,3144821,4388645795,494,4.8,3.38,471,4.57,2.39,562,5.46,4.56,0.83,0.81,0.44,0.46,15.75,117.88
201,869,1483650,1896635727,527,5.22,3.45,490,4.85,2.53,595,5.89,4.52,0.87,0.85,0.41,0.46,21.12,119.1
202,924,1522347,2139076948,546,5.69,4.23,496,5.17,2.8,640,6.67,5.65,0.8,0.77,0.45,0.48,11.81,117.6
203,863,2054943,2575057863,518,5.23,3.63,473,4.78,2.71,592,5.98,4.65,0.82,0.81,0.53,0.57,14.88,120.88
204,963,544467,663712144,550,5.73,4.1,500,5.21,3.13,646,6.73,5.85,0.84,0.82,0.45,0.48,16.47,116.97
205,915,1408356,1920586191,500,5.26,3.07,487,5.13,2.12,601,6.33,3.91,0.82,0.79,0.43,0.48,11.71,155.52
206,954,339931,440552566,487,5.02,2.68,488,5.03,1.51,633,6.53,3.64,0.85,0.82,0.36,0.39,9.19,172.1
207,983,1485385,2077751939,514,5.35,3.15,515,5.36,2.09,646,6.73,3.81,0.87,0.84,0.39,0.43,8.62,171.88
208,998,395879,443659502,539,5.67,3.02,547,5.76,1.83,665,7.0,3.63,0.85,0.83,0.37,0.41,6.55,158.69
209,1240,1665872,2305433017,546,5.41,3.31,696,6.89,5.22,713,7.06,4.41,0.85,0.81,0.39,0.44,8.16,162.54
210,1334,327458,444133897,618,5.72,3.16,771,7.14,5.1,788,7.3,3.47,0.87,0.85,0.36,0.42,3.56,165.9
211,1284,460029,573287836,584,5.9,3.61,651,6.58,3.55,762,7.7,4.57,0.87,0.85,0.37,0.41,7.01,170.3
212,1270,2638188,3720677213,609,5.97,3.0,646,6.33,2.06,804,7.88,4.11,0.83,0.81,0.36,0.4,3.9,173.83
213,1108,2119234,2953306114,493,6.01,3.61,524,6.39,2.75,649,7.91,4.5,0.9,0.89,0.32,0.34,6.87,179.32
214,1184,374289,441659995,561,6.1,3.22,565,6.14,2.29,722,7.85,4.35,0.84,0.82,0.35,0.39,8.01,171.74
215,1180,87514,110839078,547,5.58,3.4,569,5.81,2.18,717,7.32,4.42,0.83,0.79,0.37,0.44,3.86,177.12
216,1158,2631395,3732486126,523,5.56,3.72,579,6.16,2.28,692,7.36,4.83,0.89,0.87,0.33,0.37,4.23,180.84
217,1164,1650117,2299863670,566,6.09,4.31,593,6.38,2.38,735,7.9,5.25,0.88,0.85,0.35,0.39,5.71,170.22
218,1057,89861,113140233,543,6.03,3.69,562,6.24,2.79,701,7.79,4.76,0.82,0.79,0.37,0.41,5.91,166.71
219,881,245571,330042493,478,5.2,3.17,469,5.1,1.87,604,6.57,4.32,0.81,0.78,0.38,0.43,6.19,161.11
220,1179,288806,331432272,517,5.39,3.02,798,8.31,11.45,637,6.64,3.52,0.83,0.77,0.38,0.41,7.49,155.63
221,1040,195107,240547523,469,5.1,3.33,672,7.3,11.01,582,6.33,3.69,0.84,0.81,0.38,0.43,7.83,155.36
222,1065,362551,479103096,569,5.63,3.64,574,5.68,2.75,719,7.12,4.51,0.83,0.81,0.4,0.43,7.75,158.79
223,926,11797871,15478595634,509,5.19,2.92,558,5.69,2.84,629,6.42,3.62,0.84,0.8,0.37,0.43,9.02,169.13
224,803,19697,8462625,455,4.79,2.41,489,5.15,1.96,570,6.0,2.91,0.85,0.82,0.38,0.43,10.15,167.16
225,747,1385026,1930548459,414,4.99,2.93,432,5.2,2.12,506,6.1,3.62,0.85,0.83,0.43,0.48,9.95,154.66
226,863,831304,1199621557,492,4.78,2.63,526,5.11,2.23,609,5.91,3.22,0.85,0.82,0.4,0.44,7.89,162.23
227,824,1206583,282769736,492,5.12,2.84,491,5.11,2.05,601,6.26,3.36,0.82,0.79,0.4,0.43,13.15,160.63
228,867,1399408,1938625440,473,5.31,3.14,473,5.31,2.15,591,6.64,4.24,0.84,0.8,0.39,0.45,16.16,163.35
229,980,368710,468359673,514,5.47,3.15,530,5.64,2.18,647,6.88,3.79,0.85,0.82,0.41,0.44,9.7,167.58
230,1048,573460,766482500,562,5.79,3.28,601,6.2,2.66,698,7.2,4.22,0.87,0.85,0.39,0.43,7.22,163.6
231,1097,1554737,2195162046,578,5.3,2.92,601,5.51,2.11,730,6.7,4.12,0.83,0.8,0.35,0.4,8.85,173.09
232,949,354756,447163430,492,5.23,3.16,512,5.45,2.15,620,6.6,4.12,0.88,0.87,0.33,0.35,6.96,174.0
233,967,1403336,1986212851,497,5.58,3.82,474,5.33,2.07,603,6.78,4.76,0.89,0.87,0.37,0.4,9.08,164.89
234,1068,1352678,1876221002,532,5.32,2.81,531,5.31,1.68,683,6.83,3.62,0.84,0.81,0.37,0.39,8.82,168.75
235,1050,202103,237324852,537,5.71,3.2,546,5.81,2.18,659,7.01,3.99,0.87,0.84,0.35,0.39,6.09,167.39
236,1055,261382,326588176,532,5.27,3.03,573,5.67,2.1,678,6.71,4.14,0.92,0.9,0.38,0.41,6.47,173.19
237,1053,254156,332565765,513,5.64,3.63,561,6.16,2.94,657,7.22,4.62,0.87,0.84,0.33,0.35,5.74,170.42
238,1091,95268,111827829,536,5.64,3.44,572,6.02,3.02,677,7.13,4.2,0.86,0.82,0.34,0.38,5.39,172.09
239,1003,1473354,2081640052,474,5.27,3.15,537,5.97,2.86,610,6.78,3.89,0.85,0.8,0.35,0.37,6.43,173.72
240,997,2632636,3712171160,502,5.64,3.61,502,5.64,2.24,632,7.1,4.37,0.83,0.8,0.39,0.42,7.1,164.01
241,931,2655454,3808790400,460,5.54,3.11,459,5.53,1.86,589,7.1,4.2,0.88,0.85,0.36,0.38,4.09,165.03
242,848,1540773,2185984175,445,5.86,4.1,420,5.53,1.89,554,7.29,4.9,0.81,0.78,0.37,0.4,5.16,161.8
243,820,85442,111923208,442,5.2,2.91,433,5.09,1.82,541,6.36,3.36,0.85,0.82,0.37,0.4,5.0,164.45
244,764,2718097,3885879962,411,4.89,2.99,417,4.96,1.61,504,6.0,3.85,0.86,0.83,0.38,0.43,5.36,167.41
245,731,16977,11925374,406,4.67,2.76,401,4.61,1.78,503,5.78,3.28,0.82,0.79,0.38,0.41,6.76,160.83
246,852,1964006,1965890117,486,4.91,2.87,497,5.02,2.19,595,6.01,3.3,0.87,0.83,0.41,0.45,8.53,159.1
247,996,151163,169735733,532,5.17,3.05,529,5.14,2.02,662,6.43,3.56,0.84,0.81,0.38,0.43,11.26,170.22
248,913,7997920,11203547694,468,4.63,3.08,531,5.26,5.18,562,5.56,3.87,0.81,0.77,0.42,0.46,13.42,157.62
249,1126,12841411,18131562500,558,5.07,3.07,688,6.25,7.2,643,5.85,3.79,0.87,0.86,0.47,0.5,14.35,144.18
250,1351,14662639,19413425919,561,4.75,3.07,889,7.53,12.21,686,5.81,3.61,0.88,0.84,0.5,0.52,15.16,148.36
251,1181,10062496,13738651465,530,4.91,3.1,763,7.06,9.94,660,6.11,3.71,0.86,0.84,0.42,0.46,14.93,161.44
252,1015,277663,348075398,485,5.16,3.17,521,5.54,3.53,606,6.45,4.47,0.85,0.82,0.38,0.41,12.29,161.79
253,1080,21026,11171347,552,5.58,3.79,498,5.03,2.0,643,6.49,4.82,0.8,0.77,0.42,0.45,9.31,157.18
254,1179,380546,445396726,579,5.79,3.64,562,5.62,2.44,695,6.95,4.73,0.82,0.78,0.38,0.4,8.26,158.07
255,1056,1334915,1861143847,485,5.27,3.59,565,6.14,5.92,585,6.36,5.13,0.85,0.82,0.39,0.44,13.01,154.39
256,988,12537,3961238,499,4.99,3.37,488,4.88,3.27,595,5.95,4.69,0.84,0.82,0.42,0.47,9.13,161.38
257,923,693406,889634287,510,5.05,3.55,461,4.56,2.0,610,6.04,4.78,0.82,0.78,0.36,0.39,5.86,158.7
258,1123,122704,120252665,553,5.64,3.4,545,5.56,4.73,659,6.72,4.87,0.83,0.8,0.38,0.43,8.57,151.5
259,1074,1372567,1891382309,524,5.63,3.82,543,5.84,3.86,640,6.88,5.11,0.84,0.8,0.34,0.36,8.21,160.15
260,1220,4577123,4609242369,625,6.13,3.71,606,5.94,2.54,748,7.33,5.06,0.86,0.83,0.37,0.41,12.12,153.18
261,1183,1406418,1989947795,618,6.12,3.36,579,5.73,2.36,723,7.16,4.81,0.86,0.84,0.37,0.4,8.41,159.06
262,1154,1736618,2412803725,623,5.93,3.33,608,5.79,2.76,719,6.85,4.21,0.88,0.85,0.34,0.37,6.34,163.53
263,1084,5688758,6876299160,587,6.31,3.41,575,6.18,3.1,676,7.27,4.12,0.85,0.82,0.37,0.41,8.21,162.79
264,1174,4971655,5549672687,626,6.02,3.49,589,5.66,2.74,721,6.93,4.52,0.86,0.83,0.37,0.4,6.06,163.91
265,1739,35572,23470496,647,6.34,4.09,1116,10.94,50.17,756,7.41,5.38,0.88,0.85,0.37,0.41,6.92,163.64
266,1175,7168470,8346717545,598,5.92,3.79,587,5.81,2.76,717,7.1,4.82,0.89,0.87,0.38,0.42,7.26,156.16
267,1048,16247324,19689056809,536,5.83,3.82,499,5.42,2.9,632,6.87,4.94,0.82,0.79,0.37,0.41,10.94,156.77
268,927,20761,18836252,523,6.15,3.48,484,5.69,2.43,599,7.05,4.38,0.83,0.81,0.39,0.42,6.83,153.68
269,970,276345,365621411,589,5.72,3.19,541,5.25,1.98,669,6.5,4.18,0.84,0.81,0.43,0.5,9.01,160.84
270,973,1301217,1560099698,569,5.87,3.65,520,5.36,2.17,649,6.69,4.64,0.88,0.86,0.4,0.42,7.9,156.14
271,929,22534,12757846,533,5.73,3.37,507,5.45,2.78,604,6.49,4.03,0.84,0.82,0.41,0.46,14.06,160.29
272,867,28434,21038771,520,5.31,3.37,471,4.81,2.31,594,6.06,4.22,0.83,0.81,0.46,0.48,13.07,146.77
273,1042,8679879,10343376199,634,5.87,3.63,563,5.21,1.99,737,6.82,5.03,0.84,0.82,0.43,0.46,16.22,148.62
274,899,1414457,1991483575,559,5.95,3.05,529,5.63,2.98,631,6.71,3.77,0.81,0.8,0.45,0.48,14.96,152.55
275,1111,335547,387850244,639,6.03,3.47,620,5.85,3.0,754,7.11,4.77,0.84,0.82,0.42,0.46,13.87,160.24
276,1136,1335062,1890156664,679,6.29,3.36,650,6.02,2.38,793,7.34,4.52,0.85,0.81,0.37,0.42,12.16,160.97
277,1093,2646706,3746131149,617,6.05,3.31,586,5.75,2.06,709,6.95,4.08,0.89,0.87,0.36,0.41,10.02,164.84
278,1038,2669148,3735376455,620,6.33,3.25,593,6.05,2.55,693,7.07,4.04,0.85,0.82,0.38,0.42,11.73,161.66
279,1143,108352,60497169,680,6.48,3.87,623,5.93,2.83,765,7.29,4.8,0.83,0.79,0.35,0.39,10.05,161.23
280,1026,2159876,2848696715,596,6.34,3.39,523,5.56,2.17,657,6.99,4.02,0.86,0.84,0.4,0.43,10.65,162.95
281,902,1251292,1791388517,524,5.95,3.05,498,5.66,2.24,593,6.74,3.95,0.83,0.8,0.33,0.36,7.29,167.1
282,1120,1834238,2455603695,652,6.04,3.28,611,5.66,2.31,735,6.81,4.18,0.84,0.82,0.38,0.41,8.77,162.78
283,1142,378207,486249137,661,6.06,3.41,616,5.65,2.42,744,6.83,4.32,0.85,0.83,0.38,0.42,6.72,162.72
284,1167,1230133,1756760513,674,6.36,3.2,632,5.96,2.27,764,7.21,4.24,0.86,0.84,0.36,0.4,7.4,172.76
285,992,1560521,2191774276,552,5.87,3.86,519,5.52,2.34,626,6.66,4.75,0.86,0.84,0.38,0.43,7.74,165.61
286,1093,370994,445399175,594,6.25,3.76,536,5.64,2.48,663,6.98,4.73,0.84,0.83,0.38,0.42,5.34,167.46
287,977,1292318,1857235428,520,5.53,3.35,481,5.12,2.07,595,6.33,4.27,0.84,0.82,0.36,0.38,4.62,167.32
288,1108,14277,6018636,603,6.15,3.63,551,5.62,2.31,689,7.03,4.79,0.82,0.78,0.36,0.41,4.97,169.9
289,1061,168415,221271339,587,5.93,3.43,551,5.57,2.5,666,6.73,4.3,0.87,0.83,0.36,0.39,5.5,167.6
290,980,1366790,1937081908,531,6.1,3.7,482,5.54,2.74,601,6.91,4.86,0.84,0.79,0.35,0.39,4.82,169.39
291,936,1210294,1747600644,538,5.78,3.33,468,5.03,1.98,609,6.55,4.58,0.82,0.79,0.37,0.4,6.0,164.8
292,1110,4440165,5364863169,633,6.27,3.36,564,5.58,2.03,716,7.09,4.68,0.84,0.82,0.39,0.43,6.55,162.43
293,1052,3903375,4657276937,583,5.77,3.56,546,5.41,2.21,657,6.5,4.57,0.87,0.85,0.42,0.46,7.92,165.49
294,1059,5710544,7133222913,613,6.01,3.53,566,5.55,2.4,703,6.89,4.83,0.85,0.83,0.37,0.41,8.54,160.24
295,971,340850,443644109,528,5.93,3.2,515,5.79,3.52,603,6.78,4.36,0.85,0.83,0.38,0.43,9.69,159.64
296,991,4234671,5098805379,545,5.74,3.47,502,5.28,2.48,606,6.38,4.2,0.87,0.84,0.41,0.46,9.28,160.34
297,920,1599663,2200322970,550,5.45,2.96,504,4.99,1.93,614,6.08,3.63,0.89,0.87,0.39,0.41,13.1,158.85
298,964,1141205,1276409842,572,5.5,3.4,529,5.09,2.28,637,6.12,4.19,0.88,0.86,0.41,0.44,10.06,156.38
299,941,3171845,3243738877,535,5.52,3.02,504,5.2,2.71,606,6.25,3.87,0.86,0.84,0.41,0.46,8.17,158.57
300,872,4029527,5783088355,508,5.58,3.74,439,4.82,2.23,577,6.34,5.08,0.87,0.85,0.4,0.41,10.79,153.47
301,922,2609713,3728350831,531,5.84,3.34,467,5.13,2.18,616,6.77,4.42,0.86,0.85,0.41,0.46,11.59,155.06
302,906,124750,139684000,514,5.47,3.06,444,4.72,1.82,577,6.14,3.82,0.86,0.85,0.4,0.43,15.53,158.66
303,1133,5044204,5285229661,594,5.4,3.44,646,5.87,4.2,654,5.95,4.08,0.83,0.8,0.42,0.48,14.13,148.02
304,883,23320,6543044,511,5.38,3.27,465,4.89,2.5,577,6.07,4.29,0.85,0.83,0.45,0.48,15.6,130.96
305,890,358774,444607695,509,5.04,3.46,463,4.58,2.28,601,5.95,4.61,0.81,0.79,0.47,0.49,15.44,128.13
306,996,289274,352468282,586,5.48,3.29,554,5.18,3.15,680,6.36,4.65,0.83,0.82,0.46,0.48,15.84,124.83
307,1041,2258971,2062622754,603,5.64,4.02,578,5.4,3.06,704,6.58,5.56,0.81,0.79,0.44,0.48,14.92,129.07
308,1106,1939488,2642147227,647,5.83,4.04,611,5.5,3.2,758,6.83,5.32,0.81,0.8,0.44,0.46,12.73,126.87
309,1203,4707505,4948466834,652,6.09,3.84,622,5.81,2.88,781,7.3,5.1,0.84,0.82,0.41,0.45,14.47,133.59
310,1077,4068302,4741368358,648,5.84,3.64,621,5.59,2.25,769,6.93,4.89,0.84,0.82,0.43,0.45,10.81,138.81
311,1042,6036055,6339128743,631,6.13,3.75,610,5.92,2.94,751,7.29,5.15,0.83,0.81,0.47,0.52,13.46,135.06
312,948,3587730,3781144142,567,5.56,3.94,504,4.94,2.55,666,6.53,5.39,0.81,0.8,0.46,0.5,12.05,124.54
313,919,435511,552652230,553,5.42,3.59,496,4.86,2.42,642,6.29,4.78,0.86,0.85,0.44,0.45,11.5,127.22
314,1056,3991003,4336141581,635,5.57,3.66,621,5.45,2.95,753,6.61,4.83,0.8,0.79,0.47,0.5,9.55,118.0
315,1018,1575635,2187955630,613,5.38,3.8,575,5.04,2.76,731,6.41,5.01,0.78,0.77,0.48,0.49,12.38,124.21
316,943,1651351,2301016132,535,5.57,4.14,541,5.64,3.39,637,6.64,5.47,0.84,0.83,0.43,0.46,11.45,116.14
317,876,3473031,3494649735,513,5.18,3.93,481,4.86,2.65,603,6.09,5.07,0.8,0.78,0.47,0.5,16.32,120.37
318,982,199380,233854106,543,5.54,4.53,544,5.55,3.68,648,6.61,6.38,0.8,0.78,0.48,0.5,12.38,115.41
319,927,264839,338129370,567,5.35,3.55,559,5.27,3.31,665,6.27,4.47,0.85,0.83,0.49,0.5,15.51,120.01
320,900,486293,570931669,536,5.01,3.54,502,4.69,2.71,618,5.78,4.85,0.77,0.75,0.47,0.51,16.26,124.25
321,864,1058016,1235741216,529,5.09,3.57,471,4.53,2.29,618,5.94,4.97,0.79,0.77,0.46,0.48,12.63,135.27
322,872,30786,20101361,540,5.45,3.89,476,4.81,2.57,615,6.21,4.79,0.81,0.79,0.46,0.49,15.98,131.29
323,950,531577,590453699,620,6.08,3.66,553,5.42,2.45,705,6.91,4.44,0.83,0.81,0.45,0.48,9.65,130.2
324,755,638219,361366634,489,5.26,3.44,452,4.86,2.58,570,6.13,4.37,0.85,0.83,0.46,0.49,20.36,126.58
325,818,691960,935421048,478,4.73,3.3,453,4.49,2.5,576,5.7,4.62,0.83,0.83,0.43,0.45,15.73,124.76
326,844,94390,113081967,493,5.08,3.36,473,4.88,2.51,584,6.02,4.63,0.84,0.82,0.42,0.43,12.6,130.66
327,823,22902,3984088,523,5.39,3.51,469,4.84,2.11,587,6.05,4.44,0.84,0.83,0.45,0.48,16.33,127.68
328,951,167437,198401915,595,5.56,3.93,555,5.19,2.83,699,6.53,5.09,0.78,0.76,0.46,0.48,14.97,122.95
329,875,335633,449618492,556,5.2,4.17,489,4.57,2.34,640,5.98,5.3,0.78,0.77,0.47,0.48,15.08,136.98
330,871,1060254,1117515172,516,5.01,3.54,462,4.49,2.07,614,5.96,4.84,0.79,0.77,0.5,0.52,16.83,130.22
331,951,302204,240337816,551,5.46,3.89,509,5.04,3.46,634,6.28,5.01,0.82,0.8,0.42,0.44,14.16,122.68
332,840,256984,341268214,482,5.3,4.21,451,4.96,3.01,553,6.08,5.22,0.8,0.79,0.43,0.45,14.57,121.41
333,991,192958,230841046,578,5.72,4.46,504,4.99,2.28,678,6.71,5.96,0.79,0.77,0.46,0.48,14.09,136.83
334,950,197911,224669701,565,5.71,3.55,533,5.38,3.15,642,6.48,4.79,0.81,0.79,0.46,0.48,14.75,131.73
335,938,190666,227399922,587,5.7,3.75,537,5.21,2.6,660,6.41,4.82,0.83,0.81,0.44,0.47,10.58,139.96
336,1197,99902,120474015,723,6.23,3.81,654,5.64,2.8,844,7.28,5.25,0.77,0.75,0.43,0.44,8.13,137.61
337,1125,90862,113307388,654,6.29,3.95,630,6.06,2.95,783,7.53,5.64,0.82,0.81,0.46,0.49,6.36,133.52
338,1000,167952,221728965,620,6.33,4.12,560,5.71,2.71,700,7.14,5.25,0.84,0.83,0.45,0.48,11.14,134.14
339,931,18846,8840120,544,5.73,3.89,480,5.05,2.11,630,6.63,5.48,0.83,0.81,0.44,0.47,9.09,130.24
340,800,14659,3517855,493,4.93,3.27,432,4.32,1.9,563,5.63,4.62,0.82,0.8,0.48,0.5,12.18,126.3
341,727,319989,291300376,452,4.91,3.26,414,4.5,2.4,520,5.65,4.47,0.8,0.78,0.48,0.51,11.57,118.95
342,738,188764,227454188,462,5.13,3.78,412,4.58,2.22,539,5.99,4.76,0.83,0.82,0.46,0.5,9.54,119.01
343,735,124530,142868188,444,4.77,2.92,416,4.47,3.16,520,5.59,4.0,0.81,0.79,0.46,0.46,11.45,119.15
344,677,186237,238094396,434,4.88,3.08,389,4.37,2.35,488,5.48,3.95,0.78,0.77,0.49,0.51,14.03,115.76
345,604,359554,53939806,395,4.25,2.66,344,3.7,2.06,449,4.83,3.39,0.78,0.78,0.55,0.55,12.02,117.93
346,640,244179,301881855,418,4.31,2.88,361,3.72,1.94,473,4.88,3.65,0.8,0.79,0.48,0.5,9.9,126.38
347,590,756457,772801136,384,4.13,2.82,338,3.63,1.77,427,4.59,3.53,0.8,0.79,0.49,0.51,19.22,121.95
348,651,498377,617122853,423,4.5,3.06,376,4.0,1.84,483,5.14,3.89,0.79,0.78,0.46,0.46,13.4,122.97
349,685,383607,269245278,421,4.39,3.5,375,3.91,1.82,478,4.98,4.47,0.81,0.79,0.48,0.52,15.06,118.36
350,859,530052,594878598,539,5.56,3.26,503,5.19,2.3,618,6.37,4.08,0.83,0.81,0.41,0.44,11.45,135.91
351,910,334133,395457743,543,5.17,3.39,497,4.73,2.25,643,6.12,4.44,0.78,0.74,0.45,0.49,9.85,124.11
352,776,16216,6524683,489,4.94,3.37,443,4.47,2.23,550,5.56,4.29,0.78,0.75,0.46,0.49,11.13,123.79
353,870,2277824,2997779457,489,4.84,3.6,464,4.59,2.41,598,5.92,5.22,0.82,0.8,0.46,0.44,13.16,125.46
354,943,190543,224775379,545,4.78,3.72,514,4.51,2.93,636,5.58,4.92,0.75,0.72,0.46,0.49,15.13,119.55
355,916,196012,233325870,533,5.28,3.49,466,4.61,2.2,625,6.19,4.79,0.79,0.77,0.43,0.42,10.62,120.1
356,949,82505,70073067,538,5.12,3.7,469,4.47,2.72,626,5.96,5.14,0.74,0.72,0.47,0.48,10.88,125.43
357,943,286728,350702957,541,5.15,3.3,513,4.89,2.38,630,6.0,4.6,0.81,0.8,0.43,0.45,10.03,125.51
358,1023,252698,330696903,590,5.62,3.59,551,5.25,2.85,683,6.5,4.88,0.82,0.81,0.44,0.47,9.36,124.02
359,1053,389612,479271197,607,5.73,4.08,546,5.15,2.7,691,6.52,5.35,0.78,0.76,0.46,0.49,9.24,125.77
360,1024,179313,221884383,593,5.93,3.84,514,5.14,2.48,684,6.84,5.11,0.76,0.74,0.48,0.5,7.23,117.37
361,999,189526,227893998,582,5.39,3.68,529,4.9,2.22,700,6.48,5.79,0.8,0.79,0.44,0.46,10.83,117.62
362,856,14634,5216493,488,5.08,3.89,403,4.2,2.16,568,5.92,5.43,0.78,0.76,0.47,0.49,8.29,113.09
363,837,106287,139892378,469,4.94,3.43,421,4.43,2.38,549,5.78,4.63,0.8,0.77,0.49,0.52,8.62,121.96
364,727,253453,330105334,434,4.67,3.58,371,3.99,1.96,512,5.51,4.75,0.79,0.78,0.43,0.44,11.29,126.78
365,756,236721,316286542,460,4.47,3.47,400,3.88,1.93,538,5.22,4.54,0.75,0.73,0.48,0.5,13.74,117.89
366,723,41311,24405913,418,4.64,3.6,367,4.08,2.73,508,5.64,4.99,0.76,0.76,0.47,0.49,16.99,102.78
367,784,27964617,35360685527,458,4.4,3.15,412,3.96,2.45,551,5.3,4.01,0.73,0.72,0.45,0.44,12.54,109.41
368,709,38836609,49053307629,397,4.05,3.02,386,3.94,3.82,463,4.72,3.87,0.68,0.67,0.53,0.54,16.57,111.62
369,791,222936,248594630,437,4.28,3.23,418,4.1,2.66,520,5.1,4.44,0.76,0.76,0.5,0.49,15.59,112.9
370,898,3397444,4261124513,551,5.25,3.38,494,4.7,2.62,651,6.2,4.42,0.77,0.76,0.47,0.49,13.3,117.61
371,794,40836801,51756043083,494,4.75,2.99,471,4.53,2.28,586,5.63,4.08,0.83,0.82,0.42,0.45,14.64,131.15
372,912,50046513,63368504768,532,4.84,3.24,516,4.69,2.57,645,5.86,4.71,0.82,0.8,0.46,0.49,15.31,132.9
373,892,65442088,82704004602,514,4.72,3.46,476,4.37,2.5,621,5.7,5.14,0.8,0.78,0.46,0.49,17.0,125.8
374,921,75050198,94968748995,531,4.74,2.97,492,4.39,2.24,657,5.87,4.22,0.8,0.79,0.45,0.46,13.62,124.0
375,931,37814632,47744890737,529,5.34,3.83,492,4.97,2.84,640,6.46,5.36,0.81,0.78,0.47,0.51,14.66,126.79
376,969,94548072,119924642141,522,5.27,3.58,517,5.22,3.02,680,6.87,4.88,0.79,0.77,0.44,0.45,17.81,125.72
377,1043,33695179,42566494879,567,5.85,4.05,557,5.74,3.23,729,7.52,5.45,0.79,0.77,0.49,0.52,12.85,125.1
378,1051,44369894,56315982913,561,5.34,3.71,566,5.39,3.27,696,6.63,4.92,0.79,0.78,0.47,0.51,22.83,122.6
379,1179,32744,10922745,622,5.55,3.59,639,5.71,2.51,800,7.14,5.11,0.78,0.76,0.43,0.46,13.72,138.7
380,978,91747,80316932,547,5.16,3.31,520,4.91,2.57,687,6.48,4.74,0.78,0.76,0.49,0.52,16.21,126.68
381,1031,143075,145760072,582,5.49,3.87,551,5.2,2.45,719,6.78,5.44,0.82,0.8,0.43,0.45,13.65,131.56
382,1085,21741,4807359,615,6.28,3.7,603,6.15,3.59,727,7.42,5.33,0.81,0.79,0.42,0.45,14.27,127.17
383,1058,18279,4778548,589,5.56,3.74,586,5.53,2.85,735,6.93,5.55,0.81,0.79,0.43,0.46,12.78,131.85
384,869,28187,25494413,508,5.46,3.7,471,5.06,2.44,616,6.62,5.18,0.83,0.81,0.49,0.52,8.11,128.43
385,926,25298,17326595,501,4.86,3.4,487,4.73,2.25,612,5.94,4.54,0.82,0.81,0.51,0.54,12.14,125.95
386,795,18966,4463762,443,4.66,3.38,409,4.31,1.93,530,5.58,4.52,0.79,0.76,0.44,0.45,14.62,113.08
387,738,12037,2829215,442,4.65,3.13,410,4.32,2.08,528,5.56,4.22,0.77,0.75,0.5,0.54,11.86,128.27
388,721,25153,4988753,422,4.91,3.1,386,4.49,2.16,522,6.07,4.44,0.79,0.76,0.47,0.51,17.49,111.57
389,685,20398,8801353,419,4.36,3.12,376,3.92,1.87,489,5.09,3.69,0.77,0.75,0.47,0.5,10.89,117.68
390,672,765222,1117198314,436,4.54,3.48,389,4.05,2.01,526,5.48,4.39,0.78,0.76,0.48,0.51,10.3,122.5
391,673,9419,2323140,420,4.33,3.22,376,3.88,2.09,495,5.1,4.0,0.78,0.77,0.5,0.5,13.35,112.12
392,751,87755,91679520,434,4.34,2.98,438,4.38,2.65,532,5.32,3.75,0.79,0.78,0.47,0.52,12.09,118.32
393,709,344833,470268612,422,4.74,3.71,394,4.43,2.52,512,5.75,5.0,0.84,0.84,0.48,0.49,16.31,112.6
394,722,28528,9858453,433,4.37,3.52,410,4.14,2.53,519,5.24,4.51,0.81,0.8,0.49,0.51,16.2,117.17
395,769,18398,5483207,448,4.67,2.98,428,4.46,2.16,542,5.65,3.93,0.82,0.8,0.46,0.51,19.57,122.77
396,939,708449,753572372,489,5.04,3.63,458,4.72,2.17,604,6.23,5.35,0.82,0.81,0.47,0.5,9.0,144.97
397,828,773270,800617880,471,4.91,3.44,424,4.42,1.84,563,5.86,4.84,0.78,0.76,0.48,0.52,18.29,131.89
398,984,3762028,5289318921,528,5.44,4.14,494,5.09,2.61,659,6.79,5.41,0.83,0.8,0.41,0.43,13.1,137.13
399,1318,5234418,6817366620,754,6.61,4.23,735,6.45,2.89,917,8.04,5.59,0.85,0.83,0.39,0.42,11.49,139.03
400,1268,56004,43580907,717,6.23,3.43,711,6.18,2.99,868,7.55,4.86,0.82,0.79,0.43,0.46,13.34,138.27
401,1323,24454,8086760,677,5.99,4.07,715,6.33,3.75,861,7.62,5.57,0.8,0.78,0.45,0.5,10.44,132.55
402,1332,1037030,1097431672,747,6.79,4.24,705,6.41,2.39,902,8.2,5.75,0.82,0.8,0.42,0.47,10.79,149.19
403,1290,24188,8161354,747,7.62,3.81,738,7.53,2.87,919,9.38,5.17,0.83,0.81,0.4,0.42,8.65,143.15
404,1382,21897,3727696,795,7.5,4.53,800,7.55,4.06,944,8.91,6.33,0.87,0.87,0.41,0.44,11.31,140.52
405,1338,18351,5678339,750,7.14,4.22,732,6.97,3.82,904,8.61,5.85,0.83,0.82,0.41,0.45,8.24,141.17
406,1331,21093,7740929,710,7.4,4.43,692,7.21,3.01,867,9.03,6.13,0.86,0.85,0.43,0.47,9.09,142.42
407,1264,19091,6447905,705,6.91,4.32,678,6.65,2.64,855,8.38,6.26,0.83,0.81,0.39,0.43,8.79,154.16
408,1178,12375,2078480,671,6.99,4.27,641,6.68,2.84,853,8.89,6.57,0.88,0.86,0.4,0.42,7.21,149.42
409,1409,22356,9053890,789,7.11,3.96,779,7.02,3.03,959,8.64,5.6,0.85,0.84,0.4,0.44,5.84,146.8
410,1257,18789,9255977,716,6.82,4.38,707,6.73,3.16,879,8.37,6.28,0.8,0.79,0.43,0.45,6.58,137.53
411,935,14745,4594569,544,5.79,3.98,516,5.49,2.72,657,6.99,5.43,0.83,0.82,0.43,0.45,9.92,135.6
412,860,166918,218731992,503,5.53,3.52,461,5.07,2.56,611,6.71,5.42,0.8,0.8,0.45,0.48,9.98,133.23
413,830,4861155,6633416590,476,4.81,3.36,450,4.55,2.49,583,5.89,4.64,0.77,0.75,0.47,0.52,12.52,124.89
414,838,906970,945185117,497,5.18,4.03,445,4.64,2.37,601,6.26,5.44,0.8,0.79,0.46,0.47,14.57,122.02
415,830,1994316,2386369500,532,5.43,4.18,483,4.93,2.81,627,6.4,5.08,0.79,0.78,0.49,0.52,12.84,119.9
416,916,2977434,3571935106,512,4.79,3.41,495,4.63,4.28,622,5.81,4.89,0.82,0.79,0.47,0.5,11.49,120.52
417,879,4093863,5445027960,486,5.28,3.89,425,4.62,2.38,631,6.86,5.02,0.77,0.76,0.45,0.47,10.23,122.27
418,934,40255,26859054,573,5.62,3.65,536,5.25,2.27,682,6.69,4.87,0.82,0.79,0.44,0.47,12.19,126.64
419,932,996740,1057153413,533,4.89,3.93,507,4.65,2.77,637,5.84,5.4,0.8,0.79,0.48,0.51,9.44,117.32
420,957,5533783,6604806409,554,5.04,3.58,534,4.85,2.59,667,6.06,4.87,0.79,0.76,0.47,0.5,14.32,133.79
421,1048,1308532,1269530789,597,5.28,3.78,558,4.94,2.44,721,6.38,5.17,0.81,0.79,0.45,0.48,12.3,128.8
422,1107,25984,18325199,613,5.84,6.02,566,5.39,3.21,756,7.2,7.56,0.8,0.79,0.47,0.49,9.66,123.36
423,1209,1562119,2150079569,671,6.27,3.79,651,6.08,2.67,845,7.9,5.53,0.84,0.82,0.41,0.42,11.5,132.55
424,1173,1301997,1737002603,648,6.29,4.33,632,6.14,3.22,811,7.87,6.14,0.81,0.79,0.45,0.49,13.03,127.53
425,1114,30780,7039974,610,5.65,3.48,561,5.19,2.22,753,6.97,5.52,0.83,0.81,0.44,0.5,14.41,133.12
426,996,44563,28479203,588,5.35,3.62,556,5.05,2.49,711,6.46,5.12,0.8,0.78,0.43,0.46,11.02,123.58
427,1003,2232413,2867328473,560,5.96,3.62,570,6.06,3.48,661,7.03,4.65,0.84,0.84,0.48,0.5,11.5,123.76
428,1117,673373,56736505,611,6.23,4.05,566,5.78,2.94,733,7.48,5.55,0.8,0.79,0.42,0.44,11.58,127.33
429,1123,746840,678204616,590,5.73,4.15,553,5.37,3.13,708,6.87,5.82,0.8,0.79,0.47,0.49,14.37,120.66
430,1078,2871252,3309017839,609,6.09,4.07,540,5.4,2.34,719,7.19,5.78,0.8,0.78,0.44,0.45,10.27,123.16
431,1121,281214,17486467,648,6.06,3.63,610,5.7,2.69,782,7.31,5.08,0.82,0.8,0.46,0.49,7.42,122.15
432,1107,1544692,2076826495,620,5.64,3.26,578,5.25,2.42,736,6.69,4.63,0.83,0.8,0.45,0.49,10.76,127.26
433,1139,822644,1120391326,635,5.83,4.11,593,5.44,2.42,780,7.16,5.76,0.82,0.81,0.38,0.41,8.56,128.67
434,1120,2044998,2747541846,634,5.66,4.0,599,5.35,4.99,750,6.7,5.55,0.79,0.77,0.46,0.47,7.87,118.07
435,909,12270,2274074,523,5.03,3.59,476,4.58,2.26,620,5.96,5.13,0.77,0.76,0.48,0.51,5.98,119.91
436,869,13794,4178086,528,4.67,3.23,478,4.23,2.08,611,5.41,4.06,0.78,0.76,0.47,0.5,9.29,121.44
437,867,1971832,2870193799,526,4.78,3.24,489,4.45,2.21,616,5.6,4.26,0.78,0.77,0.44,0.48,11.85,121.99
438,829,235013,93106837,536,5.2,3.54,478,4.64,2.37,604,5.86,4.37,0.8,0.78,0.46,0.5,13.84,122.75
439,809,127075,107042133,489,5.09,3.66,430,4.48,2.37,582,6.06,4.78,0.74,0.71,0.49,0.54,15.34,119.73
440,798,193495,211351155,462,4.71,3.46,407,4.15,2.08,543,5.54,4.57,0.78,0.77,0.5,0.52,13.18,117.79
441,904,407781,27709468,554,5.28,3.77,496,4.72,2.41,648,6.17,5.13,0.8,0.79,0.48,0.5,11.06,119.98
442,854,964288,1277839325,518,5.45,3.71,471,4.96,2.44,596,6.27,4.85,0.81,0.8,0.43,0.44,15.6,122.37
443,952,114380,50717421,567,5.35,3.77,522,4.92,2.47,668,6.3,4.88,0.85,0.83,0.46,0.5,17.25,122.91
444,1004,1725568,2241584778,597,5.38,3.74,558,5.03,2.57,714,6.43,5.21,0.81,0.8,0.52,0.53,11.57,121.3
445,948,12884,2402331,575,5.48,3.62,509,4.85,2.01,676,6.44,5.03,0.81,0.8,0.45,0.47,10.57,121.3
446,1132,70100,59767417,590,5.0,3.26,634,5.37,4.19,743,6.3,5.0,0.8,0.79,0.47,0.46,11.73,124.61
447,1017,409027,483150579,562,5.25,3.23,549,5.13,2.87,689,6.44,4.69,0.84,0.82,0.47,0.49,11.16,113.71
448,912,24392,3912438,529,4.99,3.44,466,4.4,1.96,639,6.03,4.76,0.82,0.81,0.48,0.51,11.11,116.49
449,1100,16616,10568007,625,5.84,3.55,615,5.75,3.13,741,6.93,5.02,0.78,0.77,0.45,0.47,7.26,117.25
450,1060,573325,770023447,582,5.29,3.91,548,4.98,2.43,693,6.3,5.49,0.83,0.81,0.47,0.5,14.27,114.98
451,1005,1762013,2397628488,554,5.65,4.29,524,5.35,3.25,646,6.59,6.03,0.8,0.79,0.43,0.47,14.87,116.47
452,1030,451500,568798709,556,5.56,3.75,540,5.4,2.87,662,6.62,5.34,0.85,0.84,0.44,0.47,13.1,114.11
453,1085,16255,3428087,552,5.02,3.64,537,4.88,3.53,644,5.85,4.85,0.8,0.79,0.45,0.49,9.15,113.82
454,1063,546893,574855253,597,5.69,3.93,572,5.45,3.37,681,6.49,5.2,0.8,0.78,0.46,0.5,6.59,114.32
455,1108,32006,15714391,639,6.09,3.97,607,5.78,3.67,739,7.04,5.28,0.83,0.82,0.43,0.45,9.85,112.42
456,1079,629934,784169484,583,5.77,3.67,527,5.22,2.67,693,6.86,5.4,0.8,0.8,0.48,0.51,10.65,113.0
457,1062,99090,102182701,573,5.85,3.65,521,5.32,2.49,669,6.83,4.96,0.76,0.74,0.42,0.44,9.18,119.9
458,1058,29181,24680372,564,5.42,4.19,501,4.82,3.3,664,6.38,5.96,0.8,0.79,0.44,0.47,8.65,118.51
459,1028,1688546,2375205135,580,5.63,4.0,515,5.0,2.2,681,6.61,5.69,0.78,0.76,0.47,0.49,11.94,127.85
460,2012,23676,4838445,592,5.58,3.57,1450,13.68,46.23,695,6.56,4.9,0.78,0.75,0.47,0.49,6.36,120.87
461,1101,12596,2452671,474,5.39,3.85,612,6.95,20.62,564,6.41,5.61,0.78,0.76,0.44,0.46,10.64,119.93
462,922,738534,719761281,506,5.06,3.68,407,4.07,1.75,594,5.94,5.27,0.8,0.78,0.45,0.45,17.79,115.99
463,942,125156,90019654,482,4.97,3.71,430,4.43,1.99,575,5.93,5.06,0.77,0.76,0.5,0.52,15.08,122.07
464,993,48575,12379600,560,5.38,3.43,574,5.52,3.8,644,6.19,4.85,0.84,0.82,0.47,0.52,14.39,116.77
465,1011,991188,1290895970,581,5.53,3.98,534,5.09,2.75,687,6.54,5.51,0.81,0.79,0.45,0.47,12.99,118.07
466,1021,2701329,276735615,564,5.13,3.74,535,4.86,3.18,677,6.15,5.71,0.8,0.78,0.45,0.5,15.67,112.86
467,882,830491,303991973,495,4.9,3.54,452,4.48,2.64,566,5.6,4.88,0.81,0.79,0.46,0.49,13.32,126.3
468,965,1337095,1828781906,519,5.09,3.77,497,4.87,3.58,598,5.86,4.93,0.83,0.82,0.45,0.48,12.59,113.36
469,948,2265906,3075592540,533,5.23,3.59,491,4.81,2.59,622,6.1,4.99,0.84,0.83,0.46,0.5,14.38,112.49
470,1067,1300424,1743388540,611,5.66,3.5,598,5.54,2.99,741,6.86,4.61,0.81,0.81,0.45,0.47,15.37,119.66
471,1076,27388,7976875,615,5.75,3.91,546,5.1,2.66,740,6.92,5.47,0.78,0.77,0.45,0.48,11.65,110.54
472,919,1207475,1624712486,518,5.23,3.48,457,4.62,2.17,598,6.04,5.0,0.8,0.78,0.47,0.49,14.91,116.82
473,1068,94775,97313508,587,5.75,3.77,525,5.15,2.55,700,6.86,5.54,0.8,0.79,0.42,0.44,15.22,119.04
474,1102,2492050,3337624035,601,5.78,3.93,567,5.45,2.74,724,6.96,5.95,0.85,0.83,0.44,0.47,14.93,127.74
475,1229,1810761,2414177207,638,5.85,4.13,578,5.3,2.55,789,7.24,5.69,0.8,0.78,0.45,0.49,18.11,126.61
476,1229,67168,10100173,681,6.42,4.26,628,5.92,3.19,807,7.61,5.73,0.8,0.79,0.42,0.45,16.01,115.22
477,1218,4101822,5720999857,659,6.34,3.77,609,5.86,3.0,777,7.47,5.49,0.83,0.83,0.43,0.47,17.84,114.57
478,1144,11946,2921919,619,5.84,3.76,569,5.37,3.08,736,6.94,5.64,0.77,0.76,0.43,0.45,14.1,124.47
479,1039,12559,2424783,556,5.56,3.64,492,4.92,2.01,673,6.73,5.28,0.78,0.77,0.45,0.49,12.2,128.51
481,1303,1502486,2071019786,656,6.56,3.94,723,7.23,5.26,803,8.03,5.55,0.83,0.81,0.39,0.42,9.35,124.41
482,1292,905038,1180655397,666,6.8,4.16,622,6.35,3.11,793,8.09,5.9,0.83,0.82,0.41,0.43,11.21,134.63
483,1283,1246530,1694820257,728,6.62,3.59,687,6.25,2.55,859,7.81,5.17,0.82,0.8,0.39,0.42,7.59,120.94
484,1110,15675,3080207,612,5.72,3.83,546,5.1,2.37,725,6.78,5.6,0.78,0.77,0.46,0.49,10.83,119.25
485,1104,14972,4087239,620,6.14,4.25,549,5.44,2.28,747,7.4,6.28,0.8,0.77,0.4,0.44,8.37,133.44
486,926,1113430,1447999590,517,5.44,3.71,446,4.69,2.22,608,6.4,5.57,0.79,0.78,0.46,0.48,13.0,123.68
487,989,183832,119590695,554,5.49,3.84,454,4.5,2.04,654,6.48,5.55,0.8,0.77,0.45,0.47,14.83,120.09
488,1034,2225802,2994735600,580,5.98,4.07,526,5.42,2.7,685,7.06,5.47,0.84,0.83,0.43,0.47,7.04,124.33
489,1118,440263,484737765,613,5.62,3.71,615,5.64,3.07,748,6.86,5.72,0.83,0.81,0.48,0.52,11.91,124.45
490,1209,1049931,1395701706,606,5.46,3.67,718,6.47,6.0,737,6.64,5.17,0.82,0.82,0.49,0.53,9.67,120.69
491,1358,1134953,1475325298,708,6.0,4.07,808,6.85,5.73,831,7.04,5.69,0.83,0.81,0.45,0.47,15.79,116.57
492,922,1040309,1413413976,526,5.66,4.14,473,5.09,2.29,629,6.76,5.78,0.83,0.81,0.45,0.48,18.34,112.97
493,1203,286098,337039031,592,5.98,3.98,549,5.55,2.52,707,7.14,5.72,0.87,0.85,0.41,0.44,13.72,124.7
494,1086,1402430,1844565586,647,6.05,3.9,595,5.56,2.89,762,7.12,5.29,0.81,0.79,0.47,0.51,11.5,129.52
495,1165,146070,139008461,673,5.85,3.56,690,6.0,5.09,803,6.98,4.55,0.8,0.78,0.43,0.48,9.69,124.02
496,1319,35475,16025481,655,5.46,3.24,857,7.14,6.14,778,6.48,4.54,0.83,0.81,0.48,0.52,18.74,119.53
497,1129,23574,8464228,648,6.0,3.83,618,5.72,3.13,776,7.19,5.52,0.82,0.79,0.44,0.47,13.03,130.72
498,1140,16138,2789424,672,5.89,3.59,656,5.75,2.94,794,6.96,5.01,0.8,0.79,0.42,0.46,13.24,130.65
499,1003,2762983,3814170351,571,5.6,3.73,550,5.39,3.87,673,6.6,4.94,0.8,0.79,0.48,0.52,10.6,120.26
500,1115,4375457,5920917111,649,5.74,3.26,591,5.23,2.79,787,6.96,4.43,0.76,0.76,0.45,0.48,12.8,116.42
501,1229,19549,3866371,656,5.75,3.82,641,5.62,3.32,830,7.28,5.59,0.77,0.74,0.44,0.51,12.47,132.01
502,1032,9667,1788084,591,5.97,3.56,534,5.39,2.33,691,6.98,4.87,0.82,0.81,0.44,0.48,10.47,125.62
503,1202,1558907,2163440690,697,6.28,3.58,636,5.73,2.75,816,7.35,5.12,0.81,0.8,0.44,0.49,10.2,123.43
504,1253,141300,168928441,693,6.42,3.67,666,6.17,2.77,836,7.74,5.13,0.82,0.81,0.39,0.43,8.18,136.7
505,1158,13670,2182332,617,6.23,4.05,592,5.98,2.64,777,7.85,6.01,0.81,0.8,0.41,0.45,7.88,139.78
506,1148,992250,1324177878,647,6.1,3.57,619,5.84,2.46,779,7.35,5.14,0.81,0.8,0.42,0.45,10.46,128.3
507,1092,20105,5712745,604,6.43,4.19,541,5.76,3.17,724,7.7,5.89,0.83,0.82,0.39,0.43,11.99,121.05
508,1059,951942,1283429930,595,5.83,4.13,542,5.31,2.79,722,7.08,5.73,0.82,0.81,0.41,0.45,8.51,122.94
509,824,1493731,2069988294,486,5.28,3.36,477,5.18,3.02,574,6.24,4.64,0.75,0.74,0.42,0.47,7.54,117.51
510,1140,191495,224555666,472,5.08,3.66,415,4.46,2.28,562,6.04,4.8,0.82,0.81,0.46,0.47,9.82,119.31
511,776,1111809,1488724896,495,4.9,3.47,436,4.32,1.96,566,5.6,4.24,0.79,0.78,0.48,0.5,11.15,125.0
512,743,1010070,1353381781,435,4.58,3.18,394,4.15,2.13,527,5.55,4.21,0.76,0.74,0.45,0.48,9.82,119.87
513,785,8279381,10904127906,512,4.83,3.31,451,4.25,2.31,593,5.59,4.3,0.74,0.74,0.48,0.52,13.11,116.4
514,841,1088572,1394072045,506,4.87,3.15,455,4.38,2.23,593,5.7,3.99,0.8,0.78,0.46,0.5,18.95,121.48
515,764,20304,4329056,454,4.78,3.44,408,4.29,2.45,535,5.63,4.38,0.82,0.81,0.44,0.48,19.93,116.28
516,796,2369978,3209653525,466,4.76,3.43,419,4.28,2.32,536,5.47,4.47,0.81,0.8,0.48,0.51,16.18,109.16
517,952,8737388,11337461438,565,5.33,4.13,518,4.89,2.98,674,6.36,5.24,0.77,0.75,0.43,0.48,15.09,118.31
518,890,1300686,1416087125,516,5.27,3.34,489,4.99,2.12,610,6.22,4.43,0.83,0.82,0.44,0.49,15.83,135.24
519,1119,8585095,11311816886,597,5.28,3.29,686,6.07,5.77,721,6.38,4.3,0.8,0.78,0.43,0.46,9.0,137.31
520,1108,4051017,5561475974,580,5.58,3.16,696,6.69,10.76,684,6.58,4.27,0.83,0.81,0.44,0.47,10.82,138.8
521,1072,456851,556884240,625,5.48,3.57,589,5.17,2.99,725,6.36,4.56,0.76,0.74,0.43,0.47,10.87,133.98
522,1141,762474,992928236,584,4.99,3.66,572,4.89,3.36,708,6.05,5.13,0.81,0.8,0.45,0.47,11.44,124.96
523,1831,1519388,1987918085,579,5.36,3.87,524,4.85,2.05,685,6.34,5.14,0.83,0.81,0.39,0.43,11.1,150.04
524,1126,45658,41164398,682,5.5,3.81,593,4.78,2.2,788,6.35,4.73,0.71,0.7,0.46,0.49,7.95,124.42
525,1308,2110329,2906192440,741,6.28,4.3,727,6.16,4.3,905,7.67,5.99,0.76,0.75,0.44,0.44,9.53,114.75
526,1336,1823829,2458957546,757,6.1,3.85,729,5.88,3.18,888,7.16,5.27,0.74,0.74,0.45,0.48,9.38,124.19
527,1169,811236,1085066905,675,5.97,3.83,608,5.38,2.39,775,6.86,5.08,0.78,0.76,0.42,0.44,7.18,135.2
528,8050,29282,6317834,649,6.24,3.84,642,6.17,3.21,780,7.5,5.21,0.87,0.87,0.43,0.46,8.28,127.66
529,1245,420688,503897182,675,6.43,4.3,660,6.29,3.5,802,7.64,6.13,0.86,0.84,0.45,0.47,8.7,126.25
530,1105,1592810,2111657133,635,6.11,3.81,604,5.81,3.12,718,6.9,5.31,0.86,0.84,0.46,0.47,10.27,124.76
531,1279,687671,897853129,665,5.94,3.9,621,5.54,2.26,803,7.17,5.58,0.82,0.8,0.42,0.44,9.45,126.27
532,1028,20954,3785479,540,5.57,3.82,518,5.34,3.01,633,6.53,5.2,0.82,0.8,0.43,0.45,6.63,119.23
533,1390,14419,2752499,499,5.25,3.8,903,9.51,20.64,592,6.23,5.14,0.82,0.8,0.46,0.47,7.2,119.22
534,1326,393496,534697729,487,4.87,3.71,877,8.77,20.44,569,5.69,5.01,0.84,0.82,0.51,0.53,5.37,117.82
535,893,396110,451408069,510,4.95,4.44,469,4.55,2.69,598,5.81,5.92,0.83,0.82,0.46,0.48,14.21,107.56
536,910,1907281,2426353832,494,4.99,3.11,497,5.02,3.66,578,5.84,4.14,0.8,0.78,0.46,0.48,15.53,115.04
537,1213,1243166,1416172478,519,5.24,3.46,798,8.06,15.9,610,6.16,4.63,0.85,0.85,0.49,0.53,14.55,108.13
538,862,1755448,2442693580,511,4.78,3.51,468,4.37,2.25,592,5.53,4.65,0.82,0.79,0.43,0.47,15.88,118.4
539,845,2576419,3585364838,505,4.68,3.38,470,4.35,2.33,571,5.29,4.17,0.82,0.8,0.5,0.53,18.06,118.24
540,873,2215334,3036493229,476,5.17,4.0,403,4.38,2.27,556,6.04,5.21,0.86,0.85,0.46,0.46,16.14,116.13
541,955,1806282,2462510212,570,5.38,3.69,521,4.92,3.12,675,6.37,5.29,0.81,0.77,0.47,0.47,14.67,119.4
542,1041,1853318,2448281345,590,5.57,3.74,562,5.3,3.03,709,6.69,5.25,0.86,0.85,0.46,0.48,15.38,120.15
543,1004,3670053,4965115881,570,5.43,3.25,581,5.53,3.01,687,6.54,4.2,0.85,0.84,0.47,0.51,19.44,120.09
544,1241,2679409,3359872997,686,6.18,4.15,685,6.17,4.07,832,7.5,5.63,0.81,0.79,0.47,0.5,16.43,115.89
545,1237,207062,122073218,634,5.98,4.12,621,5.86,2.92,806,7.6,6.34,0.81,0.78,0.44,0.5,17.97,127.92
546,1091,2311889,3085780041,601,5.41,3.94,564,5.08,2.69,723,6.51,5.59,0.78,0.75,0.41,0.46,15.53,128.9
547,1017,945700,933069820,553,5.42,3.47,498,4.88,2.65,659,6.46,4.72,0.78,0.74,0.42,0.44,19.79,119.73
548,1268,77949,72445231,642,6.06,3.59,590,5.57,2.47,766,7.23,5.14,0.85,0.83,0.41,0.44,16.24,123.68
549,1010,20489,13007020,559,5.22,3.39,495,4.63,2.09,670,6.26,4.58,0.77,0.74,0.43,0.45,17.93,121.09
550,1293,1153705,1476715692,569,5.69,3.87,571,5.71,2.83,702,7.02,5.6,0.85,0.82,0.37,0.41,14.13,139.87
551,1117,4509320,6125416888,607,5.95,4.34,539,5.28,2.78,715,7.01,5.42,0.84,0.83,0.43,0.46,12.83,130.57
552,1106,15114,3468685,569,5.69,3.77,566,5.66,2.76,702,7.02,4.94,0.79,0.77,0.39,0.4,8.15,133.65
553,1010,454435,494975281,558,5.69,3.81,501,5.11,2.31,661,6.74,5.12,0.85,0.84,0.44,0.47,12.16,124.34
554,1042,1645503,2166686610,576,5.94,4.13,494,5.09,2.36,684,7.05,5.66,0.82,0.8,0.4,0.42,13.39,120.01
555,1210,806716,998794946,667,6.18,4.25,618,5.72,2.8,794,7.35,5.75,0.81,0.79,0.42,0.45,9.03,123.53
556,1800,16596,2474344,1134,11.69,14.29,514,5.3,2.82,1394,14.37,19.29,0.81,0.79,0.4,0.42,10.31,119.79
557,1757,2204341,2958478231,503,4.98,3.74,1341,13.28,44.09,572,5.66,4.81,0.84,0.82,0.46,0.49,15.32,116.71
558,1679,805352,1043297929,508,5.08,3.37,1234,12.34,36.5,583,5.83,4.51,0.82,0.79,0.46,0.48,16.17,114.95
559,1054,417734,493084557,445,4.68,4.08,675,7.11,14.68,512,5.39,5.15,0.81,0.79,0.49,0.53,18.95,108.22
560,855,23690,11142912,455,4.89,2.9,505,5.43,6.05,526,5.66,3.85,0.83,0.81,0.47,0.49,10.23,126.53
561,768,2152088,2710721345,464,4.78,3.42,415,4.28,2.31,555,5.72,4.71,0.78,0.77,0.49,0.51,17.35,120.01
562,927,1424822,1947777473,532,5.32,3.58,440,4.4,2.13,622,6.22,4.85,0.78,0.76,0.42,0.44,16.28,112.97
563,861,53842,31022861,494,5.09,3.4,423,4.36,2.06,572,5.9,4.52,0.8,0.79,0.48,0.5,13.34,112.49
564,994,138498,132808729,560,5.71,3.81,499,5.09,2.62,652,6.65,5.34,0.81,0.79,0.48,0.5,10.3,117.72
565,48076,16995171,18165838553,566,5.39,3.37,496,4.72,2.33,4275,40.71,169.48,0.84,0.82,0.43,0.44,8.17,120.88
566,37254,15734841,17569737378,577,5.39,3.94,511,4.78,2.11,3400,31.78,146.74,0.81,0.79,0.43,0.44,13.65,119.58
567,1085,27412,7323175,587,5.59,3.59,537,5.11,2.41,718,6.84,4.95,0.8,0.77,0.42,0.46,14.59,125.29
568,1165,4992125,6825021036,683,5.99,4.2,639,5.61,3.17,819,7.18,5.82,0.84,0.82,0.44,0.49,14.97,130.56
569,1153,7188955,10057330922,629,6.29,3.75,604,6.04,2.89,769,7.69,5.39,0.82,0.79,0.41,0.44,15.69,128.11
570,1179,4884432,6584900476,654,5.95,3.82,623,5.66,2.9,782,7.11,5.08,0.79,0.77,0.44,0.48,12.84,123.01
571,1005,7049538,9676034899,559,5.59,4.1,527,5.27,3.18,646,6.46,5.22,0.8,0.78,0.46,0.51,18.55,118.48
572,1037,5180402,7086610039,584,5.62,3.92,542,5.21,2.79,709,6.82,5.01,0.76,0.74,0.46,0.48,14.18,117.44
573,1094,4059585,5904137863,607,5.89,4.05,563,5.47,2.65,769,7.47,5.57,0.8,0.78,0.42,0.45,13.62,127.71
574,868,5431942,7560578777,540,5.51,3.65,508,5.18,2.71,662,6.76,5.23,0.79,0.78,0.43,0.45,12.82,125.79
575,1023,2611802,3594440628,541,5.41,3.47,477,4.77,2.13,656,6.56,5.09,0.78,0.76,0.42,0.47,14.18,123.09
576,1084,3268711,4352510438,611,5.99,3.46,553,5.42,2.47,722,7.08,4.98,0.83,0.82,0.43,0.48,10.4,125.6
577,1146,558743,716338416,626,5.69,3.6,607,5.52,2.4,770,7.0,5.21,0.8,0.77,0.39,0.42,10.6,122.77
578,1005,16469,5781146,549,5.84,3.74,494,5.26,2.36,689,7.33,5.45,0.8,0.79,0.41,0.43,10.32,124.87
579,1043,903148,1202592998,544,5.73,4.07,493,5.19,2.38,655,6.89,5.88,0.84,0.82,0.41,0.43,13.91,115.95
580,1057,1409037,1929573738,617,5.93,4.3,556,5.35,3.08,709,6.82,5.78,0.78,0.76,0.43,0.46,10.83,123.62
581,758,1093304,1441471380,450,4.69,3.73,387,4.03,2.06,514,5.35,4.35,0.78,0.75,0.44,0.45,14.32,121.14
582,740,11337,1833210,449,4.58,3.02,388,3.96,2.0,525,5.36,3.92,0.78,0.77,0.5,0.52,8.22,114.95
583,831,22145,4122890,504,4.94,3.62,457,4.48,2.58,598,5.86,4.79,0.78,0.76,0.49,0.52,15.42,116.04
584,806,965388,1306809116,478,4.43,3.04,463,4.29,2.65,572,5.3,4.19,0.76,0.74,0.48,0.53,12.48,112.46
585,769,316525,277899433,450,4.74,3.58,379,3.99,2.12,529,5.57,4.81,0.74,0.73,0.47,0.51,20.28,112.14
586,730,1857974,2482646420,431,4.9,3.91,347,3.94,1.93,509,5.78,5.34,0.76,0.76,0.47,0.5,16.05,109.22
587,811,33664,19542067,394,4.48,3.39,350,3.98,2.52,459,5.22,4.29,0.71,0.7,0.51,0.53,16.28,107.3
588,792,2337246,3289494783,394,4.24,3.54,337,3.62,1.89,470,5.05,4.68,0.77,0.75,0.5,0.52,22.2,115.19
589,55425,23016341,25878102963,503,5.29,3.96,421,4.43,2.53,5000,52.63,197.64,0.85,0.83,0.48,0.5,13.5,115.93
590,65071,23509529,25702985307,549,5.28,3.46,482,4.63,2.41,6025,57.93,209.97,0.84,0.82,0.45,0.47,12.65,119.95
591,7300,2218507,2382741422,557,5.46,3.98,504,4.94,2.43,1150,11.27,47.49,0.8,0.77,0.46,0.49,17.71,123.19
592,1224,787736,868359988,558,5.37,3.83,536,5.15,2.92,710,6.83,5.39,0.77,0.74,0.46,0.49,19.15,117.79
593,1261,32315832,40506931386,613,5.89,4.2,544,5.23,2.79,717,6.89,5.48,0.79,0.78,0.46,0.49,17.24,115.46
594,1183,829778,1144600648,548,5.43,4.12,481,4.76,2.65,664,6.57,5.65,0.77,0.76,0.45,0.5,18.05,110.72
595,1046,2115157,2833708204,521,4.74,3.42,476,4.33,2.44,651,5.92,4.82,0.76,0.73,0.51,0.55,19.24,108.66
596,1061,2524934,3322263508,543,5.32,3.53,484,4.75,1.93,635,6.23,4.87,0.79,0.77,0.43,0.45,23.26,119.32
597,1019,3936208,5367422355,496,4.59,3.65,425,3.94,2.12,585,5.42,4.85,0.77,0.76,0.42,0.44,17.18,118.41
598,1188,2478170,3419325309,579,5.57,3.74,541,5.2,2.53,697,6.7,5.17,0.81,0.78,0.38,0.42,14.59,129.54
599,1181,1829117,2485573266,607,5.95,3.82,545,5.34,2.76,712,6.98,5.19,0.81,0.8,0.43,0.45,14.04,119.99
600,1117,2767184,3684947106,561,5.61,3.97,509,5.09,3.06,659,6.59,5.28,0.76,0.74,0.42,0.45,11.91,123.05
601,1213,2843881,3881883115,617,5.56,3.64,541,4.87,2.36,718,6.47,5.03,0.8,0.78,0.42,0.43,15.34,125.8
602,1164,3199568,4386505704,565,5.14,3.69,513,4.66,2.26,676,6.15,5.26,0.78,0.76,0.44,0.47,13.54,121.19
603,1213,961347,1342160893,597,5.53,4.24,555,5.14,2.97,744,6.89,6.11,0.8,0.78,0.46,0.48,12.48,116.85
604,942,202343,243409007,438,4.87,3.56,384,4.27,2.12,525,5.83,5.02,0.81,0.8,0.52,0.55,19.9,122.42
605,962,3655758,5036790711,494,4.7,3.6,436,4.15,1.96,588,5.6,5.12,0.8,0.78,0.46,0.52,18.6,115.63
606,1390,1416556,1919854350,500,4.85,3.23,442,4.29,2.04,614,5.96,4.68,0.79,0.79,0.46,0.47,9.37,114.58
607,1076,14772348,20389263660,554,5.18,3.85,493,4.61,2.45,678,6.34,5.26,0.77,0.76,0.45,0.46,14.98,120.31
608,1042,26805625,35313221834,511,5.27,3.99,476,4.91,3.59,596,6.14,5.33,0.78,0.77,0.45,0.46,18.62,113.36
609,961,11799988,16269322909,458,4.63,3.48,432,4.36,4.22,547,5.53,5.13,0.8,0.78,0.47,0.48,19.03,111.19
610,966,5089732,6259908004,495,5.32,3.76,406,4.37,2.21,579,6.23,5.02,0.73,0.72,0.46,0.48,17.57,112.95
611,1097,4867660,6729147392,544,5.18,3.6,486,4.63,2.42,672,6.4,5.54,0.79,0.78,0.49,0.51,15.12,111.92
612,1120,12985817,16819283893,568,5.31,3.66,524,4.9,2.44,672,6.28,5.31,0.82,0.81,0.45,0.48,14.09,116.75
613,1185,9235950,11689696737,583,5.4,3.7,549,5.08,2.71,721,6.68,5.8,0.84,0.84,0.48,0.51,12.53,120.93
614,1098,8561233,10805881462,542,4.97,3.74,490,4.5,2.16,653,5.99,5.47,0.81,0.79,0.44,0.48,14.15,119.08
615,1116,13779956,18441117753,523,4.84,3.87,462,4.28,2.28,629,5.82,5.25,0.79,0.76,0.47,0.48,16.44,106.65
616,1164,14573302,20036314215,548,5.32,4.07,506,4.91,2.86,685,6.65,5.93,0.79,0.78,0.44,0.48,14.37,114.53
617,1306,3617562,4951644845,548,5.54,4.06,472,4.77,2.58,666,6.73,5.69,0.78,0.77,0.41,0.44,9.38,120.55
618,1222,12912861,17767616740,580,5.47,3.15,561,5.29,2.38,712,6.72,4.51,0.81,0.79,0.44,0.46,15.87,124.36
619,1351,6152033,8463693327,675,5.77,3.71,661,5.65,2.71,796,6.8,4.79,0.82,0.79,0.43,0.48,9.14,129.48
620,1389,6762823,9297887233,649,5.45,3.86,625,5.25,2.7,794,6.67,5.3,0.81,0.79,0.43,0.46,12.92,129.47
621,1261,28958282,38856644398,573,5.67,4.01,507,5.02,2.56,688,6.81,5.62,0.79,0.76,0.41,0.41,13.21,121.49
622,1279,25558554,34329310280,626,6.02,4.12,606,5.83,3.13,752,7.23,5.4,0.83,0.82,0.43,0.45,13.67,127.52
623,1454,15606707,20264614587,697,6.45,4.22,698,6.46,3.91,853,7.9,6.16,0.8,0.79,0.45,0.48,8.91,129.78
624,1264,12549567,17164201398,581,6.32,3.62,558,6.07,2.66,706,7.67,5.38,0.82,0.81,0.36,0.39,7.42,140.84
625,1176,10506638,14363214144,555,5.66,3.86,505,5.15,2.35,667,6.81,5.81,0.82,0.8,0.43,0.45,13.16,137.22
626,1112,4046235,5539747108,545,5.62,4.36,496,5.11,2.55,640,6.6,6.04,0.85,0.84,0.47,0.5,11.41,129.23
627,1214,17108117,23480464892,586,5.8,4.19,541,5.36,2.22,700,6.93,6.01,0.88,0.87,0.39,0.42,10.46,126.45
628,1108,12536335,16151050844,521,5.66,4.13,470,5.11,2.38,626,6.8,5.86,0.83,0.81,0.44,0.45,12.63,126.36
629,1100,38415450,50885494139,520,5.65,3.98,443,4.82,2.19,617,6.71,5.69,0.81,0.78,0.4,0.44,16.75,129.03
630,931,22655047,29873507607,470,5.11,3.72,403,4.38,2.43,569,6.18,5.18,0.78,0.76,0.46,0.49,12.87,120.61
631,971,25709925,34333667338,510,5.26,3.82,433,4.46,2.17,603,6.22,5.25,0.8,0.79,0.41,0.43,15.55,130.56
632,910,5861828,8028155505,451,4.8,3.48,399,4.24,2.01,540,5.74,4.87,0.8,0.78,0.48,0.49,14.4,129.96
633,936,12478335,16838396370,493,4.98,3.37,446,4.51,1.91,569,5.75,4.54,0.83,0.82,0.44,0.49,16.62,129.45
634,929,11139940,14819408785,442,4.46,3.89,382,3.86,2.46,549,5.55,5.89,0.77,0.76,0.48,0.49,23.41,114.92
635,949,857598,1211737779,476,4.58,3.31,422,4.06,1.91,566,5.44,4.88,0.76,0.74,0.44,0.47,20.16,125.68
636,1149,13001304,17024001342,575,5.32,3.92,519,4.81,2.61,674,6.24,5.67,0.8,0.79,0.45,0.47,16.21,99.22
637,1392,12980767,17689733705,608,5.53,4.0,571,5.19,3.52,775,7.05,6.56,0.78,0.76,0.45,0.48,20.27,114.47
638,1275,17124930,23297732418,596,5.73,4.04,528,5.08,2.42,722,6.94,6.42,0.81,0.81,0.42,0.45,14.04,118.09
639,1313,14791357,20206634167,647,5.88,3.84,592,5.38,2.5,795,7.23,5.72,0.82,0.81,0.39,0.41,15.59,124.34
640,1307,11158579,15267674013,591,5.52,3.71,582,5.44,2.86,747,6.98,5.81,0.79,0.77,0.45,0.47,15.75,126.54
641,1331,36681007,50134595571,643,5.4,3.77,598,5.03,2.44,782,6.57,5.51,0.85,0.83,0.42,0.42,15.46,122.88
642,1236,6475204,8947889793,575,4.96,3.67,516,4.45,2.38,708,6.1,5.02,0.8,0.78,0.46,0.49,13.01,122.55
643,1263,5040916,6908675750,616,5.7,3.63,594,5.5,2.53,757,7.01,5.2,0.81,0.8,0.44,0.48,15.44,116.44
644,1304,4269620,5797096558,550,5.79,4.01,515,5.42,2.71,699,7.36,5.7,0.82,0.81,0.44,0.46,11.48,110.93
645,1358,27825126,37703317314,567,5.97,4.12,498,5.24,2.48,747,7.86,6.47,0.8,0.79,0.46,0.46,14.7,113.0
646,1352,12082267,16419136296,582,5.71,3.98,524,5.14,2.45,753,7.38,6.23,0.81,0.79,0.42,0.43,11.47,118.71
647,1204,2215482,3044755247,507,5.28,3.78,472,4.92,2.35,646,6.73,5.51,0.8,0.79,0.42,0.42,10.24,127.43
648,1214,19936938,27176316487,497,5.46,3.83,450,4.95,2.4,617,6.78,5.4,0.74,0.74,0.42,0.44,10.17,120.63
649,1382,19187748,26093502271,597,5.48,3.55,554,5.08,2.29,775,7.11,5.33,0.76,0.75,0.42,0.42,11.29,116.21
650,1330,14370922,19635985327,559,5.32,3.88,528,5.03,2.55,704,6.7,5.79,0.8,0.78,0.46,0.48,9.69,112.87
651,1407,14174978,19397002133,615,5.69,4.21,577,5.34,2.87,764,7.07,6.32,0.77,0.76,0.43,0.46,7.92,114.94
652,1255,10899682,14904964997,553,5.03,4.02,493,4.48,2.16,661,6.01,5.65,0.81,0.8,0.48,0.52,12.06,125.59
653,1302,30909409,42397926432,580,5.63,4.12,549,5.33,2.96,738,7.17,6.11,0.82,0.81,0.43,0.45,8.7,108.3
654,1378,20231317,27705335335,594,5.08,3.67,587,5.02,3.24,735,6.28,5.52,0.75,0.74,0.45,0.46,10.07,101.5
655,1212,4632481,6325342237,550,5.34,4.42,447,4.34,1.93,677,6.57,5.97,0.75,0.74,0.43,0.46,8.85,113.77
656,1223,14533540,20025236129,535,4.91,3.72,471,4.32,2.11,653,5.99,5.83,0.78,0.76,0.42,0.44,18.73,118.93
657,1147,1344849,1914947781,482,5.24,4.11,426,4.63,2.79,593,6.45,5.84,0.79,0.78,0.47,0.48,15.89,111.65
658,1284,1839636,2586001842,595,5.51,4.04,558,5.17,3.0,725,6.71,5.76,0.81,0.8,0.47,0.49,9.74,113.75
659,1227,951582,1252714550,573,5.26,4.23,500,4.59,2.86,688,6.31,5.76,0.81,0.8,0.45,0.47,9.19,106.19
660,1220,2646313,3728112088,557,5.3,3.58,506,4.82,2.5,686,6.53,5.35,0.76,0.75,0.42,0.45,13.81,114.03
661,1323,5565171,7694048649,599,5.3,3.84,538,4.76,2.45,727,6.43,6.03,0.82,0.81,0.48,0.49,15.44,104.19
662,1342,4188440,5804555378,632,5.1,3.71,613,4.94,3.05,768,6.19,5.25,0.82,0.8,0.44,0.47,14.97,118.34
663,1339,5249951,7268232883,609,5.44,4.06,553,4.94,2.77,755,6.74,6.28,0.81,0.8,0.45,0.45,12.83,110.07
664,1185,459125,631355446,507,4.78,3.93,417,3.93,2.01,650,6.13,5.86,0.74,0.72,0.49,0.53,14.81,111.45
665,1226,3926452,5514741120,515,5.15,3.69,445,4.45,2.12,666,6.66,6.06,0.8,0.78,0.48,0.5,13.04,113.94
666,1240,633967,840700463,535,5.05,3.8,474,4.47,2.94,671,6.33,5.8,0.79,0.78,0.48,0.52,13.73,114.48
667,1313,2751726,3854989796,596,5.27,4.75,544,4.81,3.06,730,6.46,6.42,0.78,0.77,0.46,0.48,17.07,114.83
668,1425,2595478,3709192662,575,5.13,3.54,602,5.38,5.39,748,6.68,5.52,0.77,0.75,0.45,0.48,13.76,118.82
669,1305,5798587,8080758783,540,5.14,4.2,484,4.61,3.21,675,6.43,5.72,0.75,0.73,0.42,0.44,14.98,120.1
670,1284,9832718,12638435928,507,5.17,4.02,442,4.51,2.15,646,6.59,5.95,0.72,0.71,0.42,0.43,15.34,120.99
671,1364,10324181,13418338128,562,5.51,4.39,480,4.71,2.11,681,6.68,6.31,0.8,0.78,0.46,0.48,12.89,120.5
672,1393,2810228,3828987122,555,5.61,4.15,475,4.8,2.08,686,6.93,6.23,0.73,0.71,0.43,0.48,15.33,119.98
673,1338,8905409,11126120789,562,5.35,3.51,501,4.77,2.03,717,6.83,5.65,0.8,0.78,0.39,0.43,14.12,121.74
674,1253,19878492,24710332576,663,5.92,4.4,613,5.47,2.66,838,7.48,6.52,0.79,0.76,0.39,0.42,10.97,127.57
675,1150,8302241,10590810671,616,6.04,4.14,545,5.34,2.42,743,7.28,5.88,0.79,0.76,0.41,0.45,13.22,128.92
676,1132,1499655,2077088775,585,5.47,4.34,513,4.79,3.5,717,6.7,5.99,0.72,0.69,0.44,0.49,14.55,128.04
677,870,1588972,2245039607,504,5.09,3.47,453,4.58,1.91,616,6.22,5.3,0.81,0.78,0.41,0.43,20.75,124.42
678,786,555083,779672953,454,5.04,4.05,377,4.19,2.34,550,6.11,5.63,0.71,0.69,0.44,0.44,19.44,123.62
679,794,7348986,8581600720,437,4.8,3.65,361,3.97,2.09,529,5.81,4.97,0.71,0.69,0.44,0.46,20.81,116.96
680,744,9099487,12661557795,450,4.69,3.58,377,3.93,1.8,528,5.5,4.31,0.75,0.73,0.45,0.46,13.94,126.83
681,860,22293560,30629950418,499,4.54,3.41,439,3.99,2.12,606,5.51,4.63,0.77,0.74,0.48,0.49,22.49,123.0
682,807,22337135,30797549890,469,4.89,3.59,395,4.11,2.07,559,5.82,4.94,0.77,0.75,0.43,0.44,24.03,122.06
683,677,1979439,2202747192,407,4.47,2.91,341,3.75,1.9,495,5.44,4.52,0.78,0.75,0.49,0.52,17.71,119.42
684,683,7235208,9899860324,416,4.38,3.19,340,3.58,1.7,482,5.07,4.4,0.77,0.75,0.43,0.44,18.73,114.11
685,753,8091854,11200727316,437,4.46,3.65,368,3.76,1.79,521,5.32,4.93,0.75,0.72,0.44,0.48,29.46,111.69
686,823,8376444,11300879931,454,4.37,3.34,426,4.1,2.56,560,5.38,4.47,0.76,0.74,0.47,0.51,21.76,119.57
687,723,12336742,16930249566,441,4.41,3.56,360,3.6,1.81,525,5.25,4.5,0.74,0.72,0.49,0.54,20.17,115.4
688,817,33570608,46874749043,461,4.75,3.27,395,4.07,1.99,556,5.73,4.74,0.78,0.76,0.44,0.46,17.34,124.87
689,829,11845572,16492157029,491,4.55,3.31,466,4.31,2.46,584,5.41,4.33,0.74,0.72,0.47,0.5,15.88,110.49
690,873,4278697,5923718204,537,4.97,3.49,504,4.67,3.19,632,5.85,4.35,0.74,0.74,0.49,0.51,13.2,117.59
691,975,1863905,1928046265,565,4.71,3.21,524,4.37,2.78,680,5.67,4.42,0.72,0.71,0.49,0.5,12.49,126.3
692,1085,16437872,22487689428,628,5.23,3.44,540,4.5,2.12,782,6.52,5.03,0.72,0.71,0.42,0.43,12.77,123.79
693,1072,6369937,8798343083,630,5.38,3.49,579,4.95,2.69,733,6.26,4.59,0.75,0.74,0.42,0.45,11.04,121.7
694,1005,10733919,14849817543,589,5.35,3.46,523,4.75,2.29,726,6.6,4.99,0.77,0.74,0.43,0.45,11.16,126.99
695,1060,31963492,43843080723,615,5.35,3.37,559,4.86,2.27,732,6.37,4.61,0.76,0.73,0.44,0.47,11.6,121.06
696,1185,27460788,37360723849,695,5.6,3.75,671,5.41,2.71,808,6.52,4.83,0.81,0.79,0.45,0.49,10.43,123.39
697,1137,10079459,13739436169,642,5.84,3.58,613,5.57,2.7,767,6.97,5.39,0.84,0.82,0.41,0.44,13.34,121.12
698,1312,12813519,17606053876,681,6.42,4.17,630,5.94,2.66,810,7.64,5.93,0.87,0.85,0.38,0.41,13.27,143.82
699,1138,6539483,8972754335,631,5.74,4.23,571,5.19,2.43,760,6.91,6.38,0.82,0.81,0.43,0.47,14.77,120.52
700,966,12917679,17746920477,551,5.35,3.79,490,4.76,2.58,640,6.21,5.22,0.72,0.71,0.45,0.49,16.35,125.84
701,987,5452450,7494973980,550,5.34,3.54,503,4.88,2.65,656,6.37,5.14,0.75,0.73,0.44,0.47,12.45,118.2
702,829,22314268,31190187260,472,4.82,3.71,423,4.32,2.34,568,5.8,4.97,0.77,0.75,0.46,0.49,18.0,112.12
703,762,5968816,8076145343,470,4.65,3.76,408,4.04,2.14,548,5.43,5.1,0.77,0.75,0.44,0.46,14.7,111.65
704,838,2698032,3345472858,528,5.33,3.83,459,4.64,2.45,608,6.14,4.94,0.73,0.7,0.42,0.46,13.83,125.86
705,845,860660,994393029,494,5.09,4.16,432,4.45,2.64,589,6.07,5.35,0.77,0.76,0.45,0.48,23.99,115.84
706,799,32647,14038857,495,5.16,3.47,420,4.38,2.17,589,6.14,4.69,0.83,0.81,0.48,0.5,15.52,114.43
707,785,68416,50664051,489,4.99,3.28,424,4.33,2.22,560,5.71,4.4,0.83,0.82,0.46,0.5,15.61,118.36
708,811,2823422,3720689575,528,5.23,3.07,466,4.61,1.79,595,5.89,3.85,0.79,0.78,0.43,0.48,19.0,128.27
709,841,14353657,20478724988,491,5.4,3.94,404,4.44,2.01,565,6.21,5.44,0.75,0.72,0.49,0.51,19.82,120.43
710,906,37405,12012363,513,5.4,3.35,461,4.85,2.16,627,6.6,5.09,0.82,0.8,0.41,0.42,18.76,123.89
711,859,7625381,10807225447,516,5.06,3.42,454,4.45,2.31,603,5.91,4.52,0.79,0.77,0.45,0.49,11.99,121.32
712,906,1046837,1367191197,563,5.26,3.23,504,4.71,2.06,654,6.11,4.05,0.79,0.77,0.47,0.5,19.53,127.63
713,1000,5738000,8040337682,582,5.15,3.24,543,4.81,2.72,690,6.11,4.42,0.76,0.73,0.43,0.46,16.75,129.11
714,1006,166669,144519062,571,5.39,3.38,531,5.01,2.69,680,6.42,4.83,0.8,0.78,0.45,0.48,15.25,137.51
715,1000,1135172,1515429043,587,5.87,3.83,521,5.21,2.39,691,6.91,5.42,0.82,0.81,0.43,0.47,16.09,127.0
716,1149,1046743,1417171677,669,5.92,3.83,630,5.58,2.7,824,7.29,5.12,0.79,0.78,0.39,0.43,14.27,124.82
717,1172,5786741,8210060656,674,5.66,3.64,608,5.11,2.51,794,6.67,4.71,0.79,0.76,0.43,0.47,12.53,115.55
718,1204,8209719,11233055372,696,5.95,4.21,655,5.6,2.63,853,7.29,5.29,0.78,0.75,0.4,0.43,10.77,127.79
719,1150,19709958,26147584075,696,6.05,4.14,639,5.56,3.08,825,7.17,5.72,0.8,0.78,0.38,0.4,11.6,120.55
720,1255,36253584,49060369232,697,5.86,4.25,642,5.39,2.73,831,6.98,5.71,0.78,0.75,0.39,0.41,15.21,125.33
721,1077,13320962,18147862231,636,5.94,4.23,531,4.96,2.28,751,7.02,5.88,0.75,0.74,0.42,0.43,11.14,126.44
722,1154,22828498,31380455753,691,5.96,4.0,619,5.34,2.28,810,6.98,5.59,0.77,0.74,0.41,0.44,13.63,130.06
723,1105,16881182,23071656434,633,5.6,4.33,570,5.04,2.44,772,6.83,5.9,0.75,0.73,0.38,0.41,11.37,128.85
724,1010,26084980,35814367481,615,5.54,4.02,550,4.95,2.3,729,6.57,5.49,0.79,0.75,0.4,0.43,11.63,129.07
725,849,11850969,16197353811,518,4.71,3.82,418,3.8,1.94,599,5.45,4.94,0.78,0.77,0.46,0.47,13.42,117.67
726,788,6471845,8410085547,455,4.69,3.37,397,4.09,1.78,543,5.6,4.71,0.76,0.73,0.47,0.5,14.8,124.06
727,887,11557369,15676377182,511,5.01,3.51,445,4.36,2.24,622,6.1,4.67,0.75,0.74,0.44,0.47,12.19,118.89
728,746,12931853,17806843074,478,5.09,3.44,395,4.2,2.13,562,5.98,4.7,0.78,0.77,0.48,0.48,17.05,116.02
729,784,4844285,6666918046,449,5.16,3.29,374,4.3,1.83,533,6.13,4.47,0.81,0.79,0.45,0.46,15.95,122.4
730,785,13760879,18891587711,474,4.99,3.28,414,4.36,2.2,565,5.95,4.56,0.81,0.79,0.48,0.5,16.3,121.77
731,825,5680121,7726586991,490,5.21,3.97,406,4.32,2.56,579,6.16,5.27,0.77,0.75,0.51,0.53,15.63,117.79
732,884,27085088,35767505357,517,4.92,3.45,440,4.19,2.53,618,5.89,4.8,0.77,0.75,0.48,0.51,19.58,118.66
733,1042,5430903,7278251108,572,5.5,3.68,498,4.79,2.38,689,6.62,5.05,0.78,0.76,0.44,0.46,15.81,120.38
734,956,14608166,19990602755,567,5.11,3.51,498,4.49,2.36,658,5.93,4.54,0.75,0.73,0.45,0.47,16.59,121.5
735,1081,25325671,35492453275,619,5.79,3.3,586,5.48,2.94,719,6.72,4.3,0.82,0.8,0.43,0.46,13.71,120.14
736,1430,7114583,9953282225,678,5.95,4.02,644,5.65,3.39,809,7.1,5.41,0.82,0.81,0.43,0.46,14.99,121.84
737,1236,11805608,16715328576,633,5.46,3.67,601,5.18,2.98,769,6.63,5.25,0.82,0.8,0.44,0.49,13.95,120.13
738,1081,853439,1184048254,647,5.39,3.52,598,4.98,2.48,782,6.52,4.59,0.79,0.76,0.45,0.5,16.37,128.78
739,1141,9789290,13972772326,612,5.51,3.39,598,5.39,3.66,758,6.83,4.63,0.8,0.78,0.44,0.47,15.56,123.29
740,1110,4995183,7103307352,629,5.93,3.86,600,5.66,3.05,766,7.23,5.05,0.77,0.75,0.44,0.44,14.78,125.21
741,1693,1304322,1681653521,710,6.76,4.32,637,6.07,3.19,873,8.31,6.24,0.83,0.81,0.48,0.5,10.8,119.74
742,1153,44386403,60586986281,673,6.8,4.37,623,6.29,2.84,775,7.83,5.82,0.86,0.84,0.41,0.43,17.54,123.05
743,1204,27758169,37109140126,679,6.47,4.14,634,6.04,3.06,814,7.75,5.86,0.81,0.8,0.44,0.46,14.77,121.52
744,1176,2468942,3388175892,669,6.31,4.1,643,6.07,3.39,760,7.17,5.32,0.83,0.82,0.42,0.46,9.71,124.01
745,1072,27781047,36761578379,610,6.22,4.13,535,5.46,2.36,736,7.51,6.02,0.82,0.81,0.41,0.42,14.17,132.25
746,1204,22957586,30095437466,681,6.36,3.87,635,5.93,3.01,810,7.57,5.61,0.82,0.8,0.44,0.49,10.77,124.02
747,1291,12234163,17279656422,737,6.82,4.41,714,6.61,3.43,886,8.2,6.15,0.84,0.82,0.39,0.42,9.87,133.39
748,1087,35315407,45756744090,643,6.37,3.88,587,5.81,2.48,767,7.59,5.69,0.82,0.79,0.38,0.39,10.56,128.35
749,1270,18882990,24484728726,506,5.11,3.65,842,8.51,20.23,594,6.0,4.84,0.83,0.81,0.44,0.48,11.28,114.15
750,1521,42445,25923531,478,5.49,3.65,1121,12.89,29.15,572,6.57,4.98,0.82,0.81,0.43,0.46,10.13,120.72
751,1334,7317047,10130377899,561,5.5,4.19,881,8.64,19.45,661,6.48,5.72,0.8,0.78,0.43,0.46,8.6,110.31
752,786,6571754,8944562230,492,4.78,3.3,436,4.23,2.38,563,5.47,4.22,0.8,0.78,0.47,0.49,18.3,119.26
753,776,457829,602781459,466,4.91,3.93,399,4.2,2.38,550,5.79,5.35,0.85,0.84,0.45,0.47,13.51,113.75
754,802,1017960,1343315669,456,4.61,3.65,429,4.33,2.49,536,5.41,4.6,0.8,0.78,0.47,0.52,20.26,116.61
755,827,2064776,2773998969,463,4.98,3.46,486,5.23,3.85,530,5.7,4.41,0.82,0.82,0.49,0.54,18.88,108.38
756,863,1473942,2014749614,511,5.44,3.63,469,4.99,2.62,595,6.33,4.8,0.87,0.87,0.44,0.46,15.86,115.66
757,1475,741655,803151471,561,5.45,4.02,507,4.92,2.88,660,6.41,5.53,0.81,0.77,0.44,0.48,11.03,123.68
758,1570,3467181,4638371129,574,5.57,3.86,501,4.86,2.41,667,6.48,4.99,0.79,0.77,0.41,0.41,10.76,118.01
759,1317,590306,655905271,566,5.24,3.58,574,5.31,4.86,692,6.41,4.78,0.78,0.76,0.44,0.47,9.12,119.54
760,1379,2634299,3485640316,551,5.62,4.15,487,4.97,2.89,675,6.89,5.89,0.75,0.73,0.41,0.44,9.54,118.68
761,1391,3073104,3147488241,575,5.13,3.55,515,4.6,2.38,690,6.16,5.12,0.79,0.76,0.42,0.45,12.32,116.44
762,1491,2151994,2789143901,600,5.61,3.94,551,5.15,2.96,710,6.64,5.59,0.82,0.8,0.43,0.45,13.1,118.41
763,1557,1989223,2721709145,584,5.78,3.63,543,5.38,2.92,674,6.67,4.55,0.79,0.78,0.43,0.44,15.58,117.82
764,1664,932076,1090933245,551,5.3,3.76,479,4.61,2.28,673,6.47,4.99,0.75,0.72,0.42,0.44,10.26,127.57
765,1826,2201894,2917595171,608,5.85,3.99,521,5.01,2.46,743,7.14,6.24,0.77,0.74,0.4,0.41,10.3,125.43
766,1897,672069,814192172,557,5.57,3.81,475,4.75,2.0,679,6.79,5.06,0.78,0.76,0.4,0.39,10.45,129.78
767,2283,961373,1183442705,693,6.93,4.19,611,6.11,2.44,807,8.07,5.87,0.81,0.78,0.4,0.42,9.24,138.31
768,2216,1712668,2228698384,713,6.79,3.47,685,6.52,2.29,845,8.05,4.99,0.83,0.82,0.37,0.4,9.12,148.35
769,2198,1089392,1368438914,713,6.79,4.1,669,6.37,3.07,832,7.92,6.08,0.85,0.83,0.38,0.42,5.89,139.64
770,2030,258961,256233437,691,6.84,3.72,633,6.27,2.68,807,7.99,5.35,0.78,0.76,0.38,0.4,7.76,139.83
771,2031,3635881,4873157678,681,6.74,4.28,617,6.11,3.05,799,7.91,5.72,0.85,0.83,0.4,0.41,7.44,135.43
772,1788,2801199,3675021801,569,6.62,4.35,482,5.6,2.47,656,7.63,5.89,0.78,0.77,0.41,0.42,8.79,132.13
773,1499,424372,471197113,571,6.01,3.71,489,5.15,2.28,652,6.86,4.99,0.82,0.82,0.42,0.41,12.59,133.63
774,1476,157967,152118086,531,5.77,4.05,474,5.15,2.71,624,6.78,5.32,0.85,0.84,0.41,0.41,8.62,131.31
775,1492,598253,731950736,554,5.89,4.05,455,4.84,2.23,630,6.7,5.02,0.87,0.86,0.42,0.43,15.91,122.11
776,1512,17504198,23241583243,602,5.96,3.68,578,5.72,3.65,673,6.66,4.44,0.83,0.82,0.44,0.44,12.01,131.34
777,1399,301377,308002996,513,5.4,3.22,457,4.81,2.45,588,6.19,4.27,0.81,0.8,0.45,0.46,11.41,123.79
778,1562,9090289,12022036836,522,5.49,3.48,556,5.85,6.28,606,6.38,4.66,0.81,0.8,0.43,0.44,16.99,118.56
779,1380,1063484,1333890672,554,6.02,3.77,478,5.2,2.23,629,6.84,4.81,0.86,0.85,0.4,0.4,14.37,132.21
780,1539,1253074,1553757966,566,5.5,4.38,467,4.53,2.45,691,6.71,5.99,0.79,0.78,0.45,0.45,12.37,123.27
781,1140,915353,1179265269,568,5.57,4.22,483,4.74,2.5,695,6.81,5.66,0.81,0.79,0.44,0.45,18.09,123.54
782,1208,3115896,4259853317,551,5.3,3.3,494,4.75,2.39,634,6.1,4.24,0.84,0.83,0.46,0.47,18.39,122.9
783,1545,3099559,3462429412,532,5.78,4.03,483,5.25,2.91,621,6.75,5.23,0.82,0.82,0.47,0.49,17.72,119.73
784,1556,1671610,2028687215,602,5.9,3.53,580,5.69,3.06,703,6.89,4.81,0.87,0.87,0.4,0.42,15.76,126.47
785,1663,2667213,3085191166,578,5.96,3.71,554,5.71,3.54,706,7.28,5.39,0.79,0.79,0.47,0.49,16.48,121.21
786,1029,1711493,1801563796,572,5.78,3.69,536,5.41,2.92,697,7.04,5.19,0.87,0.85,0.46,0.48,17.1,126.01
787,1067,1163454,1210840757,603,5.8,3.84,546,5.25,2.52,711,6.84,5.36,0.83,0.82,0.47,0.51,20.21,128.04
788,1185,24795,8685621,623,5.93,4.05,653,6.22,4.87,751,7.15,5.7,0.8,0.78,0.46,0.47,10.7,135.3
789,1100,42000,17027067,608,5.79,3.91,614,5.85,3.74,726,6.91,5.29,0.85,0.84,0.41,0.44,17.21,114.04
790,1051,1007775,1252557889,604,5.3,3.54,548,4.81,2.16,720,6.32,5.0,0.81,0.8,0.44,0.47,17.71,124.89
791,1135,977551,1318194289,641,6.22,4.25,620,6.02,3.95,760,7.38,5.39,0.78,0.76,0.41,0.42,13.07,130.04
792,1071,110244,9355283,590,5.9,4.27,545,5.45,3.14,694,6.94,5.56,0.82,0.81,0.4,0.41,14.56,124.32
793,1069,17295,4591855,600,6.12,3.89,534,5.45,2.57,722,7.37,5.86,0.82,0.81,0.4,0.41,13.93,133.26
794,1129,2178496,2958825892,636,6.62,5.0,569,5.93,3.31,759,7.91,6.91,0.83,0.81,0.39,0.4,14.28,135.13
795,1134,23165,8434673,602,6.4,4.31,532,5.66,2.69,733,7.8,6.39,0.87,0.85,0.42,0.45,16.42,128.19
796,1070,14526,3110125,623,6.17,4.36,540,5.35,2.49,719,7.12,5.85,0.81,0.8,0.43,0.47,14.61,120.58
797,1132,17959,3017755,626,5.4,3.73,559,4.82,2.35,744,6.41,5.55,0.81,0.79,0.42,0.44,10.65,124.62
798,1000,593534,630593217,592,5.86,3.74,541,5.36,3.39,697,6.9,5.17,0.78,0.78,0.45,0.48,13.57,127.34
799,1103,2212695,2330248821,607,6.39,4.19,525,5.53,3.49,731,7.69,6.24,0.81,0.81,0.5,0.54,14.04,127.04
800,1069,2790894,2940124415,633,6.33,4.24,562,5.62,2.81,742,7.42,5.68,0.78,0.75,0.42,0.48,19.77,132.63
801,1100,4539038,4837980076,657,6.57,4.25,592,5.92,3.31,772,7.72,5.58,0.81,0.79,0.39,0.43,17.86,122.21
802,1128,4450881,5347586478,645,6.08,4.12,614,5.79,2.84,768,7.25,6.05,0.85,0.84,0.45,0.48,17.55,129.24
803,1139,4547888,5295785606,609,5.69,3.82,620,5.79,3.99,739,6.91,5.18,0.82,0.82,0.48,0.51,17.28,117.77
804,1074,2528471,3441340044,600,5.77,3.79,552,5.31,2.79,718,6.9,5.02,0.79,0.77,0.43,0.46,20.38,123.57
805,1103,2258995,3070312148,628,5.87,3.69,571,5.34,2.43,758,7.08,5.36,0.83,0.82,0.42,0.43,18.73,127.86
806,1096,72845,65398146,644,6.31,3.84,599,5.87,3.57,778,7.63,5.23,0.83,0.82,0.44,0.47,12.75,124.43
807,1026,39001,12789640,606,5.41,3.64,556,4.96,2.94,742,6.62,5.1,0.85,0.83,0.44,0.46,11.94,122.97
808,1061,34816,7812103,601,5.83,4.03,543,5.27,2.09,735,7.14,5.34,0.84,0.81,0.4,0.43,15.88,133.61
809,956,111375,104668822,518,5.23,3.69,473,4.78,2.46,635,6.41,5.15,0.8,0.78,0.44,0.45,23.39,125.86
810,887,21463,4160648,479,5.15,3.91,430,4.62,2.48,593,6.38,5.34,0.83,0.83,0.5,0.55,16.17,128.69
811,971,1113352,1490906392,541,5.41,3.49,511,5.11,2.58,682,6.82,4.94,0.8,0.78,0.42,0.43,17.1,122.48
812,1024,25908,4510320,576,5.33,3.53,529,4.9,2.58,697,6.45,4.73,0.84,0.83,0.46,0.49,21.81,113.81
813,1014,31744,5929611,517,5.39,3.53,483,5.03,2.47,620,6.46,4.77,0.81,0.81,0.47,0.49,14.79,123.96
814,1152,29655,7618466,645,6.03,3.98,637,5.95,3.89,779,7.28,5.65,0.8,0.79,0.46,0.5,11.21,114.87
815,1102,1311101,1753820449,636,6.17,4.02,591,5.74,3.24,759,7.37,5.53,0.81,0.8,0.44,0.45,12.97,133.51
816,1115,20276,4267836,634,6.28,3.92,564,5.58,2.78,752,7.45,5.15,0.75,0.73,0.42,0.45,17.71,129.58
817,1259,3108374,4173181731,712,6.25,3.73,660,5.79,2.35,869,7.62,5.4,0.8,0.79,0.42,0.44,14.16,123.41
818,1166,2758520,3524135279,650,6.02,4.11,593,5.49,2.49,781,7.23,5.95,0.83,0.81,0.41,0.44,13.65,136.68
819,1375,2216825,3049296054,732,6.2,4.58,692,5.86,3.61,891,7.55,6.17,0.78,0.76,0.42,0.47,9.66,114.1
820,1411,15054,2785607,715,6.27,4.05,796,6.98,10.54,921,8.08,6.0,0.75,0.73,0.41,0.43,13.19,120.48
821,2341,5144659,6409003299,655,5.95,4.24,1643,14.94,57.36,807,7.34,6.31,0.74,0.72,0.43,0.46,12.69,113.52
822,1104,1632494,2012818109,582,5.6,4.22,493,4.74,2.2,726,6.98,5.82,0.74,0.71,0.43,0.47,12.09,118.39
823,1116,9671586,12303845216,588,5.94,3.72,506,5.11,2.59,767,7.75,5.66,0.76,0.74,0.43,0.44,15.2,120.83
824,1176,11859343,15482795061,630,5.78,4.3,550,5.05,2.77,801,7.35,5.7,0.77,0.74,0.44,0.46,14.75,125.23
825,1107,11856586,14969914420,595,6.2,3.94,549,5.72,3.51,732,7.62,5.22,0.77,0.75,0.45,0.49,15.87,126.68
826,1133,179233,162318382,620,6.2,4.3,592,5.92,5.39,761,7.61,5.99,0.8,0.77,0.43,0.46,13.38,128.6
827,1148,40885,10933445,623,5.77,4.11,539,4.99,2.22,792,7.33,5.6,0.81,0.78,0.42,0.46,10.73,124.81
828,998,88038,29234252,543,5.17,3.71,484,4.61,2.7,683,6.5,5.21,0.79,0.77,0.48,0.5,15.24,122.48
829,1403,1526104,1945117709,731,6.36,3.93,755,6.57,4.91,939,8.17,6.36,0.79,0.77,0.43,0.47,11.35,122.51
830,1050,86693,78228689,587,6.31,4.11,536,5.76,3.01,718,7.72,5.62,0.76,0.74,0.45,0.49,16.6,124.39
831,1145,1748387,2367487018,674,6.07,3.95,658,5.93,3.66,809,7.29,5.2,0.78,0.75,0.46,0.51,13.6,131.96
832,1117,221926,267106401,624,6.3,4.27,543,5.48,2.91,763,7.71,5.61,0.79,0.78,0.49,0.53,11.57,118.37
833,1065,1745316,2395878752,530,5.15,3.53,473,4.59,2.38,668,6.49,4.92,0.78,0.75,0.42,0.46,8.59,136.91
834,923,3302915,4359902116,526,4.83,4.02,454,4.17,2.17,673,6.17,5.65,0.7,0.67,0.45,0.46,11.87,121.41
835,1043,109287,98551683,593,5.65,3.86,533,5.08,2.89,736,7.01,5.13,0.77,0.76,0.45,0.49,17.07,114.31
836,1064,60710,37888272,624,5.83,3.83,569,5.32,2.56,744,6.95,5.35,0.76,0.74,0.45,0.46,17.83,122.14
837,1028,979401,1278686617,587,5.49,3.42,522,4.88,2.2,701,6.55,4.83,0.76,0.74,0.43,0.47,18.54,121.08
838,1044,2643184,3518556404,595,5.56,3.69,535,5.0,2.23,703,6.57,5.17,0.79,0.77,0.42,0.46,18.87,128.09
839,1244,27757,4365002,680,6.18,4.19,705,6.41,5.27,842,7.65,6.38,0.81,0.79,0.42,0.46,16.18,126.65
840,1145,974955,1255169889,625,5.79,3.94,610,5.65,3.01,778,7.2,5.46,0.77,0.76,0.45,0.48,9.17,125.71
841,1109,1542485,2162479062,610,5.81,3.97,562,5.35,3.12,754,7.18,5.72,0.8,0.78,0.41,0.44,16.4,121.72
842,1161,38610,19876649,651,6.03,3.98,579,5.36,2.97,787,7.29,5.48,0.78,0.75,0.45,0.47,7.83,118.61
843,1158,1436124,1960429563,652,5.67,4.18,555,4.83,2.47,786,6.83,5.57,0.74,0.71,0.42,0.45,9.09,131.22
844,965,63128,22019523,566,5.24,3.51,505,4.68,2.22,648,6.0,4.59,0.81,0.79,0.44,0.49,16.35,127.94
845,770,574439,662273153,454,4.93,3.68,389,4.23,1.81,518,5.63,4.69,0.8,0.76,0.42,0.45,12.2,136.29
846,915,4260895,5632976889,528,5.18,4.18,524,5.14,5.27,625,6.13,5.52,0.75,0.72,0.46,0.51,9.05,126.57
847,863,1028531,1374997826,555,4.96,3.66,483,4.31,2.41,649,5.79,4.62,0.71,0.69,0.48,0.5,10.74,129.4
848,909,8487352,10842484566,555,5.14,3.68,473,4.38,2.41,671,6.21,4.72,0.71,0.69,0.47,0.49,12.98,109.8
849,862,9395748,12113857524,493,4.98,4.05,409,4.13,2.49,595,6.01,5.3,0.77,0.76,0.45,0.48,14.39,116.49
850,840,6692395,7815181848,481,4.81,3.9,444,4.44,3.43,588,5.88,5.05,0.76,0.75,0.49,0.52,12.93,118.59
851,926,1865638,2159312310,554,4.69,3.41,488,4.14,2.46,680,5.76,4.7,0.75,0.74,0.49,0.52,13.31,105.05
852,859,7883525,10062860081,495,4.71,3.42,409,3.9,2.02,590,5.62,4.68,0.76,0.74,0.47,0.51,18.58,116.42
853,926,8941606,11252882345,508,4.88,3.59,410,3.94,2.11,620,5.96,5.14,0.76,0.75,0.51,0.53,19.62,112.18
854,966,2584252,3445845456,525,5.1,3.52,532,5.17,2.8,682,6.62,4.51,0.77,0.75,0.43,0.45,13.27,140.03
855,1044,29575,15299294,534,5.74,3.9,564,6.06,2.32,721,7.75,5.12,0.83,0.81,0.42,0.47,13.5,159.64
856,1002,1815672,2425085596,588,5.3,3.71,538,4.85,2.75,699,6.3,4.57,0.75,0.73,0.47,0.49,12.6,122.37
857,1127,1416321,1899563346,668,5.52,3.51,647,5.35,2.84,817,6.75,4.84,0.8,0.78,0.46,0.5,11.83,120.22
858,1044,1091432,1450175376,618,4.72,3.58,552,4.21,2.15,770,5.88,4.74,0.7,0.67,0.45,0.48,13.54,111.23
859,1058,64552,51249761,584,5.12,3.38,526,4.61,2.87,730,6.4,5.21,0.72,0.71,0.43,0.45,15.02,121.33
860,1118,32208,6720975,670,5.88,3.92,623,5.46,3.49,800,7.02,5.06,0.68,0.66,0.44,0.47,10.99,118.38
861,1013,44191,24135774,581,5.43,3.86,517,4.83,2.83,689,6.44,5.4,0.74,0.73,0.48,0.5,15.6,124.75
862,1182,36791,13254266,623,5.99,4.15,513,4.93,1.98,751,7.22,5.79,0.77,0.76,0.41,0.42,14.13,115.65
863,1140,1118727,1507551179,644,5.24,3.77,567,4.61,2.11,789,6.41,5.2,0.74,0.72,0.46,0.47,11.89,117.96
864,1286,17505,3529933,722,6.07,3.74,701,5.89,3.16,870,7.31,5.48,0.77,0.76,0.42,0.44,9.3,126.12
865,1216,673707,867252888,712,6.19,4.25,650,5.65,3.28,866,7.53,5.79,0.75,0.72,0.43,0.48,9.98,126.12
866,1174,1295868,1740832352,655,5.95,4.22,568,5.16,2.67,783,7.12,5.7,0.78,0.78,0.45,0.46,17.42,128.47
867,1119,31313,6866252,604,5.54,4.3,535,4.91,2.53,738,6.77,6.14,0.79,0.77,0.49,0.51,12.75,125.46
868,1051,28344,6209310,626,5.69,3.83,587,5.34,3.05,734,6.67,5.08,0.79,0.78,0.43,0.46,11.37,113.82
869,1032,1492508,2040460081,624,5.43,3.64,560,4.87,2.66,736,6.4,4.79,0.81,0.8,0.45,0.47,14.32,112.16
870,822,318297,421566108,491,5.22,3.81,428,4.55,2.79,587,6.24,5.16,0.75,0.74,0.46,0.48,11.55,106.07
871,985,11979994,15724868103,553,4.77,3.68,460,3.97,2.36,714,6.16,5.05,0.7,0.68,0.47,0.48,14.02,111.1
872,837,26723189,33556925908,482,4.5,3.44,426,3.98,2.06,601,5.62,5.02,0.73,0.71,0.53,0.56,20.83,105.75
873,1031,8337045,11263003008,589,5.17,3.47,544,4.77,2.79,726,6.37,4.96,0.78,0.76,0.46,0.5,12.0,117.76
874,1052,8670356,10266439099,537,5.02,3.37,475,4.44,2.67,659,6.16,4.63,0.72,0.71,0.5,0.52,9.88,101.42
875,920,26554351,32620025903,499,5.09,3.86,416,4.24,2.75,613,6.26,5.19,0.79,0.77,0.5,0.51,14.13,118.23
876,886,23257950,32265038451,542,4.84,3.47,447,3.99,1.75,641,5.72,4.82,0.78,0.75,0.47,0.5,13.46,122.55
877,980,1257319,1667556921,529,4.94,4.12,462,4.32,2.55,651,6.08,5.78,0.82,0.8,0.47,0.5,18.87,111.48
878,912,2954461,3330867971,506,4.87,3.49,465,4.47,3.71,617,5.93,4.88,0.75,0.73,0.49,0.52,13.21,111.85
879,977,21471188,27854109971,586,5.33,3.54,527,4.79,3.02,701,6.37,4.81,0.74,0.72,0.5,0.53,14.16,125.39
880,1062,37370,8291039,622,5.41,4.18,583,5.07,5.18,765,6.65,5.9,0.77,0.75,0.43,0.44,11.11,117.99
881,922,9361161,11192394904,527,4.75,3.79,457,4.12,2.21,662,5.96,4.98,0.7,0.67,0.46,0.49,12.8,114.46
882,983,15274651,19105572162,540,5.29,3.74,481,4.72,2.35,669,6.56,5.41,0.79,0.77,0.43,0.44,15.43,115.73
883,1111,6561116,7816568003,627,5.7,3.66,539,4.9,2.48,751,6.83,5.11,0.77,0.74,0.44,0.46,19.63,115.18
884,1017,2686961,3122786912,595,5.36,3.59,531,4.78,2.61,716,6.45,4.74,0.78,0.76,0.47,0.49,9.7,121.19
885,1001,20218,3650945,577,5.39,3.28,559,5.22,3.28,664,6.21,4.43,0.76,0.73,0.44,0.48,15.18,122.49
886,1024,31438,11653606,525,5.2,3.78,473,4.68,2.31,644,6.38,5.4,0.78,0.76,0.45,0.49,13.21,118.42
887,1059,28280,22836146,574,5.36,3.83,577,5.39,3.88,697,6.51,4.91,0.77,0.77,0.43,0.45,7.39,112.15
888,1094,22479,4573407,599,5.45,3.7,547,4.97,2.57,712,6.47,4.99,0.74,0.73,0.45,0.48,7.73,135.2
889,1026,2334945,3170893770,532,5.32,3.88,563,5.63,6.29,657,6.57,5.35,0.77,0.76,0.44,0.46,14.93,113.99
890,896,32142,23376758,498,5.13,3.6,459,4.73,3.03,602,6.21,4.98,0.76,0.75,0.49,0.49,10.03,114.41
891,1007,1492966,2044399867,565,5.49,3.97,510,4.95,2.57,677,6.57,5.7,0.81,0.79,0.43,0.47,12.16,119.9
892,982,24514,10583640,569,5.69,3.64,526,5.26,2.75,665,6.65,4.87,0.8,0.8,0.46,0.48,14.84,118.34
893,858,15435,2837454,514,4.99,3.5,449,4.36,2.75,606,5.88,4.98,0.77,0.76,0.47,0.48,15.57,121.25
894,830,29293,4861675,424,4.33,3.37,466,4.76,6.66,507,5.17,4.25,0.74,0.73,0.48,0.49,12.92,110.16
895,819,153988,192892893,505,4.43,3.53,416,3.65,1.93,597,5.24,4.53,0.71,0.69,0.51,0.52,14.49,110.73
896,836,899884,1184098693,486,4.5,2.93,488,4.52,3.92,594,5.5,3.98,0.79,0.78,0.5,0.52,11.29,113.71
897,939,13103022,15001490167,485,5.05,3.54,620,6.46,8.82,568,5.92,4.37,0.81,0.79,0.46,0.49,14.66,108.95
898,814,1130734,1498678594,453,4.23,3.28,500,4.67,5.27,537,5.02,4.58,0.76,0.75,0.52,0.56,19.71,101.77
899,822,47805,30909788,514,4.67,3.86,461,4.19,2.85,605,5.5,5.21,0.73,0.71,0.47,0.5,11.26,108.36
900,866,1426635,1809183895,539,4.99,3.37,485,4.49,2.24,649,6.01,4.54,0.81,0.77,0.44,0.48,16.73,122.35
901,1054,40105,14256785,548,4.98,3.74,630,5.73,7.28,660,6.0,5.53,0.8,0.77,0.44,0.47,13.02,117.05
902,933,29921506,35112464385,559,4.78,3.33,499,4.26,2.21,699,5.97,4.55,0.72,0.7,0.46,0.5,21.29,119.01
903,970,109054,18684022,581,5.43,3.61,501,4.68,2.35,693,6.48,4.37,0.77,0.74,0.46,0.48,21.92,125.16
904,1068,2503933,3223444125,582,5.2,3.57,533,4.76,2.69,703,6.28,4.86,0.74,0.7,0.45,0.49,20.41,121.69
905,1164,20344186,27914461173,704,5.97,4.07,636,5.39,3.3,822,6.97,5.51,0.81,0.79,0.41,0.42,17.69,131.03
906,1058,6405923,8723049587,637,5.95,3.92,594,5.55,2.7,749,7.0,5.01,0.84,0.83,0.44,0.47,18.46,130.06
907,1217,19085269,26083108545,729,6.63,4.88,647,5.88,2.7,831,7.55,6.37,0.8,0.79,0.39,0.42,15.84,135.79
908,1537,9305262,12596268109,817,6.38,4.62,802,6.27,3.61,1010,7.89,6.2,0.78,0.75,0.43,0.48,16.06,140.59
909,1433,6121634,7963065095,810,7.5,4.92,752,6.96,4.01,956,8.85,6.31,0.83,0.81,0.39,0.42,15.71,133.56
910,1433,22310967,28149580840,808,6.52,4.27,744,6.0,2.69,942,7.6,5.61,0.82,0.8,0.43,0.47,10.45,140.02
911,1315,10308322,13753798928,739,6.6,4.17,630,5.62,2.2,876,7.82,5.86,0.78,0.76,0.42,0.45,14.13,141.31
912,1305,21262867,24835671854,739,6.97,4.66,673,6.35,3.42,879,8.29,6.51,0.83,0.81,0.42,0.47,13.21,142.73
913,1390,35450685,44667710718,788,6.91,4.57,743,6.52,3.94,959,8.41,6.48,0.79,0.77,0.41,0.45,11.12,136.83
914,1421,22289462,25903374098,769,6.81,4.65,678,6.0,2.46,917,8.12,6.47,0.8,0.76,0.41,0.45,13.03,137.68
915,1364,21455263,26790246870,772,6.6,4.12,697,5.96,3.17,921,7.87,6.08,0.8,0.79,0.4,0.45,10.83,140.95
916,1140,11142759,13095459980,634,6.54,4.47,579,5.97,3.7,765,7.89,6.59,0.84,0.83,0.43,0.48,13.08,137.27
917,1304,10765536,14382110044,586,5.86,3.77,801,8.01,13.65,715,7.15,5.41,0.76,0.73,0.39,0.43,12.1,122.86
918,1506,18469522,24990653839,628,5.87,3.9,1030,9.63,19.12,746,6.97,5.29,0.78,0.77,0.4,0.42,8.98,129.43
919,1125,32856,6671489,533,5.33,3.74,697,6.97,12.4,629,6.29,4.9,0.79,0.77,0.47,0.5,12.11,128.11
920,911,31400,14340831,537,5.71,3.75,471,5.01,2.65,651,6.93,5.21,0.77,0.75,0.48,0.5,16.4,122.49
921,1057,2139297,2959221676,629,6.23,3.67,551,5.46,2.34,766,7.58,5.37,0.8,0.78,0.43,0.47,16.8,125.69
922,1025,730606,925923994,606,5.77,3.91,518,4.93,2.73,731,6.96,5.15,0.79,0.77,0.5,0.54,15.95,119.05
923,1073,53242,28000515,608,5.53,4.02,532,4.84,2.99,773,7.03,5.5,0.75,0.72,0.46,0.48,17.95,120.63
924,1012,94833,92235350,617,5.32,4.16,538,4.64,2.55,743,6.41,5.5,0.78,0.76,0.45,0.5,15.24,118.89
925,1031,3285100,4372603083,560,5.44,3.81,489,4.75,2.7,705,6.84,5.26,0.77,0.75,0.48,0.5,17.21,112.95
926,1065,943079,1168136308,630,6.06,4.64,523,5.03,2.87,762,7.33,6.17,0.77,0.74,0.48,0.52,16.26,115.09
927,1239,6823760,9486439607,652,6.04,4.13,586,5.43,2.86,829,7.68,5.99,0.78,0.77,0.44,0.49,15.09,114.23
928,1208,8291859,11304255426,652,6.39,4.49,618,6.06,4.62,814,7.98,6.23,0.82,0.81,0.48,0.5,20.24,117.96
929,1183,160573,185117515,672,5.79,3.81,576,4.97,2.38,826,7.12,5.31,0.78,0.76,0.43,0.45,16.95,120.78
930,1173,1508904,1550816821,639,5.65,3.97,572,5.06,2.62,807,7.14,5.84,0.79,0.77,0.49,0.52,14.71,111.17
931,1219,10826508,14670144936,650,6.13,4.02,615,5.8,3.65,798,7.53,5.55,0.78,0.76,0.45,0.47,14.5,115.18
932,1159,8107662,10954956973,613,5.47,4.13,543,4.85,2.65,733,6.54,5.9,0.78,0.75,0.44,0.45,18.35,116.93
933,1249,1336131,1351207246,683,6.7,4.29,620,6.08,2.75,844,8.27,6.42,0.8,0.79,0.42,0.45,15.49,128.55
934,1218,2187516,3059686334,690,6.63,4.56,613,5.89,3.22,823,7.91,6.1,0.84,0.84,0.42,0.47,12.49,123.76
935,1238,1538517,2091538984,645,6.2,4.19,580,5.58,2.67,799,7.68,6.47,0.79,0.77,0.43,0.47,10.06,126.73
936,1367,105119,118496019,668,6.02,4.44,612,5.51,3.17,841,7.58,6.59,0.73,0.71,0.44,0.48,15.0,117.41
937,1143,1123595,1504578511,584,5.31,4.28,494,4.49,2.08,719,6.54,6.15,0.75,0.73,0.44,0.46,15.66,114.87
938,1304,1152838,1555560111,712,6.3,4.74,642,5.68,3.22,861,7.62,6.56,0.79,0.76,0.45,0.48,15.22,126.73
939,1299,26098,6235188,691,6.34,4.64,637,5.84,2.85,834,7.65,6.36,0.78,0.77,0.44,0.47,12.16,115.9
940,1262,31371,6111458,657,6.64,4.09,640,6.46,3.07,809,8.17,6.05,0.8,0.79,0.39,0.42,9.29,121.28
941,1648,1166755,1536789857,663,6.14,3.77,1001,9.27,18.07,818,7.57,5.97,0.75,0.72,0.43,0.46,8.18,127.62
942,1948,24373,3959210,658,5.93,4.77,1094,9.86,19.71,812,7.32,7.07,0.79,0.77,0.42,0.45,7.02,128.13
943,1725,1247923,1638367275,756,6.25,4.87,962,7.95,14.97,935,7.73,6.49,0.77,0.74,0.42,0.46,9.71,119.05
944,1461,3639415,4221712907,769,6.52,4.54,707,5.99,3.62,975,8.26,6.27,0.73,0.7,0.42,0.45,13.61,129.71
945,2322,2160769,2934097169,644,6.38,3.9,633,6.27,4.93,791,7.83,5.44,0.81,0.78,0.41,0.46,11.57,139.31
946,2063,5470876,6402107784,690,6.05,4.31,608,5.33,2.44,796,6.98,6.27,0.79,0.77,0.44,0.47,11.8,138.87
947,2124,2843588,2902084972,670,6.5,4.13,631,6.13,5.06,804,7.81,5.61,0.79,0.76,0.4,0.44,14.16,143.49
948,2347,2421216,3160890672,754,6.28,3.79,738,6.15,3.48,929,7.74,5.27,0.76,0.74,0.41,0.48,9.46,142.17
949,2268,1711045,2171014617,681,6.36,4.65,581,5.43,3.13,876,8.19,6.83,0.76,0.73,0.46,0.52,8.63,133.17
950,2480,4303675,4349341523,812,6.2,4.0,746,5.69,3.19,1017,7.76,5.55,0.75,0.73,0.42,0.47,9.44,134.19
951,2403,4854102,6741162257,734,6.07,4.17,666,5.5,3.19,885,7.31,5.52,0.75,0.73,0.39,0.44,8.08,139.11
952,2155,15897786,20203488120,819,7.0,4.16,783,6.69,4.04,986,8.43,5.72,0.8,0.78,0.42,0.47,10.98,134.1
953,1327,20842542,27103217875,732,6.65,4.84,687,6.25,3.86,906,8.24,6.57,0.79,0.77,0.42,0.45,19.51,117.43
954,1208,17186034,22191462669,648,5.68,4.13,613,5.38,3.4,792,6.95,5.8,0.79,0.77,0.46,0.5,16.37,121.99
955,1230,13005646,17596075280,679,6.17,4.1,611,5.55,2.81,824,7.49,5.75,0.8,0.78,0.43,0.43,16.39,115.44
956,1279,32246386,43091849564,668,5.86,3.47,663,5.82,3.29,832,7.3,4.94,0.77,0.74,0.4,0.43,12.39,116.52
957,1197,5991816,6811831291,594,5.82,4.08,498,4.88,2.21,736,7.22,5.86,0.76,0.74,0.47,0.48,14.91,111.93
958,1552,25829309,33635630328,750,6.47,4.15,696,6.0,3.36,967,8.34,6.37,0.77,0.76,0.43,0.45,13.3,119.94
959,1397,42277739,56535847352,723,6.34,3.79,705,6.18,3.34,857,7.52,5.37,0.81,0.8,0.43,0.47,12.77,123.96
960,1280,21676998,27625960149,667,6.48,4.27,603,5.85,2.75,781,7.58,5.8,0.78,0.76,0.46,0.46,10.49,125.14
961,1357,11692936,15677975089,682,6.37,4.61,659,6.16,3.51,825,7.71,6.19,0.83,0.81,0.38,0.41,15.94,127.33
962,1500,16668297,22048624892,709,6.45,4.58,619,5.63,2.83,840,7.64,6.39,0.82,0.81,0.39,0.42,10.92,136.06
963,1341,16570261,21985277057,676,6.32,5.34,599,5.6,3.79,791,7.39,7.25,0.79,0.78,0.45,0.47,10.41,121.94
964,1389,17562568,24041568321,720,6.61,4.93,676,6.2,5.07,848,7.78,6.78,0.79,0.77,0.43,0.43,15.21,119.69
965,1209,20330,3664394,660,6.35,4.72,597,5.74,4.65,757,7.28,6.71,0.79,0.78,0.43,0.46,11.54,121.89
966,1289,36068768,49077229733,657,5.92,4.76,596,5.37,4.42,800,7.21,7.2,0.77,0.75,0.44,0.47,15.0,117.79
967,1370,24561719,33035377456,745,6.54,4.91,656,5.75,2.9,896,7.86,6.31,0.79,0.77,0.43,0.45,14.98,125.16
968,1262,8737466,11568889839,668,6.19,4.12,647,5.99,3.42,825,7.64,5.9,0.77,0.77,0.43,0.44,14.3,112.3
969,1221,8749631,11590744809,583,5.61,4.41,507,4.88,2.93,744,7.15,7.08,0.79,0.78,0.43,0.46,13.75,112.25
970,1080,800830,1048565157,548,5.77,4.49,486,5.12,2.68,650,6.84,6.24,0.85,0.84,0.39,0.4,19.58,117.87
971,1306,1624808,2225663336,678,6.46,4.45,622,5.92,3.28,821,7.82,6.79,0.82,0.79,0.45,0.47,13.72,118.27
972,1184,31705,5990660,655,6.36,4.52,638,6.19,4.02,792,7.69,6.38,0.8,0.79,0.42,0.46,13.69,115.34
973,1307,2899241,4004931095,683,6.04,4.22,609,5.39,2.64,840,7.43,6.25,0.79,0.76,0.42,0.44,9.8,125.49
974,1245,1266382,1686421095,664,6.15,4.37,627,5.81,3.44,808,7.48,5.93,0.79,0.77,0.42,0.47,15.96,116.93
975,1256,32122,9695364,649,6.43,4.53,623,6.17,3.55,773,7.65,6.13,0.86,0.85,0.45,0.47,17.51,112.86
976,1177,26196,5953289,598,5.86,4.38,535,5.25,2.77,729,7.15,6.82,0.82,0.8,0.45,0.5,11.64,118.65
977,1338,1190666,1571301231,694,6.37,4.07,682,6.26,3.8,850,7.8,5.65,0.8,0.78,0.41,0.44,15.6,110.45
978,1289,2854386,3900231444,663,5.82,4.04,614,5.39,3.24,828,7.26,5.91,0.8,0.78,0.44,0.46,14.36,117.88
979,1245,1707972,2387352242,645,6.45,4.24,580,5.8,3.0,770,7.7,6.32,0.84,0.83,0.43,0.43,14.81,113.37
980,1313,2477404,3360917616,695,6.5,4.37,605,5.65,3.06,830,7.76,5.95,0.82,0.81,0.42,0.44,15.14,121.44
981,1393,1689402,2336324774,713,6.25,4.25,691,6.06,3.32,873,7.66,6.4,0.85,0.84,0.44,0.47,13.01,114.26
982,1436,29715,7196900,738,6.9,4.63,714,6.67,4.58,920,8.6,6.72,0.84,0.83,0.44,0.47,12.28,111.51
983,1401,25855,4590195,730,6.29,3.81,704,6.07,3.18,888,7.66,5.47,0.78,0.78,0.46,0.48,9.83,113.68
984,1420,1683896,2352850936,747,6.67,4.62,711,6.35,3.19,921,8.22,6.49,0.83,0.82,0.44,0.47,11.86,113.7
985,1375,2157326,2918374390,738,6.59,4.41,708,6.32,4.4,857,7.65,6.17,0.8,0.78,0.41,0.44,11.29,117.45
986,1199,1480822,1711005061,584,5.96,4.47,533,5.44,3.68,705,7.19,6.8,0.84,0.82,0.43,0.45,14.73,115.73
987,1283,2306827,3189014737,659,6.16,4.27,623,5.82,3.83,805,7.52,6.49,0.8,0.8,0.37,0.39,11.05,116.81
988,1305,985621,1324084878,685,6.52,4.45,628,5.98,3.64,802,7.64,6.25,0.75,0.72,0.42,0.45,11.2,116.19
989,1649,17027,3054972,674,6.42,4.31,945,9.0,14.57,801,7.63,6.2,0.83,0.82,0.44,0.47,8.68,116.34
990,1597,940039,1226942038,632,5.64,4.13,953,8.51,15.54,744,6.64,6.37,0.82,0.8,0.44,0.49,9.28,121.19
991,1502,495397,701688747,650,6.37,5.15,795,7.79,12.62,804,7.88,7.46,0.8,0.77,0.45,0.47,12.87,119.17
992,1318,1772665,2361035812,714,6.74,4.3,703,6.63,4.01,862,8.13,6.09,0.82,0.82,0.41,0.42,10.36,114.89
993,1203,36871,6889316,610,5.6,4.1,571,5.24,3.34,755,6.93,6.04,0.79,0.79,0.46,0.5,15.62,114.56
994,1311,1541562,2170395538,699,6.24,4.34,629,5.62,2.8,810,7.23,5.71,0.79,0.78,0.44,0.47,13.38,126.44
995,1717,1665525,2248344091,641,6.41,4.26,631,6.31,5.62,820,8.2,6.49,0.81,0.78,0.4,0.42,11.69,131.77
996,1596,1930193,2637252777,676,6.15,4.26,603,5.48,2.84,826,7.51,6.05,0.79,0.77,0.38,0.41,10.04,135.83
997,1388,3951190,5383061439,635,5.62,3.87,589,5.21,2.89,807,7.14,5.66,0.78,0.75,0.41,0.44,10.5,129.85
998,1139,23719,5107249,533,5.79,4.52,453,4.92,2.77,615,6.68,6.13,0.78,0.77,0.42,0.44,13.22,133.64
999,1112,931630,1101831571,563,5.47,3.99,491,4.77,2.79,670,6.5,5.26,0.79,0.77,0.43,0.47,12.59,131.75
1000,1118,1113716,1505005154,554,5.43,3.56,501,4.91,2.85,671,6.58,5.24,0.84,0.84,0.45,0.5,13.39,133.26
1001,1082,614916,793773175,578,5.45,3.6,507,4.78,2.65,653,6.16,4.78,0.83,0.82,0.41,0.45,12.49,133.99
1002,1075,790414,1034846838,533,5.49,3.89,449,4.63,2.31,647,6.67,5.47,0.79,0.78,0.47,0.5,16.45,131.52
1003,1138,2765304,3376284530,578,5.5,3.79,522,4.97,2.75,685,6.52,5.34,0.82,0.8,0.42,0.48,11.31,134.85
1004,1207,2397666,3249647888,642,6.17,4.02,597,5.74,2.99,774,7.44,5.57,0.8,0.78,0.45,0.47,10.42,121.45
1005,1416,3352490,4705417949,708,6.74,4.23,697,6.64,5.95,895,8.52,5.94,0.81,0.8,0.42,0.46,10.84,117.25
1006,1302,36221,13213245,683,6.1,4.07,636,5.68,3.35,830,7.41,6.1,0.77,0.76,0.44,0.46,12.75,108.47
1007,1298,267943,273747081,672,6.59,4.15,668,6.55,4.13,811,7.95,5.52,0.78,0.77,0.46,0.47,10.49,115.15
1008,1497,1975291,2663024920,692,6.41,5.11,633,5.86,3.43,848,7.85,7.39,0.77,0.77,0.42,0.44,13.16,133.78
1009,1284,798863,1056098552,704,6.23,4.14,607,5.37,2.35,802,7.1,5.86,0.84,0.83,0.39,0.42,9.86,130.54
1010,1305,20085,5805700,703,7.17,4.99,628,6.41,4.29,831,8.48,7.04,0.8,0.78,0.4,0.41,12.22,117.98
1011,1242,1853736,2616175523,631,6.44,4.92,522,5.33,2.68,734,7.49,7.08,0.79,0.77,0.41,0.42,12.09,125.01
1012,1131,1436442,1941831910,629,6.23,4.71,575,5.69,3.95,742,7.35,6.53,0.81,0.8,0.43,0.45,13.61,127.92
1013,825,18575,9944023,435,4.83,4.62,341,3.79,2.14,535,5.94,6.78,0.77,0.75,0.5,0.52,16.82,115.35
1014,899,1736655,2410723296,529,5.19,3.39,444,4.35,2.14,599,5.87,4.55,0.81,0.8,0.43,0.45,12.38,129.2
1015,810,1744553,2112137015,488,5.67,4.5,412,4.79,2.26,542,6.3,5.71,0.85,0.84,0.41,0.45,15.78,137.88
1016,852,643974,44308909,515,5.26,3.78,460,4.69,2.3,593,6.05,4.68,0.83,0.82,0.45,0.47,10.67,136.55
1017,954,4902125,6784549958,568,5.62,4.09,494,4.89,2.98,655,6.49,5.15,0.85,0.82,0.43,0.45,17.55,137.1
1018,901,6013776,7119532789,534,5.39,3.74,475,4.8,2.59,607,6.13,4.52,0.83,0.81,0.42,0.44,11.62,144.22
1019,771,2480579,2511168644,470,5.4,3.42,403,4.63,2.09,544,6.25,4.22,0.82,0.79,0.41,0.42,14.91,131.01
1020,799,2264768,2645513333,474,5.39,3.91,406,4.61,2.64,533,6.06,4.89,0.83,0.81,0.45,0.47,14.18,127.55
1021,819,25974,5715087,464,4.88,2.79,414,4.36,1.83,528,5.56,3.81,0.83,0.81,0.43,0.47,19.48,134.11
1022,1013,2870521,2897913670,563,5.74,3.35,504,5.14,2.16,658,6.71,4.7,0.85,0.82,0.42,0.48,14.11,148.04
1023,1058,29821581,33023359066,596,5.62,3.22,530,5.0,2.12,673,6.35,4.21,0.83,0.8,0.39,0.41,12.07,152.38
1024,1189,3076318,3111312054,641,5.88,3.77,565,5.18,2.25,723,6.63,5.07,0.86,0.85,0.39,0.41,9.35,158.14
1025,1163,12627795,15364391681,642,5.68,3.52,582,5.15,2.12,739,6.54,4.85,0.81,0.78,0.38,0.4,10.17,148.8
1026,1175,7029647,8566750350,678,5.65,3.44,627,5.22,2.63,757,6.31,4.45,0.82,0.79,0.4,0.42,11.94,145.64
1027,1084,895302,1177888852,616,5.92,3.69,547,5.26,2.64,704,6.77,4.82,0.86,0.85,0.39,0.4,10.27,141.75
1028,1096,25132843,32505061245,611,6.23,3.85,515,5.26,2.02,703,7.17,5.22,0.78,0.76,0.38,0.4,10.38,149.32
1029,1381,19233371,22874052851,738,6.25,3.42,641,5.43,2.21,829,7.03,4.86,0.83,0.81,0.39,0.43,10.11,155.13
1030,1434,24209802,27324401840,736,6.34,3.64,672,5.79,2.83,829,7.15,5.1,0.82,0.8,0.32,0.33,9.79,165.28
1031,1506,18280350,24450165065,770,6.53,3.95,700,5.93,2.69,866,7.34,4.77,0.83,0.81,0.38,0.42,10.6,164.26
1032,1381,9142807,12222389251,704,6.77,3.71,635,6.11,2.63,781,7.51,4.98,0.86,0.85,0.36,0.4,8.66,163.29
1033,1388,11794749,15781261607,712,6.41,3.65,635,5.72,2.35,789,7.11,5.12,0.85,0.83,0.37,0.42,8.75,163.6
1034,1307,50207,40207936,656,6.56,3.96,592,5.92,2.38,763,7.63,5.34,0.86,0.85,0.37,0.42,8.57,163.72
1035,1504,952678,1264181341,758,6.77,4.02,707,6.31,3.31,859,7.67,5.42,0.84,0.82,0.38,0.43,10.42,160.81
1036,1193,17401,4039740,574,6.04,4.53,489,5.15,2.65,662,6.97,6.63,0.8,0.79,0.41,0.43,10.43,134.28
1037,1191,521938,700744868,639,5.71,3.79,574,5.12,2.89,740,6.61,5.37,0.8,0.79,0.42,0.45,8.99,136.25
1038,1025,1981377,2682387552,545,5.19,3.49,498,4.74,2.78,639,6.09,4.82,0.82,0.81,0.45,0.46,10.29,125.25
1039,1025,3704871,4491821493,574,5.22,3.65,491,4.46,2.64,690,6.27,4.78,0.76,0.73,0.44,0.47,9.12,117.81
1040,850,3717030,3646042422,486,4.91,3.72,410,4.14,2.47,567,5.73,4.85,0.83,0.82,0.54,0.55,14.25,117.18
1041,900,14263186,17616061804,514,4.8,3.55,477,4.46,3.1,621,5.8,5.06,0.8,0.79,0.48,0.5,10.48,116.44
1042,911,8151170,10149782640,547,4.8,3.33,482,4.23,2.33,644,5.65,4.52,0.75,0.74,0.49,0.52,13.87,118.05
1043,888,3823611,4653027273,520,4.86,3.71,442,4.13,2.36,628,5.87,5.45,0.72,0.69,0.49,0.5,15.67,110.46
1044,1014,1933768,2595814411,593,5.59,4.37,500,4.72,2.82,686,6.47,5.62,0.82,0.78,0.44,0.46,17.99,116.51
1045,1072,2716355,2231139596,592,5.29,3.71,504,4.5,2.41,703,6.28,5.55,0.82,0.81,0.49,0.49,15.63,118.24
1046,1171,20242269,26203452239,661,5.55,4.28,575,4.83,2.54,782,6.57,5.72,0.79,0.76,0.45,0.49,11.86,117.61
1047,1106,78790,65532551,644,5.19,4.15,558,4.5,2.42,749,6.04,5.7,0.78,0.75,0.44,0.46,14.36,115.79
1048,1152,38519599,50504319654,670,5.63,3.98,618,5.19,2.61,788,6.62,5.38,0.83,0.82,0.41,0.45,18.17,117.5
1049,1189,811600,1008311715,673,5.38,4.23,587,4.7,2.45,802,6.42,5.79,0.78,0.76,0.45,0.47,14.59,117.92
1050,1298,4283177,5883935848,709,5.76,3.77,643,5.23,2.34,803,6.53,4.74,0.82,0.81,0.42,0.46,16.46,126.57
1051,1559,11397061,15079496487,801,6.11,4.21,754,5.76,3.84,942,7.19,5.49,0.81,0.8,0.44,0.46,9.35,131.96
1052,1319,1132930,1225013376,685,5.85,4.39,614,5.25,3.06,818,6.99,5.81,0.82,0.8,0.43,0.45,11.39,131.56
1053,1543,1966618,2572980219,828,6.68,4.5,779,6.28,3.9,966,7.79,6.03,0.83,0.82,0.42,0.46,11.2,134.17
1054,1557,14210890,19340268263,820,6.46,4.33,749,5.9,3.01,947,7.46,5.64,0.78,0.75,0.43,0.46,8.41,127.18
1055,1563,10434528,13771894700,790,6.22,3.94,772,6.08,3.41,974,7.67,5.24,0.79,0.77,0.42,0.45,7.13,130.4
1056,1668,316345,371504535,826,6.66,4.67,788,6.35,3.56,981,7.91,6.35,0.82,0.8,0.39,0.43,8.89,144.25
1057,1459,10207284,13198913137,749,6.87,5.13,693,6.36,4.15,867,7.95,6.9,0.8,0.78,0.43,0.44,6.93,145.97
1058,1438,3599432,5073630871,760,6.73,4.45,686,6.07,3.09,894,7.91,6.23,0.8,0.78,0.39,0.42,12.14,141.8
1059,1219,22917872,30521155592,643,6.37,4.21,571,5.65,2.8,754,7.47,5.76,0.79,0.77,0.42,0.43,13.71,134.91
1060,1193,19058300,26017037008,611,5.99,4.85,540,5.29,3.25,685,6.72,6.58,0.83,0.82,0.41,0.42,14.31,135.51
1061,1087,3320980,4511902605,546,5.52,4.32,494,4.99,2.96,659,6.66,5.87,0.79,0.77,0.44,0.46,13.48,129.69
1062,972,14192505,18094030480,500,5.0,4.03,441,4.41,2.73,608,6.08,5.49,0.78,0.77,0.47,0.47,15.01,127.35
1063,977,66724,61824262,532,5.27,4.04,440,4.36,2.08,627,6.21,5.53,0.75,0.73,0.45,0.46,17.02,122.34
1064,1277,574105,696416007,551,5.35,3.7,471,4.57,2.81,649,6.3,5.13,0.78,0.78,0.44,0.44,10.71,131.16
1065,954,300269,263172382,524,5.24,3.67,459,4.59,2.53,618,6.18,5.09,0.81,0.79,0.44,0.47,19.53,128.88
1066,879,1035053,1057287151,491,4.96,3.53,421,4.25,2.68,559,5.65,4.48,0.77,0.74,0.45,0.48,17.07,114.42
1067,884,22993571,28183350811,527,5.02,3.95,467,4.45,2.68,608,5.79,4.97,0.76,0.75,0.51,0.52,21.86,108.84
1068,973,35335948,43262482384,584,5.12,3.67,521,4.57,2.52,672,5.89,4.8,0.79,0.78,0.49,0.52,21.99,115.22
1069,1360,18652045,22198000674,692,5.97,3.47,662,5.71,3.11,779,6.72,4.47,0.83,0.8,0.45,0.48,16.15,131.34
1070,1333,27522064,31190238301,715,5.72,3.4,669,5.35,3.07,797,6.38,4.4,0.78,0.75,0.42,0.45,11.1,140.46
1071,1298,19994586,25907678210,718,6.3,4.1,646,5.67,3.4,835,7.32,5.65,0.79,0.76,0.43,0.47,9.14,143.48
1072,1344,20419722,23932223611,791,6.28,4.29,729,5.79,2.99,893,7.09,5.3,0.8,0.78,0.39,0.46,13.92,150.85
1073,919,38105945,45422522785,539,4.86,3.69,470,4.23,2.12,629,5.67,5.25,0.8,0.79,0.48,0.52,19.05,118.87
1074,1164,880038,796629897,611,5.61,3.88,580,5.32,3.41,710,6.51,5.37,0.79,0.77,0.39,0.42,15.1,131.15
1075,1434,20941886,25387702848,750,6.47,4.01,720,6.21,3.49,867,7.47,5.64,0.81,0.79,0.43,0.48,15.49,138.86
1076,1305,21248662,25979073701,724,6.3,4.17,677,5.89,3.44,839,7.3,5.54,0.83,0.8,0.4,0.44,12.41,147.77
1077,1461,9832443,12689421611,780,6.19,4.2,777,6.17,3.69,929,7.37,5.6,0.84,0.82,0.38,0.44,13.15,136.54
1078,1364,22249309,25361709337,760,6.79,4.08,732,6.54,3.23,875,7.81,5.55,0.86,0.84,0.38,0.41,12.85,139.0
1079,1391,11552384,13179240774,829,6.74,4.17,784,6.37,3.14,935,7.6,5.67,0.8,0.78,0.38,0.42,9.15,142.73
1080,1345,21236063,26072891495,744,6.31,4.08,706,5.98,3.79,869,7.36,5.89,0.79,0.77,0.42,0.45,9.78,137.03
1081,1247,28709274,36244717193,688,6.95,4.35,635,6.41,3.44,777,7.85,5.78,0.84,0.82,0.41,0.46,10.51,140.14
1082,1299,11327860,13050493401,734,6.99,4.59,672,6.4,3.33,828,7.89,6.45,0.82,0.81,0.42,0.47,13.93,138.7
1083,1302,22811019,26185313727,764,6.7,3.98,692,6.07,2.32,853,7.48,5.35,0.82,0.81,0.37,0.43,10.31,136.98
1084,1104,15639529,19027321151,654,5.79,3.99,596,5.27,3.01,743,6.58,5.24,0.81,0.78,0.42,0.46,9.22,128.72
1085,1005,2023099,2794483146,564,5.13,4.15,494,4.49,2.57,673,6.12,5.83,0.77,0.75,0.44,0.48,9.77,115.83
1086,851,11651960,13170681649,485,4.75,3.59,419,4.11,1.96,537,5.26,4.5,0.75,0.74,0.45,0.46,18.8,112.81
1087,853,9299966,10905324818,485,4.58,3.75,426,4.02,2.46,558,5.26,5.0,0.75,0.74,0.48,0.49,14.1,113.74
1088,918,10905105,12427941486,550,5.0,3.97,468,4.25,2.45,643,5.85,5.43,0.78,0.77,0.44,0.45,16.95,101.94
1089,851,12530694,14429368678,463,4.77,3.62,386,3.98,2.24,551,5.68,5.07,0.73,0.72,0.48,0.49,16.16,108.19
1090,775,40253,25426836,452,4.61,3.68,403,4.11,2.28,529,5.4,5.05,0.76,0.73,0.44,0.46,14.93,119.57
1091,827,48096,22783628,494,4.8,3.63,448,4.35,2.56,570,5.53,4.81,0.82,0.81,0.49,0.52,18.83,109.94
1092,1875,116780,96221241,798,8.4,25.85,434,4.57,2.62,1313,13.82,59.76,0.83,0.82,0.47,0.48,12.62,113.88
1093,5353,1396711,1773918682,1599,13.67,50.82,547,4.68,3.02,3532,30.19,142.41,0.79,0.76,0.47,0.49,13.43,136.19
1094,1605,1191196,1584876188,723,6.89,17.53,496,4.72,3.06,1056,10.06,42.57,0.77,0.76,0.47,0.49,15.11,120.79
1095,1335,204206,262042806,688,6.68,13.68,455,4.42,2.8,903,8.77,24.43,0.83,0.81,0.45,0.46,14.79,112.47
1096,3052,7652624,9020039138,1031,9.46,32.8,519,4.76,2.66,1900,17.43,87.04,0.75,0.72,0.41,0.42,13.9,119.62
1097,2710,11125207,13087656272,959,8.64,27.84,664,5.98,4.13,1704,15.35,86.39,0.83,0.81,0.46,0.48,12.77,114.07
1098,3821,21586253,25577405926,1267,10.74,38.84,697,5.91,4.23,2448,20.75,119.63,0.79,0.76,0.45,0.48,14.62,111.8
1099,7620,2545653,2963852862,1877,15.39,59.62,605,4.96,3.12,4541,37.22,186.33,0.78,0.76,0.46,0.49,12.89,118.17
1100,1524,471034,604323006,803,6.58,10.74,697,5.71,4.26,1024,8.39,19.23,0.79,0.78,0.42,0.44,11.77,128.5
1101,6969,296968,225670571,1918,15.98,58.3,720,6.0,4.17,4199,34.99,158.91,0.82,0.8,0.44,0.46,12.04,116.82
1102,1141,10652132,12728629707,613,6.07,4.22,610,6.04,3.97,701,6.94,5.79,0.85,0.85,0.44,0.47,10.83,110.18
1103,1267,31680895,37896401024,712,6.41,3.66,736,6.63,4.01,827,7.45,5.4,0.83,0.81,0.45,0.49,14.47,121.9
1104,1226,32025212,37986282577,625,6.72,9.09,508,5.46,2.82,777,8.35,14.37,0.82,0.8,0.45,0.45,14.98,121.68
1105,7019,265396,170629272,1886,19.65,70.13,546,5.69,4.05,4414,45.98,207.7,0.82,0.79,0.46,0.49,13.66,123.79
1106,1728,58453,36523888,822,8.22,18.02,585,5.85,3.08,1149,11.49,38.05,0.8,0.78,0.46,0.48,13.65,118.05
1107,5893,2774930,3691861211,1614,15.37,55.49,536,5.1,2.84,3564,33.94,155.66,0.8,0.79,0.43,0.46,12.57,118.45
1108,2604,84169,54606295,852,8.61,28.51,562,5.68,3.4,1430,14.44,77.49,0.82,0.81,0.44,0.48,14.25,115.1
1109,897,976676,1296011729,482,4.92,3.43,462,4.71,2.5,586,5.98,5.26,0.83,0.82,0.44,0.48,18.37,121.95
1110,815,34445,33258680,475,4.95,3.75,444,4.62,2.79,539,5.61,4.75,0.8,0.8,0.51,0.55,15.93,117.69
1111,1589,131850,98114167,741,7.34,17.44,544,5.39,3.07,999,9.89,33.65,0.82,0.8,0.45,0.47,15.85,121.43
1112,4987,271481,240480963,1689,15.93,52.03,555,5.24,2.91,3425,32.31,129.33,0.83,0.8,0.46,0.48,20.93,113.38
1113,1035,2922629,3987012995,593,5.7,5.01,515,4.95,3.25,715,6.88,7.27,0.78,0.76,0.48,0.51,21.18,106.56
1114,1050,68837,26013108,622,5.87,5.3,544,5.13,3.61,721,6.8,7.3,0.81,0.8,0.47,0.49,16.94,116.78
1115,1061,9847179,12982043907,624,5.57,6.4,510,4.55,2.73,728,6.5,9.07,0.79,0.78,0.49,0.52,23.58,109.67
1116,985,921365,960696011,558,4.98,3.59,514,4.59,2.72,665,5.94,4.96,0.79,0.77,0.47,0.48,11.58,121.78
1117,1218,413528,226466651,636,5.94,4.6,621,5.8,3.66,755,7.06,6.3,0.82,0.8,0.45,0.49,12.25,121.43
1118,3172,9087544,12561242723,1167,11.01,28.87,605,5.71,3.17,1937,18.27,68.96,0.82,0.8,0.42,0.44,13.6,127.76
1119,12348,6011795,7772489480,2605,22.26,83.24,647,5.53,3.49,7111,60.78,270.65,0.81,0.79,0.45,0.49,11.52,131.09
1120,1376,3888954,5480895782,744,6.2,4.18,737,6.14,3.64,889,7.41,5.93,0.81,0.8,0.42,0.46,12.94,128.03
1121,1175,146451,49934438,618,5.42,3.98,583,5.11,3.09,741,6.5,5.89,0.8,0.79,0.45,0.47,14.32,121.88
1122,1033,15696,2306532,553,4.94,3.85,493,4.4,3.15,670,5.98,6.14,0.73,0.7,0.45,0.46,17.66,112.0
1123,1100,2505249,3598314398,604,5.35,4.14,578,5.12,3.65,728,6.44,5.48,0.73,0.7,0.43,0.45,20.04,118.06
1124,1487,1170507,1549694410,755,6.29,11.26,630,5.25,3.31,983,8.19,21.19,0.81,0.79,0.43,0.46,18.3,121.22
1125,5270,3974707,5420663372,1737,15.37,50.26,639,5.65,3.59,3619,32.03,136.17,0.82,0.79,0.45,0.45,19.63,120.36
1126,11209,13603137,17911415957,2773,24.11,82.06,609,5.3,3.27,7341,63.83,250.93,0.82,0.8,0.42,0.49,15.72,121.38
1127,7523,7712543,10538017681,2192,19.93,63.65,632,5.75,3.79,5059,45.99,175.66,0.88,0.86,0.42,0.44,13.56,121.93
1128,7079,8896729,11674266678,2176,21.13,62.8,665,6.46,3.79,4720,45.83,164.44,0.81,0.8,0.4,0.42,12.24,130.58
1129,6428,4758709,5951299645,1946,18.71,57.63,546,5.25,3.9,4361,41.93,153.93,0.84,0.82,0.45,0.46,15.92,117.99
1130,6937,1875119,1845948449,2158,18.77,57.67,689,5.99,3.92,4675,40.65,152.18,0.83,0.8,0.4,0.42,10.31,130.13
1131,8144,3224018,4372415909,2288,20.99,68.97,596,5.47,2.76,5276,48.4,197.36,0.83,0.81,0.4,0.43,11.91,119.18
1132,5627,5822323,6529274706,1935,17.12,50.41,653,5.78,3.17,3869,34.24,119.53,0.81,0.79,0.44,0.46,11.49,116.54
1133,8698,1069163,611455264,2113,20.51,65.78,1361,13.21,40.43,5085,49.37,195.42,0.81,0.76,0.44,0.49,11.16,109.47
1134,8205,4628298,5894263958,2066,19.31,60.14,1880,17.57,54.45,4527,42.31,156.56,0.85,0.83,0.4,0.43,10.54,117.88
1135,5809,6735322,9661006900,1955,17.3,53.21,807,7.14,12.88,3945,34.91,126.99,0.83,0.82,0.47,0.48,13.51,116.34
1136,5382,5071134,5450849404,1866,18.12,54.92,538,5.22,3.44,3813,37.02,131.68,0.8,0.78,0.44,0.46,14.65,111.53
1137,5156,7943919,10454390429,1768,16.37,50.68,504,4.67,2.65,3609,33.42,126.48,0.81,0.79,0.41,0.43,12.79,124.22
1138,6364,6194331,6524643204,1938,17.15,54.05,552,4.88,2.84,4120,36.46,133.44,0.77,0.76,0.45,0.49,12.51,128.69
1139,6862,3043060,3000803154,1968,19.88,63.27,436,4.4,2.45,4509,45.55,167.04,0.82,0.79,0.4,0.43,17.64,122.12
1140,3427,10272419,13061729331,1319,13.19,40.85,502,5.02,2.68,2394,23.94,92.68,0.86,0.83,0.42,0.46,19.84,122.8
1141,997,8710181,11970150853,506,4.56,3.41,454,4.09,2.13,611,5.5,4.81,0.77,0.75,0.46,0.47,13.63,119.97
1142,997,1572476,2002592165,561,5.01,3.5,493,4.4,2.32,641,5.72,4.44,0.79,0.77,0.42,0.44,14.03,127.61
1143,1016,3679370,5280629324,573,5.16,3.77,520,4.68,2.56,668,6.02,4.96,0.81,0.79,0.41,0.42,12.57,134.18
1144,1032,8551415,12031475425,568,5.07,3.3,514,4.59,2.32,667,5.96,4.41,0.84,0.82,0.42,0.43,10.98,139.93
1145,2364,1136522,1485173614,927,9.66,29.75,467,4.86,2.2,1535,15.99,68.66,0.84,0.83,0.43,0.43,18.05,125.42
1146,1152,6363434,8903149415,589,5.61,3.85,527,5.02,2.91,699,6.66,5.35,0.8,0.78,0.45,0.46,14.13,128.15
1147,1416,3651120,4914823807,732,6.84,9.29,615,5.75,3.07,904,8.45,15.6,0.86,0.85,0.42,0.46,12.7,131.37
1148,5532,5075983,7034879368,1893,16.18,50.06,602,5.15,2.91,3820,32.65,118.25,0.81,0.77,0.41,0.43,14.06,112.32
1149,5372,2465930,2728088369,1648,14.21,50.7,541,4.66,3.08,3532,30.45,135.92,0.8,0.79,0.45,0.48,11.06,113.44
1150,1150,1371462,1851280773,627,5.75,4.67,524,4.81,2.51,734,6.73,6.14,0.81,0.79,0.43,0.43,15.31,117.58
1151,1137,1680453,2347901513,632,5.45,3.62,581,5.01,2.21,723,6.23,5.12,0.82,0.8,0.39,0.41,11.87,126.23
1152,1192,29810,8676121,626,5.91,4.04,561,5.29,2.74,761,7.18,6.0,0.76,0.75,0.43,0.46,16.62,116.95
1153,1176,610946,801862331,631,5.79,4.25,587,5.39,2.96,758,6.95,6.16,0.8,0.78,0.42,0.42,11.0,123.16
1154,1605,38305,17325594,784,8.0,15.66,561,5.72,3.3,1044,10.65,29.54,0.85,0.83,0.39,0.43,7.98,142.41
1155,2894,97112,65742257,1145,9.96,30.39,652,5.67,3.09,1934,16.82,74.73,0.84,0.81,0.36,0.42,6.54,158.64
1156,5191,1721054,1566160530,1762,16.17,49.21,555,5.09,2.31,3505,32.16,121.56,0.87,0.84,0.37,0.4,10.17,150.37
1157,6213,8461070,9267649661,2013,17.21,53.91,631,5.39,2.47,4126,35.26,136.61,0.88,0.85,0.36,0.41,12.13,161.61
1158,2297,6699535,7867110010,948,9.58,27.69,542,5.47,2.55,1525,15.4,63.0,0.87,0.85,0.4,0.44,14.18,163.62
1159,904,6395068,7215224170,500,5.75,3.96,461,5.3,2.3,569,6.54,4.72,0.87,0.85,0.44,0.48,14.65,160.07
1160,3712,12453555,15735681111,1489,13.79,40.45,600,5.56,2.35,2722,25.2,92.95,0.84,0.8,0.35,0.36,13.15,164.45
1161,4914,7129514,7719940982,1758,16.9,49.58,559,5.38,2.55,3572,34.35,120.28,0.88,0.84,0.33,0.35,9.78,169.06
1162,3906,13036123,14400586051,1553,14.93,39.22,595,5.72,2.11,2803,26.95,84.24,0.85,0.8,0.37,0.41,11.09,168.3
1163,5926,3793986,2794461316,1932,18.06,56.5,588,5.5,2.14,4266,39.87,155.45,0.85,0.82,0.37,0.41,9.6,172.11
1164,6741,11817141,11556626055,2127,20.85,63.25,627,6.15,2.41,4788,46.94,167.18,0.87,0.84,0.38,0.43,12.86,177.1
1165,3276,124424,105325787,1435,13.93,34.6,623,6.05,2.13,2375,23.06,67.93,0.89,0.85,0.3,0.32,9.49,181.06
1166,4595,1533731,2067578415,1655,17.99,49.68,543,5.9,2.21,3330,36.2,121.83,0.9,0.89,0.37,0.38,10.47,178.27
1167,4150,2936477,3340406268,1589,14.58,38.74,682,6.26,3.03,2897,26.58,86.72,0.91,0.89,0.33,0.34,10.33,175.89
1168,3288,2157140,2587197738,1411,13.19,33.66,605,5.65,2.03,2377,22.21,67.82,0.86,0.83,0.34,0.39,11.57,170.83
1169,3325,1144565,492483589,1186,11.63,35.98,550,5.39,2.36,2239,21.95,95.04,0.85,0.8,0.39,0.45,14.54,170.19
1170,5230,6601056,7195788030,1770,16.54,48.78,553,5.17,2.01,3526,32.95,115.12,0.88,0.85,0.34,0.37,10.69,171.62
1171,5669,9680515,10406279324,1855,17.84,51.75,689,6.62,6.93,3697,35.55,125.8,0.85,0.82,0.36,0.42,8.68,166.34
1172,5051,3555784,4862002526,1800,17.14,48.6,611,5.82,2.79,3462,32.97,113.9,0.89,0.85,0.33,0.36,8.97,173.27
1173,3440,3522106,3667732686,1422,14.66,37.52,581,5.99,2.79,2421,24.96,79.34,0.94,0.92,0.35,0.39,8.44,173.9
1174,1237,1722438,2219575599,612,6.12,3.58,581,5.81,2.7,704,7.04,4.47,0.9,0.87,0.35,0.37,8.31,175.11
1175,1048,1471189,2017518620,550,5.45,3.27,506,5.01,1.95,619,6.13,4.08,0.86,0.84,0.36,0.4,6.88,176.85
1176,1049,8653304,12180281654,538,5.6,2.89,505,5.26,1.75,595,6.2,3.56,0.88,0.86,0.36,0.4,10.89,175.29
1177,1073,369146,74002326,587,5.87,3.09,543,5.43,2.06,653,6.53,3.69,0.89,0.86,0.33,0.37,7.28,178.38
1178,1712,4884493,6783151942,800,8.51,22.71,538,5.72,2.56,1080,11.49,43.93,0.92,0.9,0.34,0.37,8.88,175.37
1179,2855,3936651,5499939563,1249,11.67,31.36,574,5.36,2.48,1998,18.67,64.54,0.87,0.84,0.35,0.4,5.38,173.18
1180,1271,6263047,8749839937,604,5.81,3.52,591,5.68,3.09,710,6.83,4.61,0.9,0.87,0.36,0.42,10.33,173.65
1181,930,2969101,4141647297,468,4.88,2.7,423,4.41,1.73,516,5.38,3.36,0.92,0.89,0.34,0.38,9.41,174.77
1182,911,12381763,16551969352,470,4.65,3.1,421,4.17,1.88,535,5.3,3.77,0.86,0.83,0.39,0.44,10.08,167.96
1183,996,221763,171264265,539,4.86,3.18,485,4.37,2.11,645,5.81,4.3,0.79,0.77,0.43,0.47,15.12,141.2
1184,2391,4957532,6315253556,964,8.76,30.28,520,4.73,2.33,1655,15.05,78.9,0.78,0.73,0.5,0.53,17.15,129.39
1185,2940,796648,157468431,1164,10.12,30.64,589,5.12,2.76,1978,17.2,69.3,0.77,0.76,0.46,0.49,16.86,128.25
1186,1287,188638,61144219,652,5.57,3.96,581,4.97,2.45,771,6.59,4.92,0.73,0.7,0.42,0.45,11.14,138.39
1187,1074,3087739,4148667507,595,5.41,3.54,570,5.18,3.09,727,6.61,4.73,0.81,0.79,0.46,0.48,14.58,116.73
1188,1082,1038138,1247929896,576,5.33,3.64,544,5.04,2.85,691,6.4,4.7,0.82,0.79,0.47,0.49,14.29,119.95
1189,1096,1654936,1944485218,609,5.64,3.47,553,5.12,2.65,717,6.64,4.9,0.79,0.75,0.42,0.45,12.59,126.93
1190,1165,126555,69661723,710,6.34,8.09,565,5.04,2.51,844,7.54,12.12,0.76,0.73,0.46,0.5,17.58,125.92
1191,2125,1000119,1278504020,1043,7.61,18.77,675,4.93,2.24,1535,11.2,41.68,0.78,0.75,0.47,0.5,14.78,131.74
1192,4441,282041,118743581,1584,12.18,37.39,633,4.87,2.68,3056,23.51,91.33,0.75,0.73,0.45,0.49,12.21,132.99
1193,5197,535407,167751653,1787,14.89,44.14,619,5.16,2.62,3665,30.54,110.18,0.79,0.76,0.41,0.43,6.47,154.79
1194,4222,2801998,2991516932,1683,12.85,38.83,650,4.96,3.08,3001,22.91,84.06,0.78,0.76,0.42,0.47,12.64,157.06
1195,5110,895922,392766760,1858,15.23,45.44,667,5.47,2.92,3579,29.34,110.33,0.8,0.78,0.4,0.43,8.25,151.86
1196,5321,1015929,1106733364,1878,15.39,43.41,731,5.99,3.52,3601,29.52,102.95,0.82,0.79,0.38,0.42,7.28,164.08
1197,4648,1281589,540886464,1707,16.41,43.46,665,6.39,2.84,3193,30.7,101.9,0.86,0.84,0.37,0.42,8.5,161.64
1198,5807,1025349,1099720363,1922,18.84,54.06,616,6.04,2.63,3925,38.48,135.93,0.91,0.88,0.33,0.36,7.54,159.57
1199,4711,2349519,2493104279,1683,16.83,44.41,614,6.14,2.55,3206,32.06,102.63,0.9,0.88,0.38,0.42,6.88,167.79
1200,3661,785418,956252943,1394,13.94,39.03,605,6.05,2.61,2476,24.76,89.32,0.87,0.84,0.31,0.34,6.66,159.24
1201,5728,314695,136859459,1906,17.98,50.87,645,6.08,2.48,3849,36.31,126.12,0.87,0.84,0.36,0.39,5.15,170.33
1202,5402,902236,407583073,1788,17.7,50.94,594,5.88,2.45,3693,36.56,133.03,0.86,0.83,0.32,0.37,5.11,165.02
1203,5154,289651,127806388,1847,18.11,49.46,636,6.24,2.8,3566,34.96,114.53,0.85,0.82,0.34,0.36,6.68,159.6
1204,4994,1232301,517743162,1813,18.31,51.69,558,5.64,2.21,3480,35.15,118.68,0.9,0.88,0.38,0.44,7.67,159.23
1205,4338,617546,574044858,1653,15.31,43.35,574,5.31,2.46,3080,28.52,99.17,0.83,0.79,0.37,0.39,7.0,156.91
1206,4586,217721,174266491,1703,18.12,51.79,488,5.19,2.1,3362,35.77,122.54,0.86,0.82,0.38,0.4,7.65,151.53
1207,4278,4481017,6251188693,1652,15.73,45.25,542,5.16,2.32,3178,30.27,107.47,0.84,0.8,0.41,0.44,10.93,158.72
1208,3942,410381,301973608,1583,16.15,44.01,562,5.73,2.94,2945,30.05,99.02,0.89,0.86,0.4,0.45,7.66,159.22
1209,3935,1900825,1824305284,1561,16.61,44.31,530,5.64,2.42,2868,30.51,97.69,0.85,0.82,0.44,0.49,10.24,158.64
1210,4071,563688,569134404,1627,18.08,48.93,502,5.58,2.26,3076,34.18,109.77,0.88,0.85,0.4,0.41,13.75,149.16
1211,3630,1558599,1987411032,1487,14.16,37.45,550,5.24,2.6,2678,25.5,84.53,0.83,0.8,0.42,0.44,10.21,149.79
1212,4284,295922,257563387,1623,16.73,45.09,570,5.88,3.16,3108,32.04,105.06,0.87,0.84,0.44,0.47,11.87,145.48
1213,6210,4166459,5327513555,1735,15.92,44.32,592,5.43,2.32,3459,31.73,106.63,0.84,0.81,0.36,0.36,7.9,144.59
1214,8290,9002095,11847997542,1807,16.13,47.82,615,5.49,2.91,3832,34.21,126.67,0.82,0.78,0.38,0.4,10.37,133.93
1215,6144,3958068,3605911269,1602,14.18,39.65,658,5.82,3.88,3035,26.86,91.74,0.88,0.87,0.41,0.44,10.83,127.54
1216,7047,1930549,1539450747,1835,16.1,48.19,619,5.43,3.28,3769,33.06,119.26,0.83,0.8,0.49,0.51,11.33,128.9
1217,6086,810208,225721881,1653,14.37,41.33,638,5.55,2.7,3218,27.98,100.18,0.82,0.79,0.48,0.51,10.09,130.14
1218,8122,2176560,1933466287,1943,16.75,51.76,643,5.54,3.29,4166,35.91,129.93,0.84,0.81,0.42,0.45,9.47,127.18
1219,7238,3417230,3554954217,1767,16.06,46.94,614,5.58,2.94,3611,32.83,115.9,0.83,0.81,0.41,0.44,11.13,119.41
1220,8406,8990210,11436648735,1914,17.4,50.91,654,5.95,3.65,3906,35.51,125.19,0.84,0.81,0.41,0.45,11.41,135.11
1221,9794,10153412,13247310830,2141,19.46,55.63,781,7.1,4.16,4478,40.71,139.75,0.8,0.76,0.38,0.41,9.73,138.47
1222,10695,9043241,11658894611,2265,18.12,56.01,882,7.06,3.66,4663,37.3,142.63,0.83,0.79,0.36,0.4,7.15,146.05
1223,10959,9561109,11564926418,2217,20.34,59.4,862,7.91,6.93,4861,44.6,156.5,0.85,0.82,0.37,0.41,10.17,132.66
1224,9383,2083011,1423518929,2035,19.02,56.47,684,6.39,3.12,4355,40.7,143.58,0.85,0.83,0.41,0.42,8.44,134.41
1225,5638,2159195,1571093441,1243,11.1,33.12,749,6.69,3.35,2110,18.84,76.25,0.8,0.78,0.42,0.43,9.7,122.88
1226,3692,3026547,2787604705,720,6.86,4.88,661,6.3,2.56,900,8.57,6.89,0.81,0.78,0.43,0.46,6.16,128.43
1227,4782,9410906,12400919208,676,7.27,4.16,649,6.98,2.86,862,9.27,6.46,0.83,0.81,0.39,0.39,10.5,129.78
1228,4565,10726777,14061024641,699,6.47,4.82,655,6.06,2.68,881,8.16,6.93,0.81,0.78,0.39,0.4,10.19,134.18
1229,4088,8937590,11697064434,663,6.38,4.13,611,5.88,3.16,820,7.88,5.84,0.83,0.81,0.38,0.38,7.66,128.36
1230,6968,6600862,8614601845,1619,15.87,46.21,557,5.46,3.01,3243,31.79,113.97,0.78,0.73,0.43,0.43,7.95,125.69
1231,6412,7968481,10653725918,1630,14.17,41.19,602,5.23,3.02,3111,27.05,93.32,0.8,0.77,0.42,0.42,8.93,120.28
1232,4757,6623119,8302560493,1166,10.9,30.7,628,5.87,3.25,1969,18.4,67.5,0.81,0.79,0.42,0.45,11.74,127.03
1233,3130,10554557,13014037723,629,6.17,3.95,587,5.75,3.38,789,7.74,5.84,0.8,0.77,0.46,0.5,12.51,129.28
1234,3199,25064950,30879439815,640,5.77,4.28,605,5.45,2.89,799,7.2,5.55,0.79,0.77,0.41,0.43,10.42,120.06
1235,3062,22767448,29143581270,527,5.55,3.84,444,4.67,2.03,649,6.83,5.29,0.8,0.79,0.43,0.44,13.92,125.05
1236,3245,13903723,18518137764,617,5.71,4.25,561,5.19,2.77,780,7.22,6.21,0.76,0.73,0.45,0.46,17.02,119.09
1237,3437,15101105,19975179555,634,5.98,4.17,591,5.58,3.04,801,7.56,5.74,0.8,0.78,0.42,0.44,10.38,121.69
1238,3518,16716889,22030244988,702,6.27,4.04,690,6.16,3.79,896,8.0,5.87,0.75,0.73,0.42,0.43,8.9,125.87
1239,3595,8785166,11007526632,634,5.71,3.91,598,5.39,3.46,813,7.32,6.14,0.81,0.79,0.4,0.42,17.25,120.96
1240,3539,7426053,9930742451,681,5.97,4.46,592,5.19,2.63,842,7.39,6.08,0.78,0.76,0.41,0.43,10.01,124.95
1241,3928,8354346,11059161645,689,5.89,4.07,635,5.43,2.52,894,7.64,6.0,0.79,0.77,0.4,0.4,10.57,125.7
1242,3828,21406011,27236393100,721,5.46,3.76,638,4.83,2.42,917,6.95,5.33,0.7,0.68,0.42,0.44,9.51,123.2
1243,4245,9357038,12475582256,768,6.3,4.66,713,5.84,3.35,968,7.93,6.69,0.81,0.79,0.39,0.4,10.33,124.85
1244,4218,9620550,12748774151,742,6.34,4.31,653,5.58,2.69,964,8.24,6.21,0.78,0.75,0.38,0.4,8.09,119.32
1245,4342,12628397,16090122977,695,5.84,4.38,638,5.36,2.83,891,7.49,6.04,0.75,0.74,0.43,0.45,12.53,123.97
1246,4303,8847086,11741711243,720,6.26,4.46,690,6.0,3.36,910,7.91,6.52,0.82,0.81,0.38,0.4,9.2,124.94
1247,4421,8710718,11550874695,753,6.17,3.92,718,5.89,2.94,902,7.39,5.44,0.81,0.79,0.37,0.39,7.97,137.0
1248,4786,12321521,15562801007,747,6.55,4.86,693,6.08,2.6,908,7.96,6.49,0.76,0.76,0.38,0.41,6.47,138.79
1249,4428,11995720,16226883908,699,6.66,5.01,678,6.46,3.5,895,8.52,7.35,0.76,0.74,0.39,0.41,9.68,130.75
1250,4338,13338966,17986329359,686,6.53,4.5,648,6.17,2.85,847,8.07,6.71,0.83,0.81,0.37,0.4,9.6,130.05
1251,4377,14917107,18363996326,700,6.8,5.21,652,6.33,3.32,870,8.45,7.5,0.79,0.76,0.37,0.38,11.01,127.06
1252,3655,11559960,14592549066,593,6.11,4.07,522,5.38,2.34,730,7.53,5.72,0.85,0.84,0.42,0.42,11.81,127.44
1253,3132,7961527,10397022028,566,5.44,4.47,514,4.94,2.56,725,6.97,6.38,0.81,0.79,0.39,0.42,10.3,124.74
1254,1916,6729872,8251852971,519,5.3,4.31,464,4.73,2.52,631,6.44,5.85,0.82,0.8,0.4,0.43,12.31,127.96
1255,1694,3723695,4953792793,512,5.63,4.86,446,4.9,2.66,670,7.36,6.58,0.8,0.8,0.41,0.4,17.75,116.15
1256,1736,4641945,5339286006,575,5.28,4.13,536,4.92,2.85,729,6.69,5.55,0.81,0.8,0.43,0.44,12.59,114.67
1257,1733,3859377,5142010965,563,5.63,4.23,493,4.93,2.6,712,7.12,6.28,0.8,0.79,0.42,0.42,12.57,110.66
1258,1781,3284328,4277337676,597,5.69,4.04,542,5.16,2.64,745,7.1,5.45,0.81,0.79,0.44,0.45,13.57,121.22
1259,1720,11396689,13892944854,621,5.45,4.19,553,4.85,2.53,779,6.83,5.51,0.8,0.78,0.44,0.44,12.93,112.84
1260,1448,2769880,3698386476,622,5.32,3.75,553,4.73,2.49,758,6.48,5.15,0.76,0.74,0.44,0.45,16.43,121.13
1261,1592,2248600,3054341699,675,5.72,3.81,615,5.21,2.82,838,7.1,5.44,0.82,0.79,0.43,0.43,14.82,130.48
1262,1564,6117554,7184385232,676,5.59,3.95,609,5.03,2.73,827,6.83,5.33,0.77,0.75,0.4,0.4,13.35,123.84
1263,1605,1339530,1780036132,621,6.34,4.26,551,5.62,2.91,791,8.07,6.26,0.8,0.78,0.4,0.4,6.82,132.43
1264,1574,9820353,13522172561,688,6.49,3.62,648,6.11,2.8,833,7.86,4.78,0.84,0.82,0.39,0.41,8.7,148.69
1265,1585,65922460,80631879792,701,6.2,3.48,670,5.93,2.38,837,7.41,4.76,0.86,0.83,0.37,0.4,12.64,154.54
1266,1321,36313614,45833612211,666,6.59,3.97,634,6.28,2.99,770,7.62,5.45,0.83,0.8,0.37,0.39,11.83,146.3
1267,1368,3174910,3236140176,628,6.04,3.37,595,5.72,2.29,754,7.25,4.79,0.88,0.86,0.37,0.42,12.06,159.41
1268,5438,21557658,27165505182,597,5.33,3.43,564,5.04,2.23,724,6.46,4.88,0.85,0.83,0.4,0.44,10.36,160.13
1269,16122,54385635,72637934763,704,6.46,4.3,648,5.94,2.75,841,7.72,5.76,0.87,0.85,0.35,0.39,10.6,161.4
1270,14389,39083755,52794782044,607,6.39,4.17,598,6.29,3.3,737,7.76,5.94,0.86,0.84,0.37,0.41,7.54,163.75
1271,15303,44070751,59888811958,575,6.05,3.66,554,5.83,2.9,687,7.23,5.12,0.88,0.86,0.33,0.34,7.74,160.64
1272,13909,41925330,56192360419,631,6.37,4.29,583,5.89,2.29,758,7.66,6.14,0.87,0.85,0.34,0.38,6.49,159.59
1273,4643,9720178,13054769391,734,6.99,4.31,767,7.3,4.14,897,8.54,6.16,0.89,0.88,0.34,0.38,7.06,160.01
1274,1682,6058479,6699177606,811,7.95,5.21,773,7.58,3.77,949,9.3,7.06,0.87,0.85,0.36,0.41,7.48,159.09
1275,1674,1813559,2466696263,797,7.38,4.84,767,7.1,3.73,909,8.42,6.69,0.89,0.86,0.32,0.36,5.7,169.89
1276,1426,6096648,6382373228,656,6.91,5.2,577,6.07,2.67,769,8.09,6.93,0.87,0.85,0.33,0.34,8.51,166.02
1277,1217,11343,2154503,569,6.05,4.22,535,5.69,4.96,647,6.88,5.84,0.85,0.84,0.35,0.37,5.28,168.84
1278,1064,458560,525970719,587,5.7,3.97,538,5.22,2.6,691,6.71,5.4,0.81,0.79,0.47,0.49,13.9,124.35
1279,908,147978,154077211,523,4.98,4.72,462,4.4,2.42,619,5.9,6.56,0.83,0.81,0.48,0.49,16.91,123.84
1280,7897,23869856,31112601227,536,5.31,4.08,476,4.71,2.42,669,6.62,5.84,0.75,0.74,0.45,0.45,12.08,121.53
1281,11059,35639245,48597343538,574,5.04,3.71,543,4.76,2.68,717,6.29,5.4,0.83,0.82,0.44,0.47,18.87,131.69
1282,6769,25660720,33026940486,605,5.0,3.93,529,4.37,2.16,760,6.28,5.85,0.78,0.75,0.42,0.44,17.86,124.21
1283,5214,13236654,15462392114,583,5.3,4.12,508,4.62,2.64,735,6.68,6.01,0.76,0.74,0.42,0.44,17.42,119.22
1284,12263,54816566,70193882163,648,5.63,3.73,591,5.14,2.62,807,7.02,5.49,0.8,0.79,0.42,0.44,17.2,125.25
1285,11823,39093583,48810121593,688,5.73,3.73,653,5.44,2.69,870,7.25,5.82,0.8,0.78,0.41,0.42,14.51,127.38
1286,12262,34620985,46644055753,725,5.75,4.37,702,5.57,3.21,902,7.16,6.16,0.77,0.74,0.39,0.42,15.63,122.4
1287,5937,17224557,23166674624,669,6.14,4.07,650,5.96,2.8,839,7.7,6.69,0.84,0.83,0.42,0.44,17.27,125.37
1288,1270,1555077,2073782373,650,5.96,3.95,623,5.72,3.02,781,7.17,5.41,0.78,0.76,0.4,0.42,14.63,122.9
1289,1279,14186900,15609522195,672,5.95,3.69,635,5.62,2.64,814,7.2,5.37,0.79,0.76,0.41,0.43,14.33,125.49
1290,1232,245633,164413691,615,5.64,4.16,581,5.33,3.03,755,6.93,6.7,0.77,0.75,0.46,0.48,15.32,121.73
1291,1228,18949397,20734660005,628,5.37,3.45,650,5.56,3.53,754,6.44,5.0,0.8,0.79,0.44,0.49,17.03,117.31
1292,1378,15139293,18287425702,714,6.49,4.45,716,6.51,3.21,864,7.85,6.02,0.83,0.82,0.46,0.49,12.01,126.74
1293,1243,16972859,17795889904,655,5.9,4.72,594,5.35,2.63,768,6.92,6.36,0.77,0.76,0.4,0.41,13.41,126.0
1294,1268,32339986,37249525378,651,5.97,4.09,606,5.56,2.9,776,7.12,5.93,0.76,0.73,0.44,0.46,10.22,120.07
1295,1335,6660739,7012178711,689,6.26,4.33,712,6.47,3.27,805,7.32,5.76,0.81,0.79,0.41,0.43,10.81,132.29
1296,1190,29025378,33755110711,592,6.17,4.54,567,5.91,2.9,712,7.42,6.53,0.84,0.83,0.41,0.43,7.73,133.77
1297,1144,16647342,20161067432,609,6.21,4.56,561,5.72,3.04,722,7.37,6.34,0.82,0.8,0.4,0.41,10.53,138.7
1298,1134,15500635,17814633740,601,6.26,4.37,535,5.57,2.25,702,7.31,6.3,0.86,0.85,0.4,0.43,8.76,138.42
1299,1118,22525,6399799,567,5.85,4.52,501,5.16,2.82,668,6.89,6.29,0.74,0.73,0.43,0.43,8.4,133.74
1300,1155,14152349,16842164389,647,6.47,4.15,584,5.84,2.61,758,7.58,6.31,0.83,0.83,0.41,0.44,8.69,127.73
1301,1118,12231330,14143039840,656,6.37,4.43,663,6.44,3.93,757,7.35,5.65,0.82,0.81,0.4,0.42,12.03,123.19
1302,796,18299,3827673,459,5.04,3.7,433,4.76,2.87,544,5.98,5.05,0.82,0.81,0.47,0.5,11.32,130.76
1303,1256,30155,19423363,677,6.51,5.24,625,6.01,2.82,831,7.99,7.44,0.81,0.79,0.42,0.45,8.18,138.37
1304,1222,17573115,21983403528,674,6.36,4.05,648,6.11,2.36,794,7.49,5.77,0.84,0.82,0.41,0.46,9.54,146.81
1305,1049,16308118,19757659949,529,5.69,4.67,494,5.31,2.83,625,6.72,6.34,0.79,0.77,0.45,0.5,11.72,127.3
1306,1101,13923452,16927468000,606,5.83,3.56,603,5.8,2.76,695,6.68,4.79,0.83,0.81,0.42,0.46,17.16,130.61
1307,1118,12575090,14783809835,637,5.79,3.62,592,5.38,2.69,733,6.66,4.78,0.74,0.71,0.41,0.42,9.1,128.69
1308,739,757211,650039044,440,5.06,4.04,388,4.46,2.54,503,5.78,5.09,0.79,0.75,0.45,0.49,12.47,121.91
1309,1086,2859418,3073478338,582,5.71,3.76,560,5.49,2.51,709,6.95,5.62,0.82,0.8,0.42,0.45,17.18,129.43
1310,1079,2167025,2487230345,601,5.62,4.2,554,5.18,2.65,682,6.37,5.29,0.81,0.8,0.39,0.42,11.32,144.36
1311,1068,6854081,7865556868,557,5.99,4.03,494,5.31,2.62,642,6.9,5.44,0.84,0.81,0.39,0.44,11.46,164.62
1312,365,11581747,13718298054,211,4.22,2.95,190,3.8,1.97,234,4.68,3.94,0.79,0.77,0.47,0.5,16.66,142.08
1313,1224,11546720,13553943175,648,6.17,3.69,602,5.73,2.34,721,6.87,5.02,0.87,0.84,0.33,0.36,10.77,167.87
1314,1277,9840,2206212,692,6.29,3.97,641,5.83,2.71,790,7.18,5.03,0.81,0.78,0.35,0.37,8.51,159.86
1315,1285,2932642,4063279621,647,6.16,3.84,589,5.61,2.06,746,7.1,5.27,0.81,0.78,0.36,0.39,13.16,165.59
1316,1316,1425353,1949143360,656,6.69,3.63,633,6.46,2.7,761,7.77,5.13,0.86,0.84,0.36,0.4,10.17,156.33
1317,1234,6906989,8865074585,627,6.09,3.71,617,5.99,2.63,718,6.97,4.97,0.9,0.9,0.36,0.39,7.84,166.56
1318,1434,12746855,15313408129,719,6.91,3.97,702,6.75,2.6,843,8.11,5.44,0.91,0.9,0.34,0.36,7.23,163.15
1319,1246,11307596,13406074264,616,6.35,3.54,586,6.04,2.63,685,7.06,4.86,0.85,0.83,0.37,0.4,9.25,158.7
1320,1599,15044,2331142,800,7.08,3.37,806,7.13,3.0,929,8.22,4.8,0.85,0.82,0.33,0.36,5.15,166.41
1321,1456,12806809,15634877733,737,7.44,3.94,715,7.22,2.61,832,8.4,5.17,0.9,0.89,0.35,0.38,8.42,160.6
1322,1297,12439741,14923420228,642,6.36,3.79,626,6.2,2.72,750,7.43,5.16,0.87,0.84,0.35,0.39,8.42,165.39
1323,1589,2109887,3014335580,741,6.8,3.99,726,6.66,3.28,858,7.87,5.56,0.84,0.8,0.34,0.37,6.36,172.08
1324,1203,23507699,28095543315,604,6.57,3.93,594,6.46,3.14,712,7.74,5.65,0.85,0.83,0.39,0.44,8.57,159.38
1325,1337,11519750,13324414856,648,6.55,4.22,649,6.56,3.93,750,7.58,5.74,0.89,0.87,0.36,0.38,9.11,164.07
1326,1244,24685173,29838344938,659,6.52,3.88,629,6.23,2.63,774,7.66,5.33,0.88,0.87,0.34,0.37,9.13,162.57
1327,891,10453369,12922152683,475,5.59,4.71,431,5.07,2.33,537,6.32,6.0,0.87,0.87,0.43,0.45,8.51,150.61
1328,1056,54635,68912185,558,5.75,3.35,535,5.52,2.12,643,6.63,4.73,0.86,0.84,0.39,0.41,6.96,157.96
1329,1088,8434586,10196039408,572,5.9,3.7,535,5.52,2.3,641,6.61,4.65,0.89,0.87,0.37,0.4,11.74,164.95
1330,1305,11219043,13773136135,663,6.03,3.44,625,5.68,2.36,751,6.83,4.29,0.86,0.84,0.35,0.37,8.69,166.76
1331,1459,12123351,13455191692,798,6.54,3.7,756,6.2,2.58,908,7.44,5.08,0.87,0.84,0.36,0.38,7.64,165.12
1332,1229,34284419,40930555571,661,6.3,3.65,650,6.19,3.12,774,7.37,5.15,0.86,0.82,0.33,0.35,7.83,167.32
1333,1191,13903424,16892884070,613,6.26,3.99,555,5.66,2.3,715,7.3,5.5,0.89,0.87,0.4,0.44,11.49,161.54
1334,1130,22827212,26957014728,591,5.37,3.93,543,4.94,2.56,707,6.43,5.36,0.78,0.76,0.46,0.47,13.71,127.64
1335,1307,199146,245837092,694,6.31,4.24,656,5.96,2.82,848,7.71,6.15,0.86,0.84,0.41,0.42,13.68,134.73
1336,251,14704,15140497,134,3.35,4.06,115,2.88,2.13,166,4.15,6.44,0.79,0.77,0.57,0.57,15.89,114.3
1337,1048,458299,463323852,527,5.92,4.09,498,5.6,2.94,602,6.76,4.91,0.75,0.74,0.5,0.53,13.85,130.48
1338,934,2313030,2389548290,523,5.23,3.68,489,4.89,2.86,601,6.01,4.39,0.77,0.75,0.48,0.52,16.6,117.28
1339,1332,1618017,1812884954,698,5.87,4.06,695,5.84,3.2,862,7.24,5.26,0.76,0.74,0.46,0.51,15.55,128.97
1340,1255,5496798,6271083391,653,5.99,3.83,621,5.7,2.52,807,7.4,5.55,0.82,0.8,0.47,0.52,19.42,118.72
1341,1486,4296720,4561145542,725,6.78,4.62,765,7.15,4.39,887,8.29,6.01,0.82,0.81,0.44,0.48,15.73,119.1
1342,1349,2614779,2760234847,703,6.7,5.1,706,6.72,4.34,833,7.93,6.43,0.83,0.82,0.43,0.46,13.08,133.55
1343,1257,49393,4839303,689,6.5,4.12,663,6.25,2.97,812,7.66,5.76,0.79,0.78,0.39,0.4,10.95,134.86
1344,1252,1677467,2263650398,690,5.95,4.27,649,5.59,2.74,808,6.97,5.8,0.79,0.77,0.44,0.47,12.5,130.29
1345,1322,18483,3981156,694,5.98,4.38,716,6.17,3.2,879,7.58,6.58,0.79,0.78,0.43,0.43,12.29,134.74
1346,1314,1125380,1480466933,713,6.37,4.17,686,6.12,3.27,853,7.62,5.86,0.81,0.8,0.46,0.49,10.64,132.72
1347,1473,1738792,2315715427,802,6.97,4.44,768,6.68,3.63,941,8.18,5.85,0.78,0.76,0.39,0.42,8.2,136.07
1348,1280,1038069,1373324795,672,6.28,3.83,678,6.34,4.3,826,7.72,5.69,0.84,0.82,0.42,0.43,14.22,125.67
1349,1078,6284652,7450083895,649,5.64,3.77,585,5.09,2.46,738,6.42,5.02,0.8,0.79,0.42,0.44,7.83,132.85
1350,965,4314191,5349786242,570,5.0,3.57,543,4.76,2.82,680,5.96,4.7,0.74,0.71,0.45,0.47,8.81,123.69
1351,991,3707408,4918825392,571,5.39,4.47,494,4.66,2.5,689,6.5,5.63,0.8,0.79,0.48,0.49,10.05,121.72
1352,960,12598932,16673740649,581,4.97,3.17,549,4.69,2.1,701,5.99,4.58,0.83,0.82,0.43,0.44,14.32,124.02
1353,933,798819,1055614667,556,5.01,3.75,497,4.48,2.05,653,5.88,4.7,0.8,0.78,0.5,0.54,12.15,126.45
1354,866,8264963,10695815102,492,4.6,3.58,481,4.5,2.49,578,5.4,4.62,0.77,0.75,0.46,0.49,9.44,128.86
1355,715,901101,1186962061,432,4.65,3.48,400,4.3,2.42,500,5.38,4.55,0.77,0.76,0.46,0.47,12.81,123.98
1356,278,5131,2558593,169,2.82,2.4,155,2.58,1.57,195,3.25,3.04,0.8,0.8,0.56,0.58,9.25,109.78
1357,972,7206696,8882817696,551,5.06,3.48,528,4.84,2.53,671,6.16,4.61,0.82,0.79,0.46,0.47,16.93,128.33
1358,787,27342146,35517078859,476,5.47,3.08,429,4.93,2.23,528,6.07,4.01,0.84,0.82,0.42,0.46,13.42,154.84
1359,924,1457284,1517567555,506,5.75,3.56,481,5.47,2.71,586,6.66,4.8,0.83,0.8,0.44,0.47,15.54,151.1
1360,1098,18605,9538717,603,5.91,3.71,558,5.47,2.42,695,6.81,5.0,0.83,0.81,0.41,0.44,5.54,154.28
1361,1081,54293,16433410,583,5.95,3.78,518,5.29,2.18,669,6.83,4.81,0.84,0.8,0.39,0.43,10.61,156.68
1362,1258,294719,345582292,674,6.24,3.7,659,6.1,3.04,788,7.3,5.06,0.83,0.81,0.4,0.44,7.66,153.98
1363,1262,2548634,2692726794,637,5.95,3.69,629,5.88,2.82,756,7.07,4.98,0.83,0.8,0.41,0.46,11.13,159.09
1364,1267,1985594,2649576979,615,6.28,3.62,574,5.86,2.56,712,7.27,4.88,0.85,0.83,0.41,0.41,8.83,161.46
1365,1439,6690293,8383577920,699,6.41,3.59,679,6.23,2.83,843,7.73,5.36,0.82,0.79,0.38,0.4,10.97,154.71
1366,1582,18804292,24539241105,705,6.41,3.62,726,6.6,3.55,857,7.79,5.5,0.84,0.81,0.36,0.4,6.81,154.83
1367,1367,18227395,23545011123,701,7.01,3.64,673,6.73,2.66,827,8.27,5.22,0.83,0.82,0.37,0.42,8.48,158.03
1368,1501,24671007,32731028104,673,6.23,3.79,652,6.04,2.56,807,7.47,5.36,0.82,0.8,0.34,0.35,8.2,169.56
1369,1445,13575903,18094760392,699,6.79,3.9,647,6.28,2.42,821,7.97,5.54,0.86,0.85,0.37,0.38,8.71,160.53
1370,1530,15533534,20559720617,701,6.81,4.14,690,6.7,3.53,844,8.19,5.98,0.86,0.84,0.32,0.33,8.25,163.63
1371,1572,15271167,19115972823,769,6.69,3.9,801,6.97,3.87,912,7.93,5.34,0.86,0.83,0.35,0.38,8.77,160.98
1372,1332,10317182,13690889014,651,6.32,4.19,627,6.09,3.56,758,7.36,5.68,0.87,0.84,0.32,0.34,7.11,166.04
1373,1039,2523218,3453646329,512,5.75,3.75,472,5.3,2.26,592,6.65,5.2,0.86,0.84,0.39,0.42,8.41,152.01
1374,937,300847,288784339,537,4.84,2.79,494,4.45,1.9,615,5.54,3.54,0.79,0.76,0.42,0.46,7.86,151.26
1375,867,30606,8080338,507,5.23,3.44,447,4.61,1.81,571,5.89,4.26,0.84,0.8,0.43,0.47,10.53,147.5
1376,780,30351,5582246,415,4.72,3.3,402,4.57,2.57,492,5.59,4.68,0.84,0.81,0.46,0.49,16.46,153.72
1377,403,12979,11775096,248,4.35,2.78,236,4.14,2.17,276,4.84,3.89,0.87,0.85,0.47,0.46,9.67,127.28
1378,919,1454969,1940594180,497,5.85,3.28,456,5.36,2.32,566,6.66,4.29,0.84,0.8,0.41,0.43,10.98,145.34
1379,898,4675000,5460586047,525,5.59,3.79,481,5.12,2.57,594,6.32,4.8,0.83,0.79,0.43,0.46,13.39,144.5
1380,982,1668494,2173081482,542,5.59,3.82,491,5.06,2.8,647,6.67,4.94,0.8,0.79,0.44,0.47,10.22,144.03
1381,1011,859660,1144085530,526,5.72,4.09,481,5.23,2.37,580,6.3,4.85,0.88,0.86,0.43,0.42,10.86,143.25
1382,1287,73765,54537009,673,6.47,3.82,623,5.99,2.75,757,7.28,4.82,0.84,0.82,0.41,0.43,7.94,150.7
1383,3042,2318649,2182367833,775,6.2,3.62,720,5.76,2.48,905,7.24,4.96,0.84,0.82,0.36,0.39,7.09,164.4
1384,6939,3954217,2087718481,693,5.73,3.71,628,5.19,2.32,843,6.97,5.15,0.84,0.82,0.39,0.41,7.78,149.94
1385,6674,3757612,1867106665,690,6.16,3.58,624,5.57,2.44,871,7.78,5.24,0.85,0.82,0.42,0.45,8.21,148.3
1386,13244,8666732,5126902067,652,6.15,3.77,583,5.5,2.3,810,7.64,5.33,0.82,0.79,0.44,0.45,8.4,145.43
1387,14602,7647207,2730593792,625,5.48,4.32,567,4.97,2.37,801,7.03,6.02,0.78,0.76,0.46,0.48,10.81,125.58
1388,14261,5103934,286886313,716,5.87,4.1,625,5.12,2.4,891,7.3,5.55,0.74,0.71,0.44,0.45,9.39,120.63
1389,13228,9253070,6676652252,602,5.63,4.57,519,4.85,2.46,748,6.99,6.27,0.79,0.77,0.48,0.5,8.01,124.07
1390,13055,4480748,264342478,629,6.17,4.42,562,5.51,2.76,800,7.84,6.47,0.74,0.73,0.47,0.49,11.17,118.49
1391,4662,2032786,925013188,665,6.1,3.79,622,5.71,2.44,838,7.69,5.83,0.79,0.77,0.43,0.44,7.42,122.08
1392,4119,1187271,68079039,634,6.47,3.56,596,6.08,2.52,791,8.07,5.68,0.83,0.82,0.45,0.45,7.8,135.51
1393,4591,1479810,102839132,712,6.98,4.62,658,6.45,2.98,864,8.47,6.8,0.82,0.79,0.43,0.47,8.56,136.25
1394,4335,2963533,2196633355,651,6.58,4.36,578,5.84,2.43,803,8.11,6.51,0.84,0.83,0.43,0.45,11.37,135.44
1395,2758,581232,37622583,680,6.8,4.6,630,6.3,3.24,839,8.39,6.86,0.83,0.81,0.42,0.47,10.31,135.01
1396,2428,490739,30013592,697,6.64,4.36,632,6.02,2.58,883,8.41,6.44,0.8,0.78,0.46,0.48,7.0,138.08
1397,1192,2092562,2822802339,625,5.79,3.94,571,5.29,2.26,754,6.98,5.45,0.81,0.78,0.42,0.46,8.29,135.59
1398,779,84033,18741828,456,5.18,3.33,400,4.55,2.04,521,5.92,4.4,0.83,0.82,0.46,0.48,10.88,130.72
1399,1293,184582,51944637,634,5.93,4.87,764,7.14,8.67,753,7.04,5.82,0.76,0.75,0.43,0.46,8.17,122.26
1400,1395,532503,546840928,569,5.87,3.72,727,7.49,9.24,644,6.64,4.65,0.84,0.81,0.4,0.43,10.06,122.66
1401,1303,9791253,12825939857,617,5.46,3.7,679,6.01,6.64,730,6.46,4.81,0.76,0.74,0.44,0.46,12.41,122.42
1402,1104,902781,1116005146,560,5.6,4.19,560,5.6,4.26,662,6.62,5.52,0.77,0.75,0.46,0.48,11.44,122.86
1403,839,2762739,3575821465,506,5.11,3.72,421,4.25,2.13,573,5.79,4.99,0.76,0.73,0.45,0.49,16.32,119.87
1404,1003,253771,230772190,607,5.67,4.05,534,4.99,3.1,685,6.4,5.09,0.8,0.78,0.42,0.45,8.19,132.25
1405,1225,659610,783348761,641,5.77,3.5,595,5.36,3.39,749,6.75,4.73,0.81,0.78,0.39,0.42,6.46,150.31
1406,1307,102606,75403597,672,6.79,4.5,632,6.38,2.67,784,7.92,6.37,0.87,0.85,0.36,0.43,10.67,160.92
1407,1445,1088860,1449676113,741,6.23,3.59,678,5.7,2.36,844,7.09,4.76,0.81,0.79,0.36,0.39,7.75,165.4
1408,1266,1108236,1476294294,741,6.56,3.98,667,5.9,2.65,835,7.39,5.09,0.85,0.81,0.39,0.42,10.34,159.02
1409,1140,1606536,2245624576,592,5.75,3.98,524,5.09,2.43,686,6.66,5.32,0.84,0.81,0.38,0.41,13.7,152.85
1410,1317,1394641,1899351472,652,6.27,4.04,619,5.95,2.67,737,7.09,5.13,0.85,0.82,0.31,0.35,10.53,157.61
1411,1202,30911,10198853,631,6.37,3.62,619,6.25,3.0,724,7.31,4.9,0.82,0.79,0.4,0.46,10.63,154.93
1412,1230,1117468,1469010030,640,6.6,3.78,599,6.18,2.53,731,7.54,4.83,0.86,0.84,0.4,0.47,8.98,159.66
1413,1370,1865057,2589880602,727,6.16,3.5,643,5.45,2.13,836,7.08,4.66,0.78,0.77,0.39,0.41,7.52,157.76
1414,1289,1570921,2143914323,700,6.09,3.76,621,5.4,2.46,796,6.92,4.88,0.76,0.75,0.38,0.41,8.97,161.09
1415,1280,35432,26018925,710,5.63,3.48,646,5.13,2.11,801,6.36,4.61,0.78,0.76,0.36,0.38,6.48,163.0
1416,1260,2555906,3585846306,637,5.9,3.4,590,5.46,2.2,712,6.59,4.42,0.86,0.84,0.37,0.39,8.26,171.15
1417,1367,13656,2318496,731,6.14,4.01,694,5.83,2.85,824,6.92,5.16,0.81,0.8,0.37,0.38,4.36,166.18
1418,1278,18126,4048498,704,6.18,3.76,649,5.69,2.41,779,6.83,5.15,0.84,0.81,0.34,0.37,7.52,164.02
1419,1297,13604,2693313,699,5.97,3.41,646,5.52,2.17,793,6.78,4.89,0.82,0.79,0.34,0.4,6.48,159.97
1420,1080,14448,2837955,590,6.02,4.07,550,5.61,2.91,666,6.8,5.55,0.83,0.81,0.36,0.37,8.16,161.55
1421,1069,1463657,2022573001,555,5.44,3.98,514,5.04,3.18,634,6.22,5.14,0.8,0.76,0.38,0.4,6.69,163.21
1422,1029,30871,10107376,530,5.41,3.49,484,4.94,2.19,619,6.32,4.58,0.82,0.8,0.39,0.44,9.99,145.18
1423,1109,1250462,1712589689,565,5.33,3.72,515,4.86,2.37,677,6.39,4.9,0.82,0.79,0.41,0.46,8.74,142.84
1424,1052,29732,19529641,565,5.09,3.27,504,4.54,2.28,668,6.02,4.26,0.82,0.78,0.42,0.44,10.24,143.23
1425,1022,1592243,2089959226,516,4.82,3.44,474,4.43,2.32,584,5.46,4.37,0.84,0.82,0.43,0.45,13.77,142.8
1426,1048,5695657,7510686561,553,5.37,3.62,492,4.78,2.13,635,6.17,4.91,0.8,0.77,0.43,0.46,13.62,143.2
1427,958,117905,120752631,554,5.43,3.58,522,5.12,2.61,619,6.07,4.54,0.86,0.83,0.41,0.45,14.6,145.34
1428,1031,4518669,6197966902,554,5.23,3.46,529,4.99,2.88,640,6.04,4.47,0.82,0.8,0.37,0.36,12.88,144.73
1429,1151,1151193,1521609647,585,5.62,3.36,597,5.74,3.6,688,6.62,4.7,0.85,0.83,0.4,0.38,11.07,137.38
1430,1075,4118843,5663795847,516,5.32,3.72,477,4.92,2.86,589,6.07,4.79,0.85,0.84,0.39,0.38,10.94,146.63
1431,1133,4644888,6321685764,551,5.1,3.42,498,4.61,1.95,611,5.66,4.39,0.83,0.81,0.38,0.4,10.2,150.94
1432,1147,1772008,2326776009,551,5.62,3.84,505,5.15,2.53,616,6.29,4.97,0.85,0.83,0.37,0.38,11.54,148.32
1433,1256,2709202,3617319069,602,5.42,3.77,562,5.06,2.66,709,6.39,5.44,0.82,0.8,0.42,0.41,18.48,129.69
1434,1110,2171226,2864419928,551,5.46,3.98,497,4.92,2.99,642,6.36,5.39,0.82,0.82,0.43,0.45,16.43,116.94
1435,1207,2621197,3530766995,577,5.11,4.08,514,4.55,2.75,681,6.03,5.24,0.73,0.71,0.44,0.46,15.55,110.12
1436,1102,2002479,2757198213,498,5.3,3.77,441,4.69,2.29,575,6.12,4.85,0.76,0.73,0.46,0.46,18.88,105.36
1437,1334,1690498,2038401184,645,5.56,4.5,610,5.26,3.34,761,6.56,6.3,0.81,0.8,0.47,0.48,14.38,123.99
1438,1254,375663,352648222,601,5.41,4.37,542,4.88,2.65,697,6.28,5.38,0.76,0.74,0.43,0.44,14.81,112.91
1439,1195,47421,21643428,516,5.73,4.12,454,5.04,2.57,620,6.89,6.05,0.8,0.79,0.47,0.47,18.15,116.08
1440,1140,22648,5393065,544,5.91,4.26,504,5.48,2.71,644,7.0,6.03,0.78,0.75,0.43,0.46,15.42,115.32
1441,1127,11461,2613451,516,5.11,3.77,473,4.68,2.52,589,5.83,5.13,0.83,0.82,0.44,0.45,11.88,118.27
1442,1119,799348,1060132592,535,5.05,3.72,511,4.82,3.41,613,5.78,4.87,0.79,0.78,0.46,0.49,11.7,114.66
1443,1211,18393,3765703,566,5.6,4.17,507,5.02,2.37,663,6.56,5.99,0.79,0.76,0.43,0.44,11.54,109.3
1444,1378,713555,924163598,674,5.57,4.19,645,5.33,3.2,792,6.55,5.75,0.8,0.79,0.46,0.47,11.21,110.24
1445,1088,1335250,58746919,509,4.89,4.2,441,4.24,2.35,589,5.66,5.71,0.79,0.78,0.45,0.45,14.88,110.63
1446,1006,47034,42079796,480,4.75,3.41,436,4.32,2.43,572,5.66,4.89,0.79,0.78,0.48,0.51,13.37,109.59
1447,1005,999941,1327182961,576,5.38,3.86,544,5.08,2.69,673,6.29,5.39,0.85,0.83,0.43,0.43,13.81,111.39
1448,967,24997,9031370,548,4.94,3.92,524,4.72,3.09,626,5.64,4.94,0.8,0.79,0.5,0.52,15.34,108.72
1449,1087,525126,718561631,544,5.44,4.09,498,4.98,2.93,661,6.61,6.06,0.8,0.79,0.47,0.48,15.05,115.65
1450,1054,4244981,6002534882,585,5.0,3.85,558,4.77,2.94,677,5.79,5.04,0.8,0.79,0.49,0.52,18.41,104.07
1451,1045,1259957,1648606823,582,4.81,3.62,508,4.2,2.33,689,5.69,4.92,0.73,0.71,0.46,0.47,16.7,114.83
1452,1081,2686419,3521962161,573,5.26,3.74,485,4.45,2.18,699,6.41,5.34,0.77,0.74,0.45,0.43,15.68,109.97
1453,1058,5909628,6485636078,598,5.2,3.9,536,4.66,2.39,714,6.21,5.54,0.8,0.78,0.47,0.47,16.68,112.13
1454,1260,1605631,2026045882,655,5.24,3.92,560,4.48,2.36,788,6.3,5.74,0.75,0.73,0.44,0.46,13.03,129.28
1455,1383,1496782,1889429447,755,6.14,3.84,712,5.79,2.77,839,6.82,5.2,0.85,0.83,0.34,0.39,7.78,158.66
1456,1468,1183131,1498329690,752,6.54,4.1,688,5.98,2.67,864,7.51,5.63,0.86,0.84,0.36,0.38,8.16,168.82
1457,1423,4909678,6720262456,703,6.33,3.71,683,6.15,3.04,806,7.26,5.06,0.87,0.85,0.38,0.42,9.05,159.6
1458,1551,875438,1098465116,743,6.35,3.73,694,5.93,2.67,869,7.43,5.3,0.85,0.82,0.38,0.41,10.74,156.77
1459,1545,982367,1311834833,760,6.5,3.7,706,6.03,2.5,865,7.39,5.22,0.86,0.84,0.36,0.39,6.66,162.79
1460,1628,2981922,4063937595,772,6.18,3.82,746,5.97,2.93,905,7.24,5.17,0.87,0.84,0.38,0.42,10.6,157.14
1461,1374,201750,240214519,668,6.19,4.24,601,5.56,2.89,768,7.11,5.38,0.82,0.78,0.37,0.42,7.56,157.48
1462,1410,228414,181169550,660,6.0,3.7,592,5.38,2.11,756,6.87,5.35,0.84,0.81,0.36,0.41,5.97,160.49
1463,1516,1704517,2337337652,751,6.16,3.8,717,5.88,2.94,863,7.07,5.07,0.85,0.82,0.36,0.39,6.77,162.45
1464,1414,16718,5901634,655,6.49,4.11,636,6.3,3.31,754,7.47,5.76,0.87,0.85,0.38,0.43,6.41,156.71
1465,1248,53196,48965708,578,6.72,4.58,576,6.7,6.1,683,7.94,6.28,0.87,0.87,0.38,0.39,9.4,145.17
1466,1430,5625786,7499079909,643,6.56,4.4,626,6.39,5.36,749,7.64,5.96,0.85,0.84,0.37,0.42,5.72,162.99
1467,1530,26293841,35160734036,715,6.68,4.19,687,6.42,3.53,829,7.75,5.99,0.86,0.84,0.34,0.38,6.01,166.06
1468,1387,35082494,47696469889,628,6.68,3.81,638,6.79,3.39,721,7.67,5.32,0.88,0.85,0.37,0.41,9.16,159.57
1469,1320,58385307,77242209581,646,6.59,4.04,568,5.8,2.38,728,7.43,5.84,0.89,0.87,0.38,0.41,7.57,160.54
1470,1316,40260,27976645,617,6.3,4.44,556,5.67,2.41,706,7.2,6.2,0.87,0.86,0.37,0.4,7.44,156.45
1471,1281,1357881,1870010452,628,6.1,4.15,552,5.36,2.35,743,7.21,5.75,0.86,0.84,0.39,0.42,9.71,156.06
1472,1234,68273,16920979,612,5.94,3.43,570,5.53,2.29,693,6.73,4.7,0.83,0.8,0.38,0.39,8.75,156.25
1473,1458,112540,112348749,677,6.15,3.8,641,5.83,2.54,799,7.26,5.07,0.81,0.8,0.38,0.42,7.5,163.35
1474,1483,35670,12841227,712,6.72,4.11,660,6.23,2.92,830,7.83,5.79,0.87,0.84,0.35,0.39,8.17,161.36
1475,1478,40408,30483357,683,6.15,4.09,742,6.68,4.23,793,7.14,5.83,0.88,0.85,0.33,0.36,9.81,154.12
1476,1466,1604279,2216135219,696,6.33,3.86,664,6.04,2.9,799,7.26,5.16,0.82,0.79,0.36,0.39,11.91,159.99
1477,1265,12928,3068552,669,5.72,3.95,584,4.99,2.29,754,6.44,5.31,0.82,0.79,0.41,0.45,7.12,156.56
1478,1253,81319,52502560,606,5.51,3.96,538,4.89,2.49,694,6.31,5.02,0.83,0.8,0.35,0.37,10.46,161.45
1479,1271,1629404,2262394697,616,5.98,3.62,585,5.68,2.72,723,7.02,5.22,0.83,0.79,0.38,0.42,7.52,156.3
1480,1356,26378,17808910,650,5.91,3.84,618,5.62,2.65,753,6.85,5.2,0.87,0.85,0.35,0.39,9.32,161.31
1481,1268,1552575,2072710150,691,6.34,4.11,656,6.02,3.04,774,7.1,5.21,0.83,0.79,0.35,0.4,9.64,156.98
1482,1473,35357,21911711,735,6.18,3.43,693,5.82,2.92,820,6.89,4.53,0.86,0.83,0.36,0.39,11.02,161.9
1483,1536,29159,12738122,811,6.59,4.39,756,6.15,3.11,954,7.76,6.44,0.82,0.8,0.38,0.39,9.7,134.2
1484,1306,1630957,2190516532,674,5.96,4.31,627,5.55,3.37,789,6.98,5.81,0.77,0.74,0.44,0.46,13.99,112.07
1485,1441,205452,256704131,748,6.23,4.31,702,5.85,3.22,886,7.38,5.83,0.77,0.76,0.48,0.51,10.14,114.96
1486,1231,61196,46155378,658,5.67,4.33,623,5.37,3.4,763,6.58,5.77,0.82,0.81,0.49,0.53,10.28,124.42
1487,1122,26004,7048426,625,5.58,4.25,557,4.97,2.69,729,6.51,5.54,0.75,0.72,0.47,0.52,13.39,121.18
1488,1317,31462,13627822,667,5.9,4.18,599,5.3,2.55,771,6.82,5.92,0.78,0.77,0.41,0.42,7.71,134.04
1489,1089,1062595,1409875461,603,6.09,4.11,520,5.25,2.46,689,6.96,5.92,0.82,0.8,0.41,0.41,10.03,116.11
1490,1163,1633716,1902589148,624,5.72,4.74,563,5.17,3.14,711,6.52,6.21,0.81,0.79,0.42,0.43,13.13,126.68
1491,1102,675616,957985143,586,5.58,4.16,537,5.11,2.95,671,6.39,5.73,0.82,0.81,0.41,0.44,12.35,115.98
1492,1085,11529,2611060,582,5.39,4.06,536,4.96,2.98,685,6.34,5.49,0.78,0.77,0.46,0.47,10.35,117.43
1493,1018,4923537,6778254649,535,5.3,4.52,469,4.64,2.46,620,6.14,5.91,0.81,0.79,0.45,0.46,10.0,116.1
1494,1191,2119707,2892513424,641,5.99,4.23,596,5.57,2.81,758,7.08,5.74,0.82,0.8,0.43,0.47,12.19,116.73
1495,1173,3529782,4118487360,629,5.88,4.36,589,5.5,3.66,758,7.08,6.11,0.82,0.81,0.43,0.47,9.69,123.56
1496,1466,21584,5566631,688,6.2,4.06,816,7.35,8.27,808,7.28,5.56,0.84,0.82,0.41,0.45,6.92,135.32
1497,1455,51214,10295955,702,5.75,3.69,858,7.03,8.9,830,6.8,5.2,0.8,0.78,0.43,0.47,14.55,129.82
1498,1264,874396,1148634126,604,5.49,4.01,679,6.17,6.12,723,6.57,5.66,0.75,0.73,0.49,0.51,11.71,105.74
1499,1082,34451,10160462,570,4.96,3.83,572,4.97,4.06,674,5.86,5.06,0.75,0.73,0.46,0.48,8.72,126.87
1500,1138,1731530,2380120712,644,5.5,3.85,610,5.21,3.06,762,6.51,4.99,0.79,0.77,0.45,0.47,15.12,120.72
1501,1141,1369038,1858382918,603,5.69,4.51,598,5.64,4.41,729,6.88,6.41,0.83,0.83,0.44,0.46,17.34,118.23
1502,1205,40061,7177834,633,5.97,4.26,592,5.58,3.44,762,7.19,5.96,0.84,0.81,0.39,0.42,16.78,125.13
1503,1260,1097968,1482638896,701,6.37,4.2,707,6.43,4.41,859,7.81,6.12,0.79,0.77,0.42,0.44,9.81,126.25
1504,1253,26882,9853338,633,5.55,4.22,561,4.92,2.42,797,6.99,6.25,0.76,0.74,0.44,0.46,15.3,116.71
1505,1233,25083,5529265,615,6.21,4.02,573,5.79,3.44,768,7.76,5.88,0.81,0.79,0.46,0.47,13.95,107.16
1506,1431,1615171,2124236488,723,6.23,3.85,732,6.31,3.87,881,7.59,5.42,0.8,0.78,0.43,0.44,12.95,122.68
1507,1366,1517792,1993153770,721,6.01,4.83,706,5.88,5.23,865,7.21,6.95,0.81,0.8,0.48,0.49,13.57,113.1
1508,1260,1914278,2637970516,595,5.09,3.75,561,4.79,2.83,697,5.96,4.84,0.74,0.72,0.43,0.45,16.72,110.89
1509,1192,1112260,1484298975,637,5.69,4.21,582,5.2,2.91,755,6.74,5.74,0.75,0.72,0.44,0.44,7.82,114.31
1510,1325,32690,14103024,713,6.09,4.35,682,5.83,4.01,857,7.32,5.96,0.79,0.79,0.43,0.41,7.26,109.11
1511,1473,2425284,3225557782,776,5.97,3.8,794,6.11,4.93,892,6.86,5.24,0.77,0.76,0.37,0.36,9.22,124.83
1512,1257,17359,3248398,678,6.05,4.78,646,5.77,3.71,801,7.15,6.5,0.76,0.73,0.42,0.44,7.83,127.24
1513,1357,1854653,2497283250,733,6.11,5.0,682,5.68,4.12,865,7.21,6.48,0.76,0.73,0.42,0.43,6.69,129.02
1514,1305,58309,47489138,673,6.23,4.46,653,6.05,4.11,807,7.47,6.18,0.78,0.76,0.46,0.51,10.48,120.16
1515,1261,1129068,1513780839,678,6.22,4.4,677,6.21,3.89,821,7.53,6.35,0.82,0.81,0.44,0.47,6.13,120.01
1516,1104,20085,3523998,555,5.14,3.84,536,4.96,3.14,668,6.19,5.15,0.73,0.73,0.46,0.47,9.0,110.94
1517,819,14931,2769901,468,4.5,3.91,417,4.01,2.73,538,5.17,5.17,0.75,0.74,0.5,0.52,9.16,109.74
1518,860,265657,302443178,479,5.32,3.71,427,4.74,2.29,538,5.98,4.59,0.83,0.82,0.46,0.48,7.92,129.08
1519,1020,3064398,4271608988,558,5.69,3.89,502,5.12,2.55,635,6.48,5.03,0.86,0.84,0.37,0.39,10.38,155.01
1520,40007,3894777,4231926843,2023,19.08,81.13,521,4.92,2.18,11019,103.95,578.29,0.81,0.77,0.35,0.37,6.59,160.5
1521,78241,7342360,8007024563,3474,34.06,114.58,549,5.38,2.69,21474,210.53,821.32,0.86,0.83,0.37,0.38,10.09,148.7
1522,73759,7180745,7756063617,3335,34.38,112.74,518,5.34,2.67,20595,212.32,806.37,0.87,0.85,0.4,0.39,10.69,151.01
1523,76438,7129619,7658617145,3461,32.05,108.67,597,5.53,2.96,21034,194.76,781.17,0.82,0.79,0.38,0.39,10.46,158.53
1524,67219,6838618,7552044431,3241,30.58,102.57,585,5.52,2.98,19157,180.73,716.31,0.83,0.81,0.36,0.36,6.94,156.57
1525,63447,6750868,7530692425,3164,28.5,96.31,565,5.09,1.98,18311,164.96,668.65,0.8,0.77,0.34,0.35,8.14,156.13
1526,76226,9268513,10625858087,3462,33.29,112.37,554,5.33,2.34,20988,201.81,796.89,0.85,0.82,0.38,0.42,9.6,153.36
1527,85143,7761795,8387809194,3625,34.86,116.62,658,6.33,2.71,22907,220.26,867.94,0.86,0.84,0.34,0.37,9.09,163.95
1528,82339,8976188,8518084777,3524,33.25,113.18,595,5.61,2.23,22232,209.74,854.32,0.82,0.78,0.36,0.38,9.55,158.76
1529,1381,2591340,299778534,737,6.82,3.67,692,6.41,3.06,857,7.94,4.8,0.84,0.81,0.38,0.41,8.74,159.1
1530,1357,13584125,16107824019,725,6.42,3.97,655,5.8,2.22,809,7.16,5.05,0.86,0.84,0.34,0.38,11.35,165.85
1531,1649,3668243,4750542269,865,6.76,3.81,815,6.37,3.27,1011,7.9,5.26,0.76,0.74,0.37,0.41,8.7,165.46
1532,1135,464862,52479527,678,5.51,3.96,600,4.88,2.69,784,6.37,5.25,0.72,0.71,0.45,0.51,14.62,120.66
1533,1450,299694,68639218,740,5.97,4.15,707,5.7,3.59,893,7.2,5.69,0.79,0.78,0.42,0.47,11.32,139.13
1534,1598,1169753,1521343236,854,6.89,4.31,796,6.42,3.36,975,7.86,5.43,0.81,0.79,0.35,0.38,8.02,160.99
1535,1779,1714057,2281395683,882,6.78,3.86,818,6.29,3.02,1006,7.74,5.37,0.81,0.78,0.34,0.38,7.29,165.39
1536,1848,190982,216972406,902,6.94,3.73,881,6.78,3.4,1053,8.1,4.98,0.82,0.79,0.36,0.41,5.67,162.69
1537,1766,1368024,209927384,838,6.65,4.37,787,6.25,3.03,967,7.67,6.61,0.86,0.84,0.36,0.41,7.16,169.3
1538,1616,1259558,88881327,814,6.84,4.16,747,6.28,3.07,921,7.74,5.61,0.86,0.85,0.37,0.39,8.58,170.07
1539,1590,2464252,156768735,744,7.09,4.04,747,7.11,3.57,907,8.64,6.0,0.87,0.84,0.39,0.44,7.46,157.04
1540,1375,2184009,1346490192,697,6.77,4.22,648,6.29,2.79,789,7.66,5.49,0.87,0.85,0.36,0.38,8.55,163.14
1541,1214,4322384,5898535200,657,6.14,3.88,606,5.66,2.44,752,7.03,5.14,0.86,0.83,0.35,0.37,8.28,157.39
1542,1173,1228383,74777186,616,5.55,3.45,556,5.01,2.56,705,6.35,4.52,0.84,0.82,0.38,0.41,7.81,160.28
1543,1029,1235401,77092762,574,5.68,3.61,510,5.05,2.29,658,6.51,4.61,0.83,0.81,0.39,0.42,11.54,148.15
1544,978,46727,23807782,561,5.84,3.77,506,5.27,2.45,631,6.57,4.99,0.82,0.79,0.38,0.4,13.55,146.36
1545,1011,773945,1018345488,558,5.58,3.5,508,5.08,2.47,628,6.28,4.52,0.83,0.81,0.41,0.45,11.51,148.42
1546,1057,68400,30776089,554,5.65,4.25,495,5.05,2.52,616,6.29,5.42,0.84,0.81,0.42,0.48,12.24,149.85
1547,1023,18211,3879268,568,6.04,3.98,519,5.52,3.56,659,7.01,5.15,0.83,0.8,0.44,0.47,8.3,151.83
1548,1114,46982,10348212,586,5.23,3.37,540,4.82,2.48,694,6.2,4.7,0.84,0.81,0.46,0.5,13.53,139.15
1549,1102,775190,864894555,650,5.16,4.02,597,4.74,2.7,754,5.98,5.48,0.76,0.74,0.46,0.48,12.97,111.8
1550,1095,30037,9231251,579,5.17,3.86,525,4.69,2.73,679,6.06,5.11,0.79,0.77,0.46,0.46,12.65,105.68
1551,1067,56269,17883729,580,5.04,3.95,536,4.66,3.03,729,6.34,5.95,0.81,0.81,0.5,0.51,15.82,115.96
1552,1042,21160,9764004,579,4.87,3.69,507,4.26,2.16,662,5.56,4.93,0.8,0.77,0.42,0.43,11.68,116.98
1553,1365,113589,94902063,695,5.74,4.47,653,5.4,4.05,826,6.83,5.92,0.82,0.8,0.42,0.44,12.99,120.13
1554,1163,491557,33176973,669,5.44,4.09,594,4.83,2.48,787,6.4,5.58,0.83,0.81,0.48,0.5,18.54,119.37
1555,1196,57802,14047862,660,5.74,3.64,633,5.5,3.0,781,6.79,4.82,0.82,0.8,0.44,0.46,14.0,115.25
1556,1229,39216,8158648,696,5.4,3.97,670,5.19,3.36,808,6.26,5.04,0.75,0.73,0.42,0.44,10.15,115.23
1557,1314,50081,35942980,717,6.03,4.16,669,5.62,3.18,855,7.18,5.67,0.77,0.74,0.45,0.46,11.25,113.94
1558,1474,39968,22194991,762,6.2,4.67,726,5.9,3.56,892,7.25,6.49,0.82,0.8,0.43,0.44,11.94,116.2
1559,1346,30532,6353888,757,5.37,4.07,693,4.91,2.59,862,6.11,5.52,0.8,0.78,0.43,0.44,10.91,126.23
1560,1365,44242,8629234,702,5.75,4.31,658,5.39,3.66,849,6.96,5.97,0.81,0.8,0.43,0.44,13.64,118.16
1561,1581,53568,11232998,806,6.61,4.43,946,7.75,4.31,990,8.11,5.94,0.77,0.75,0.37,0.37,8.69,124.38
1562,1351,114117,103571806,670,5.68,4.39,665,5.64,4.23,766,6.49,6.03,0.82,0.79,0.44,0.48,12.16,123.61
1563,1285,72314,13426972,687,5.68,3.99,638,5.27,2.58,813,6.72,5.7,0.84,0.83,0.44,0.45,13.12,119.56
1564,1107,38660,14410645,593,5.2,3.54,563,4.94,2.65,687,6.03,5.15,0.79,0.79,0.45,0.45,10.76,114.18
1565,1049,47769,7842713,539,4.65,3.39,551,4.75,5.05,635,5.47,4.73,0.79,0.76,0.48,0.51,9.94,115.66
1566,1148,29463,18802187,503,4.41,3.64,729,6.39,10.79,618,5.42,4.98,0.73,0.71,0.48,0.47,7.8,106.88
1567,1192,1519622,1940398430,628,5.37,4.1,699,5.97,7.36,748,6.39,5.5,0.82,0.79,0.46,0.5,11.24,115.27
1568,966,54028,18539434,564,5.27,3.74,509,4.76,2.65,664,6.21,4.86,0.77,0.74,0.46,0.47,15.83,110.37
1569,888,27473,18727429,491,5.22,4.05,423,4.5,2.59,576,6.13,5.29,0.81,0.79,0.49,0.49,18.17,107.86
1570,915,357558,343947499,497,4.73,4.07,453,4.31,3.14,591,5.63,5.23,0.76,0.74,0.49,0.52,17.03,108.92
1571,922,1449617,2040987582,510,5.43,4.16,463,4.93,3.54,604,6.43,5.6,0.76,0.75,0.47,0.48,15.57,104.13
1572,6861,562279,591224556,938,8.69,33.46,520,4.81,2.87,2537,23.49,176.88,0.74,0.71,0.47,0.5,11.75,117.93
1573,184048,16620445,18301993429,5447,51.88,184.74,463,4.41,2.57,38111,362.96,1440.45,0.74,0.72,0.46,0.45,16.05,101.77
1574,9524,859250,893222726,993,9.28,41.31,508,4.75,3.1,3180,29.72,243.17,0.74,0.73,0.49,0.5,15.34,110.04
1575,1100,1379010,1938403722,627,5.65,3.9,582,5.24,3.25,750,6.76,4.8,0.73,0.71,0.44,0.48,21.07,118.48
1576,1789,1532919,2022823956,875,7.42,13.36,738,6.25,3.79,1209,10.25,28.39,0.77,0.75,0.41,0.45,18.69,120.74
1577,15266,461104,247104901,2743,24.27,100.0,596,5.27,2.61,9084,80.39,405.58,0.76,0.72,0.4,0.43,15.14,126.73
1578,1234,163544,97769966,689,5.99,4.2,623,5.42,3.2,824,7.17,5.56,0.74,0.73,0.45,0.49,13.77,123.81
1579,1318,250919,244906198,724,6.52,4.34,668,6.02,4.19,869,7.83,5.98,0.75,0.73,0.46,0.48,11.65,120.59
1580,1340,19695,8239913,761,6.79,4.06,691,6.17,3.53,920,8.21,5.85,0.77,0.76,0.45,0.46,8.84,123.3
1581,1332,180615,92957807,695,6.56,4.54,656,6.19,3.46,850,8.02,6.22,0.8,0.78,0.43,0.47,14.15,118.33
1582,3467,120021,75635735,1164,12.0,36.59,565,5.82,2.44,2207,22.75,104.33,0.84,0.82,0.46,0.48,11.05,128.1
1583,17857,4013515,1627189297,3134,31.66,122.64,576,5.82,2.82,10992,111.03,510.38,0.84,0.81,0.44,0.48,11.36,125.89
1584,940,53573,11718703,541,5.46,3.9,479,4.84,2.54,629,6.35,5.49,0.8,0.77,0.46,0.49,12.15,123.92
1585,1106,51150,11643326,612,5.83,4.01,596,5.68,3.72,717,6.83,5.36,0.78,0.75,0.44,0.46,9.62,124.9
1586,1188,34922,8265962,615,5.97,4.36,614,5.96,3.69,741,7.19,6.27,0.81,0.79,0.45,0.47,14.93,110.41
1587,1230,63860,26303544,651,6.38,4.93,576,5.65,2.78,759,7.44,6.38,0.83,0.82,0.44,0.47,13.37,127.13
1588,1722,73116,21779694,802,7.94,15.6,618,6.12,4.35,1108,10.97,31.09,0.76,0.73,0.46,0.49,12.8,125.4
1589,3182,81024,35427956,1064,10.13,36.56,500,4.76,2.88,2165,20.62,105.37,0.77,0.75,0.46,0.48,15.07,116.81
1590,13919,6585348,8982712650,2601,28.58,111.04,399,4.38,2.29,9339,102.63,461.66,0.75,0.73,0.52,0.55,14.9,114.41
1591,917,5083456,6859046081,472,4.92,3.78,375,3.91,2.1,567,5.91,5.37,0.75,0.73,0.49,0.52,14.59,114.93
1592,867,584807,732213773,519,5.24,3.76,447,4.52,2.89,597,6.03,4.93,0.75,0.74,0.49,0.51,15.66,112.27
1593,888,32901,8313238,544,5.23,3.46,495,4.76,2.83,638,6.13,4.56,0.75,0.73,0.48,0.51,13.37,121.25
1594,779,114847,42653508,454,5.1,3.7,405,4.55,2.62,527,5.92,5.04,0.79,0.77,0.5,0.52,22.29,117.8
1595,861,2424240,2644680194,503,5.19,3.35,436,4.49,2.25,586,6.04,4.64,0.78,0.76,0.45,0.48,16.26,117.47
1596,803,26252,7061029,456,4.96,3.59,402,4.37,2.21,519,5.64,4.33,0.78,0.77,0.47,0.48,13.62,114.73
1597,889,4021952,4702349782,509,5.09,3.91,445,4.45,2.2,588,5.88,5.21,0.8,0.78,0.46,0.49,17.87,122.7
1598,16017,917861,751087464,3040,27.39,116.38,603,5.43,2.94,10849,97.74,489.58,0.8,0.78,0.43,0.47,14.36,123.02
1599,28281,4978569,3455658762,4618,45.27,164.75,528,5.18,2.95,18631,182.66,724.13,0.84,0.81,0.45,0.48,19.76,122.59
1600,32477,6609812,2951082990,4929,53.0,186.08,466,5.01,2.85,21214,228.11,855.22,0.84,0.82,0.44,0.5,22.23,116.49
1601,36297,4031080,1889929081,5162,47.36,177.0,603,5.53,3.54,22719,208.43,847.04,0.79,0.76,0.44,0.5,13.72,127.85
1602,31523,4485909,2091599966,4628,44.08,161.16,517,4.92,2.53,19880,189.33,752.61,0.78,0.75,0.45,0.49,14.15,128.09
1603,32781,1369515,1118812204,4787,41.63,158.46,557,4.84,2.11,20349,176.95,735.57,0.78,0.74,0.43,0.45,16.11,130.39
1604,35737,3506025,1897472067,5122,45.73,169.8,685,6.12,3.47,21779,194.46,792.92,0.78,0.74,0.41,0.45,14.48,126.51
1605,35867,10184550,9266549472,5238,51.86,185.85,611,6.05,3.18,21651,214.37,835.23,0.84,0.82,0.42,0.44,15.53,125.01
1606,38032,3382720,1862463972,5245,50.43,181.76,683,6.57,3.77,22453,215.89,851.42,0.82,0.8,0.45,0.48,9.93,128.34
1607,35163,1342668,1019903679,5082,46.62,171.9,626,5.74,3.1,21341,195.79,790.9,0.8,0.77,0.41,0.41,10.99,127.26
1608,32356,4628923,5622502893,4810,50.1,177.08,499,5.2,2.99,19954,207.85,789.66,0.77,0.75,0.39,0.41,10.7,135.26
1609,34207,1314523,971025482,4944,50.97,180.99,500,5.15,2.37,21073,217.25,831.01,0.79,0.76,0.42,0.43,8.39,128.96
1610,32119,3066246,1545464403,4815,48.15,172.79,520,5.2,3.06,20114,201.14,780.56,0.81,0.79,0.46,0.48,16.62,121.25
1611,32019,2183978,2145627398,4892,44.07,166.65,520,4.68,2.68,20067,180.78,739.13,0.76,0.73,0.47,0.48,13.01,123.62
1612,29050,2509476,1447688924,4620,50.77,175.75,413,4.54,2.72,18575,204.12,754.99,0.78,0.76,0.48,0.49,16.4,117.64
1613,26880,1049321,741766212,4415,52.56,177.26,352,4.19,2.67,17943,213.61,761.4,0.8,0.78,0.47,0.5,11.0,115.18
1614,27732,4226193,3902053539,4599,52.26,177.98,422,4.8,2.37,18588,211.23,768.37,0.84,0.82,0.49,0.54,13.1,118.35
1615,32240,1237334,922580012,4960,55.73,190.2,483,5.43,3.45,20660,232.13,848.16,0.81,0.79,0.45,0.49,17.33,113.31
1616,30338,2363115,1437349205,4837,44.79,166.14,560,5.19,2.87,19792,183.26,739.09,0.78,0.75,0.44,0.5,13.73,130.67
1617,29127,5230871,6933658908,4685,45.05,167.26,459,4.41,2.68,19114,183.79,729.12,0.8,0.78,0.49,0.53,26.89,120.4
1618,28530,1805637,1068323821,4669,50.2,174.97,458,4.92,2.89,18917,203.41,760.07,0.84,0.83,0.49,0.53,25.32,119.89
1619,40988,1434630,985511427,5734,59.73,216.13,479,4.99,3.01,26674,277.85,1066.75,0.82,0.79,0.48,0.51,18.41,116.79
1620,44923,1587057,1103879603,6079,65.37,232.99,481,5.17,2.95,29738,319.76,1207.82,0.8,0.78,0.48,0.51,16.24,117.22
1621,53363,4185259,2415659884,6640,57.24,227.22,601,5.18,3.68,33538,289.12,1226.49,0.8,0.78,0.46,0.47,16.53,115.88
1622,55315,25900171,32366613796,6654,59.95,234.07,505,4.55,2.79,34144,307.6,1271.62,0.83,0.81,0.48,0.51,16.32,126.43
1623,66153,24655294,30690358494,7347,68.66,259.98,661,6.18,3.81,39063,365.07,1478.17,0.82,0.79,0.49,0.51,16.03,119.37
1624,65927,23624218,26994005044,7124,70.53,261.25,596,5.9,3.3,38700,383.17,1507.96,0.83,0.8,0.43,0.46,21.46,125.57
1625,65773,21381429,25685970976,7160,73.06,268.68,536,5.47,2.92,38574,393.61,1530.52,0.81,0.78,0.44,0.45,19.43,125.12
1626,66412,22084607,27408606321,7144,63.79,249.6,574,5.12,2.96,38319,342.13,1420.43,0.78,0.73,0.46,0.51,17.78,127.27
1627,68355,29800290,37582877845,7333,64.32,251.65,629,5.52,2.85,39436,345.93,1446.08,0.79,0.77,0.43,0.47,11.89,128.11
1628,68036,23217095,26953226988,7264,63.72,249.59,624,5.47,2.75,38778,340.16,1424.7,0.79,0.77,0.44,0.47,14.68,130.13
1629,71233,35961216,42631544780,7357,63.42,249.38,671,5.78,3.29,40187,346.44,1461.32,0.81,0.78,0.44,0.47,11.87,128.93
1630,69847,27046824,31588988927,7343,67.99,259.82,622,5.76,2.86,39267,363.58,1482.39,0.81,0.78,0.45,0.49,13.7,134.08
1631,70823,3239049,2251043996,7309,70.96,263.9,642,6.23,3.32,39902,387.4,1539.78,0.82,0.8,0.4,0.43,8.51,132.1
1632,72988,12526358,12137916611,7610,72.48,273.76,628,5.98,3.68,41012,390.59,1569.2,0.79,0.74,0.4,0.43,8.77,136.89
1633,70326,17176181,19849589772,7268,75.71,273.58,549,5.72,2.43,40011,416.78,1600.44,0.83,0.8,0.42,0.46,8.63,135.06
1634,65991,4651566,2734335174,7170,73.16,267.58,570,5.82,2.98,37805,385.77,1495.59,0.79,0.75,0.4,0.45,7.04,140.98
1635,66411,9611988,10893695739,7174,72.46,264.78,607,6.13,3.3,38617,390.07,1520.92,0.8,0.76,0.42,0.46,9.73,134.77
1636,64135,4286390,3057173839,7032,68.94,256.0,596,5.84,3.21,37002,362.76,1434.68,0.8,0.76,0.4,0.44,8.47,135.51
1637,70723,5161298,3883038268,7442,67.05,259.32,685,6.17,4.2,39945,359.86,1486.9,0.77,0.73,0.41,0.45,7.45,134.47
1638,60164,11048339,12837142203,6892,66.27,249.6,551,5.3,3.06,35538,341.71,1368.38,0.83,0.8,0.4,0.44,12.28,133.77
1639,67191,4129292,3309935760,7319,77.04,277.07,562,5.92,2.72,39170,412.32,1578.49,0.82,0.78,0.39,0.43,9.29,134.38
1640,71505,3690754,2451812196,7410,72.65,270.06,613,6.01,2.8,40546,397.51,1574.3,0.78,0.74,0.44,0.48,8.41,127.82
1641,72360,24988078,29663480542,7477,68.6,260.9,700,6.42,4.06,40475,371.33,1518.65,0.84,0.82,0.43,0.49,14.07,132.97
1642,64620,4639574,2750039898,7128,63.08,246.95,608,5.38,2.7,37530,332.12,1388.02,0.8,0.77,0.43,0.48,7.23,131.87
1643,65027,2892158,2077691644,7093,65.68,249.62,648,6.0,3.03,37372,346.04,1416.67,0.8,0.77,0.41,0.44,10.39,124.05
1644,66211,39851077,49188817978,7128,64.22,249.3,645,5.81,3.58,37688,339.53,1404.18,0.8,0.76,0.44,0.48,8.47,130.11
1645,62598,9515131,10763015325,7049,70.49,259.77,599,5.99,3.4,36481,364.81,1434.35,0.81,0.78,0.41,0.43,11.06,137.01
1646,60399,6081798,3339880660,6884,68.84,256.11,501,5.01,2.96,36038,360.38,1415.45,0.81,0.79,0.42,0.46,8.44,130.09
1647,59483,18387818,21908183565,6981,65.86,249.84,597,5.63,3.46,35550,335.38,1353.12,0.81,0.78,0.44,0.48,14.08,131.7
1648,66471,11560251,11505299165,7125,64.77,250.49,593,5.39,3.21,38088,346.25,1424.87,0.75,0.72,0.46,0.51,12.39,126.8
1649,71380,11777210,11664417489,7498,61.97,250.44,676,5.59,3.0,40378,333.7,1446.71,0.81,0.77,0.4,0.44,8.92,133.67
1650,66102,2802626,2186469901,7085,65.6,250.48,594,5.5,3.2,37731,349.36,1424.55,0.77,0.72,0.42,0.45,10.16,132.93
1651,73431,17086256,19940369537,7534,62.78,251.18,740,6.17,3.84,40498,337.48,1451.78,0.77,0.73,0.4,0.43,10.8,128.26
1652,79928,12466712,12173915576,7898,68.09,268.2,698,6.02,2.97,44175,380.82,1613.98,0.78,0.75,0.41,0.46,9.52,132.2
1653,78059,13058844,12203612470,7717,67.1,261.93,745,6.48,3.75,42517,369.71,1554.93,0.77,0.73,0.45,0.5,11.04,138.83
1654,80982,4755920,3114667263,7947,72.25,277.64,723,6.57,4.2,43925,399.32,1644.61,0.8,0.77,0.39,0.41,9.18,129.54
1655,82954,30077197,34838943941,7919,69.46,272.83,681,5.97,3.33,44884,393.72,1657.73,0.77,0.73,0.4,0.42,7.37,133.06
1656,82523,11677456,11899503055,7792,68.35,267.86,697,6.11,4.04,43855,384.69,1614.44,0.8,0.76,0.39,0.43,8.02,135.25
1657,70426,3615122,2590759587,7202,76.62,275.39,666,7.09,7.04,39133,416.31,1592.97,0.84,0.83,0.4,0.41,6.77,131.57
1658,62523,3199407,2028064888,6982,75.08,269.35,511,5.49,3.63,37696,405.33,1537.03,0.88,0.87,0.45,0.48,8.27,130.79
1659,59162,2532960,1899205224,6711,78.03,270.95,417,4.85,2.71,35110,408.26,1486.64,0.77,0.74,0.45,0.45,10.43,119.22
1660,63334,3643064,2348607452,7026,65.66,252.72,534,4.99,3.64,37456,350.06,1426.24,0.81,0.78,0.41,0.44,8.81,135.35
1661,56618,7185670,7815595930,6699,76.12,267.46,408,4.64,2.66,33775,383.81,1411.77,0.8,0.78,0.43,0.45,12.36,122.32
1662,66322,10175408,10940135865,7147,66.18,253.71,622,5.76,4.52,37831,350.29,1429.58,0.81,0.78,0.43,0.44,9.92,135.75
1663,67868,12024503,13603744024,7198,71.98,267.51,511,5.11,2.99,39563,395.63,1559.32,0.81,0.79,0.42,0.45,10.86,124.1
1664,60963,14653356,17317181793,7086,71.58,262.19,544,5.49,2.82,36319,366.86,1430.61,0.84,0.81,0.43,0.45,7.3,135.55
1665,58841,4465817,3673430104,6850,69.19,254.05,554,5.6,3.26,35216,355.72,1391.29,0.84,0.82,0.44,0.46,12.73,137.9
1666,54117,3652303,2161964745,6404,68.86,245.3,486,5.23,2.76,32844,353.16,1336.18,0.86,0.84,0.41,0.45,11.72,136.62
1667,56245,2176992,1626781830,6709,65.77,243.76,559,5.48,2.71,34146,334.76,1327.65,0.81,0.77,0.41,0.43,9.89,144.16
1668,72951,3298859,2385946764,7522,78.35,282.03,625,6.51,3.73,41608,433.42,1669.48,0.82,0.8,0.41,0.43,7.97,133.7
1669,61936,2668239,1849861123,6982,65.87,248.02,667,6.29,3.91,36797,347.14,1398.98,0.8,0.76,0.42,0.46,9.16,132.27
1670,66820,3323327,2239714759,7246,76.27,271.9,676,7.12,4.02,39267,413.34,1576.08,0.87,0.85,0.4,0.44,9.5,137.79
1671,68162,7116538,7199580994,7358,65.12,252.88,688,6.09,2.89,39278,347.59,1453.04,0.83,0.79,0.39,0.42,8.4,148.15
1672,77740,3381984,2244998514,7684,63.5,253.07,791,6.54,3.7,43451,359.1,1553.49,0.77,0.73,0.4,0.44,8.56,147.36
1673,80102,7779752,7482611791,7675,60.43,244.25,863,6.8,3.28,43674,343.89,1522.45,0.78,0.74,0.39,0.43,8.49,145.3
1674,79377,4784667,2845791679,7490,64.02,253.55,667,5.7,2.75,43456,371.42,1584.26,0.81,0.77,0.36,0.4,7.14,142.16
1675,75952,4592214,4563352071,7474,63.34,248.62,805,6.82,4.19,41579,352.36,1501.1,0.79,0.75,0.37,0.4,5.99,142.56
1676,76854,3815239,2616043426,7634,70.69,269.26,713,6.6,3.47,42565,394.12,1610.0,0.84,0.79,0.4,0.45,9.29,144.38
1677,83436,5401347,3353877349,7914,78.36,290.99,618,6.12,2.89,45699,452.47,1787.68,0.86,0.84,0.4,0.43,9.46,144.33
1678,82520,4770134,3028156160,7878,76.49,284.71,733,7.12,4.72,45200,438.83,1749.69,0.86,0.83,0.39,0.41,8.58,143.01
1679,80755,5582655,3647383359,7809,72.98,276.5,708,6.62,2.66,43872,410.02,1666.84,0.85,0.83,0.35,0.38,10.88,147.77
1680,82325,4562170,2887269875,7955,75.05,284.34,703,6.63,3.4,45128,425.74,1725.08,0.86,0.84,0.4,0.42,8.78,142.87
1681,78666,12997601,15810816098,7739,75.14,281.72,634,6.16,3.47,44065,427.82,1708.76,0.77,0.74,0.43,0.46,6.0,136.09
1682,68017,4426892,2577572525,7089,78.77,276.83,542,6.02,3.68,38648,429.42,1599.08,0.78,0.74,0.42,0.43,7.94,126.86
1683,73635,3368295,2398386982,7517,79.13,282.81,714,7.52,6.08,41382,435.6,1661.02,0.82,0.79,0.43,0.44,8.57,121.54
1684,77867,4817412,2933906244,7741,71.02,273.58,670,6.15,3.22,43199,396.32,1632.44,0.79,0.77,0.43,0.47,10.02,133.87
1685,71231,3286449,2106570336,7343,69.93,267.82,472,4.5,2.4,41305,393.38,1587.18,0.79,0.77,0.46,0.46,11.68,130.15
1686,66128,3871378,2427083219,7271,69.25,263.53,535,5.1,2.68,39211,373.44,1507.7,0.79,0.76,0.43,0.46,12.94,130.04
1687,49719,3205169,2009919785,6266,62.66,232.71,456,4.56,2.58,30949,309.49,1228.54,0.78,0.76,0.47,0.51,9.61,124.05
1688,47446,2940644,1818440756,6076,68.27,241.65,367,4.12,2.65,30688,344.81,1279.33,0.79,0.76,0.51,0.54,18.99,116.83
1689,42870,3534465,1840635324,5907,60.28,219.61,539,5.5,4.71,27988,285.59,1105.96,0.81,0.78,0.46,0.49,11.75,118.96
1690,44974,2652524,1632479724,5972,57.42,216.35,490,4.71,3.28,29008,278.92,1115.2,0.81,0.8,0.47,0.5,11.55,114.25
1691,42463,2665752,2132726819,5866,57.51,214.44,506,4.96,3.54,27544,270.04,1067.31,0.77,0.74,0.49,0.55,13.67,125.6
1692,58012,2488618,1724310205,6577,64.48,241.4,480,4.71,2.61,34769,340.87,1355.54,0.75,0.72,0.48,0.53,8.63,126.2
1693,63396,3211605,2756071551,7001,68.64,255.62,549,5.38,2.96,37307,365.75,1449.14,0.83,0.81,0.42,0.44,15.89,122.28
1694,67656,4048984,2337997078,7032,59.59,237.69,599,5.08,3.18,38797,328.79,1407.24,0.74,0.72,0.43,0.46,16.0,124.97
1695,71711,3265441,2236146042,7312,60.93,242.99,687,5.72,3.84,40170,334.75,1442.68,0.71,0.68,0.44,0.47,9.15,133.91
1696,70555,3916381,2576873253,7050,66.51,251.32,607,5.73,3.16,39419,371.88,1501.84,0.78,0.77,0.42,0.43,11.67,128.32
1697,75925,7085500,8143385034,7451,59.13,242.14,739,5.87,4.39,41578,329.98,1457.64,0.75,0.72,0.4,0.42,8.85,139.03
1698,75653,3034402,2148865448,7322,62.05,247.19,643,5.45,2.66,41655,353.01,1508.12,0.73,0.69,0.43,0.45,11.71,128.43
1699,76926,3308442,2524658614,7423,55.4,232.09,827,6.17,4.35,41715,311.31,1416.62,0.73,0.7,0.42,0.45,11.69,134.99
1700,73166,3269690,2434513595,7461,56.52,234.94,777,5.89,3.46,40980,310.45,1401.94,0.75,0.73,0.48,0.51,13.05,125.59
1701,70517,4085892,2518977469,7295,57.9,235.09,797,6.33,3.39,38255,303.61,1341.79,0.77,0.75,0.45,0.48,9.58,126.6
1702,66799,3990534,3227703436,6942,54.66,223.91,708,5.57,2.89,36056,283.91,1261.41,0.79,0.77,0.41,0.45,13.02,135.16
1703,56370,2332337,1757504975,6470,61.04,224.98,750,7.08,3.61,30848,291.02,1180.49,0.83,0.79,0.4,0.42,9.46,135.79
1704,65372,3021153,2138226076,6928,62.98,240.36,663,6.03,3.56,36244,329.49,1354.09,0.78,0.75,0.39,0.42,7.12,137.76
1705,56398,2266608,1708437875,6566,55.64,222.12,616,5.22,3.34,33446,283.44,1208.97,0.76,0.74,0.42,0.44,9.03,133.07
1706,59358,4145100,2423398586,6739,64.8,243.2,582,5.6,3.49,35162,338.1,1353.76,0.76,0.73,0.42,0.47,10.53,131.32
1707,53944,3652978,3356325299,6433,67.01,242.59,518,5.4,3.17,31973,333.05,1283.3,0.76,0.73,0.47,0.5,10.02,131.42
1708,39505,2213390,1489546106,5493,52.31,195.39,575,5.48,3.51,24413,232.5,947.79,0.79,0.76,0.46,0.48,6.88,123.44
1709,35554,2340505,1381453390,5181,50.79,185.27,530,5.2,2.7,22350,219.12,862.15,0.81,0.79,0.44,0.46,5.32,130.76
1710,34131,1748561,1205688539,5013,52.77,187.05,480,5.05,3.35,21787,229.34,870.63,0.86,0.83,0.48,0.49,10.97,115.81
1711,31834,1838020,1179712448,4912,52.26,183.08,497,5.29,3.41,20489,217.97,821.52,0.8,0.78,0.48,0.5,15.75,126.59
1712,29118,1127014,814379168,4632,49.28,171.43,496,5.28,2.74,19117,203.37,764.23,0.81,0.79,0.49,0.51,11.31,122.93
1713,27674,1591280,1015358461,4567,46.6,164.55,542,5.53,3.98,18190,185.61,712.88,0.84,0.83,0.49,0.51,14.3,111.24
1714,28509,1240628,938068304,4606,50.62,176.45,415,4.56,3.12,18838,207.01,768.35,0.83,0.8,0.5,0.51,16.51,122.36
1715,28955,2145001,1661029896,4608,49.02,173.13,420,4.47,2.74,18757,199.54,753.47,0.76,0.74,0.51,0.52,20.74,117.15
1716,32153,2114686,1391783224,4847,50.49,180.07,460,4.79,3.0,20518,213.73,814.71,0.82,0.8,0.48,0.5,18.44,114.79
1717,34991,1861338,1197282599,5062,48.67,175.92,640,6.15,4.36,21352,205.31,811.83,0.85,0.83,0.46,0.5,14.47,127.44
1718,40352,2047817,1443239311,5432,52.23,194.31,506,4.87,3.23,24625,236.78,951.44,0.81,0.79,0.46,0.48,10.56,123.57
1719,46019,2424637,1731169747,5830,51.59,199.66,588,5.2,3.22,27490,243.27,1017.74,0.79,0.76,0.46,0.5,11.8,126.01
1720,40728,3390793,2614348274,5344,48.58,185.77,570,5.18,3.5,24323,221.12,929.17,0.83,0.8,0.49,0.5,17.88,119.44
1721,37443,7006205,6804919180,5044,44.64,172.24,532,4.71,2.73,21982,194.53,819.87,0.78,0.73,0.49,0.53,14.36,118.12
1722,45048,2676460,2128638581,5356,53.03,193.57,567,5.61,3.08,25489,252.37,1001.36,0.84,0.81,0.45,0.46,14.48,119.58
1723,66670,7620313,8576573480,6728,67.28,246.58,604,6.04,3.23,36501,365.01,1432.23,0.83,0.81,0.41,0.47,12.69,123.48
1724,67768,3497731,2314002669,6930,63.58,242.53,670,6.15,3.66,36843,338.01,1388.73,0.81,0.78,0.42,0.48,14.4,127.01
1725,72216,3639970,2276666281,7399,59.19,238.33,865,6.92,4.43,39737,317.9,1393.66,0.82,0.79,0.43,0.49,14.69,133.52
1726,73575,3446334,2356728114,7278,72.78,266.14,655,6.55,3.42,39807,398.07,1561.47,0.86,0.84,0.43,0.47,12.93,129.25
1727,73741,3382412,2242927889,7341,77.27,273.85,693,7.29,4.91,40458,425.87,1620.98,0.86,0.83,0.42,0.45,11.91,130.37
1728,73158,3175661,2240267080,7184,67.14,252.2,689,6.44,3.76,39233,366.66,1488.9,0.75,0.72,0.41,0.43,10.34,130.1
1729,82921,4245898,2609043886,7681,63.48,250.03,881,7.28,4.71,42937,354.85,1528.7,0.82,0.78,0.39,0.43,11.34,137.45
1730,78058,5206567,3217415769,7633,62.06,246.05,981,7.98,6.13,41424,336.78,1458.94,0.8,0.77,0.39,0.43,11.67,131.47
1731,65437,2989587,2003713242,6832,68.32,250.89,596,5.96,3.06,36460,364.6,1428.82,0.83,0.81,0.4,0.42,12.29,131.75
1732,53134,2699951,1737724262,6307,71.67,248.08,493,5.6,3.06,31757,360.88,1322.08,0.81,0.78,0.48,0.5,12.92,115.76
1733,47445,3115715,1810007842,5935,68.22,235.64,445,5.11,3.05,29507,339.16,1237.86,0.87,0.84,0.46,0.49,14.72,122.39
1734,45269,1772698,1300464366,5914,67.98,235.35,417,4.79,2.87,28401,326.45,1190.66,0.82,0.8,0.47,0.49,13.5,122.24
1735,46140,2122004,1522889168,5997,59.38,220.35,471,4.66,2.41,28824,285.39,1123.37,0.77,0.75,0.47,0.5,14.17,127.25
1736,46389,1980657,1383984313,5931,62.43,224.27,482,5.07,2.54,28814,303.31,1156.28,0.81,0.78,0.41,0.44,9.51,131.07
1737,38248,2751621,2807640000,5423,60.93,213.82,390,4.38,2.56,25094,281.96,1041.98,0.79,0.76,0.45,0.46,16.45,115.93
1738,32496,1890922,1217025735,5037,59.96,204.37,341,4.06,2.52,21968,261.52,935.62,0.8,0.77,0.48,0.49,18.52,115.2
1739,29394,1331215,890874905,4604,53.53,185.66,339,3.94,2.65,19744,229.58,842.75,0.71,0.69,0.52,0.53,17.72,108.41
1740,26217,2485178,2626280109,4273,45.46,158.49,461,4.9,3.02,16996,180.81,679.71,0.79,0.76,0.48,0.51,20.54,112.75
1741,27699,1073585,816274874,4408,44.53,160.28,430,4.34,2.43,17701,178.8,690.19,0.79,0.77,0.46,0.47,14.53,116.28
1742,28714,1562269,1196242108,4373,44.62,159.22,463,4.72,3.13,18037,184.05,707.25,0.81,0.78,0.47,0.48,10.79,119.61
1743,30052,4394926,4580514630,4516,47.04,168.64,394,4.1,2.31,18888,196.75,751.0,0.83,0.81,0.46,0.49,22.76,112.79
1744,29476,8687565,10670392920,4352,46.8,162.98,438,4.71,2.93,18202,195.72,732.51,0.82,0.8,0.44,0.45,17.75,118.43
1745,32783,1279370,928219598,4748,48.95,171.88,532,5.48,3.5,20175,207.99,792.52,0.78,0.76,0.44,0.47,15.1,117.03
1746,36826,22423051,27767326704,4930,46.95,174.85,481,4.58,2.78,22313,212.5,849.86,0.78,0.75,0.47,0.51,15.36,123.69
1747,40617,28960577,36400145687,5177,46.64,175.08,628,5.66,3.97,23311,210.01,859.69,0.82,0.81,0.41,0.41,15.53,127.27
1748,47556,2220735,1594680132,5694,55.28,200.37,694,6.74,4.38,26801,260.2,1030.59,0.82,0.79,0.44,0.45,13.91,125.95
1749,47809,11332918,13542391371,5830,58.3,209.57,632,6.32,3.52,26837,268.37,1043.13,0.85,0.83,0.43,0.47,14.87,128.2
1750,50905,9298989,10813652542,6175,53.23,203.45,788,6.79,4.58,28813,248.39,1040.69,0.82,0.8,0.4,0.44,8.84,123.73
1751,47218,2224047,1550264005,5727,51.13,191.47,713,6.37,3.63,26207,233.99,961.28,0.83,0.81,0.43,0.47,13.68,130.25
1752,57887,2726895,1873632884,6309,62.47,225.47,665,6.58,4.04,31164,308.55,1208.98,0.84,0.81,0.41,0.44,12.85,133.02
1753,56074,10326984,13123502227,6301,63.65,227.07,718,7.25,3.63,30274,305.8,1188.07,0.85,0.83,0.4,0.41,13.12,135.48
1754,61655,2583535,1908139467,6675,57.05,221.2,749,6.4,3.38,32819,280.5,1183.61,0.81,0.78,0.4,0.43,10.92,135.85
1755,57684,3374163,2188963167,6385,60.81,223.1,742,7.07,4.42,31084,296.04,1184.22,0.86,0.84,0.42,0.43,14.21,137.48
1756,45165,2283590,1599534006,5723,65.03,225.19,466,5.3,3.1,26845,305.06,1122.25,0.86,0.83,0.42,0.45,16.62,123.12
1757,39504,1931908,1237964745,5425,56.51,202.11,524,5.46,3.57,24512,255.33,978.57,0.84,0.82,0.43,0.44,10.02,120.23
1758,33902,1363589,1006270258,5035,55.94,194.94,424,4.71,2.66,21277,236.41,874.73,0.86,0.84,0.46,0.46,16.36,121.64
1759,20214,817521,591050752,3645,43.92,142.47,416,5.01,2.83,13140,158.31,562.42,0.84,0.81,0.43,0.48,15.7,126.75
1760,19707,1196420,757105313,3687,36.5,128.19,498,4.93,2.51,12842,127.15,489.96,0.81,0.78,0.43,0.46,14.66,117.88
1761,19080,1407170,865768500,3651,36.51,131.83,466,4.66,2.57,12453,124.53,497.19,0.79,0.76,0.47,0.48,13.0,124.1
1762,23653,1883094,1083181976,4054,40.95,147.31,474,4.79,2.59,15201,153.55,610.78,0.78,0.75,0.5,0.53,17.39,115.63
1763,36899,1853665,1435233829,5145,49.0,182.59,504,4.8,2.77,22383,213.17,856.33,0.76,0.73,0.45,0.46,11.96,121.74
1764,41099,2370668,1801885446,5380,48.91,184.0,582,5.29,3.31,24661,224.19,916.55,0.78,0.75,0.47,0.49,12.49,124.81
1765,41645,7067369,8610985512,5439,48.56,185.75,585,5.22,3.18,24830,221.7,923.58,0.82,0.79,0.46,0.49,14.79,129.12
1766,51595,3325710,2229392855,6008,57.22,212.3,611,5.82,2.96,29795,283.76,1141.6,0.82,0.79,0.42,0.46,13.64,136.14
1767,53152,2625842,1983914041,6270,51.39,203.79,703,5.76,3.28,30451,249.6,1079.32,0.79,0.76,0.4,0.44,14.65,139.79
1768,64607,2778427,2125024738,6715,61.61,232.09,686,6.29,2.83,36194,332.06,1362.28,0.8,0.77,0.4,0.43,10.94,135.28
1769,60948,2962563,1860666462,6566,61.36,228.43,708,6.62,3.33,33969,317.47,1287.54,0.86,0.83,0.41,0.45,13.01,145.25
1770,68439,3079425,2091838428,6860,62.94,239.52,628,5.76,2.7,38264,351.05,1438.7,0.82,0.78,0.4,0.44,14.64,141.1
1771,70788,2882398,1855698973,7098,64.53,246.57,677,6.15,2.92,38973,354.3,1457.75,0.86,0.83,0.41,0.45,10.79,140.06
1772,69935,3161000,2227197654,7086,68.13,252.06,730,7.02,4.61,38901,374.05,1499.08,0.8,0.77,0.41,0.44,13.88,134.54
1773,68185,6320448,6132541792,7242,70.31,257.91,722,7.01,3.45,38386,372.68,1482.25,0.84,0.8,0.39,0.45,12.87,150.83
1774,71377,3430008,2726926608,7324,69.09,260.24,713,6.73,4.37,39883,376.25,1532.09,0.84,0.8,0.41,0.44,9.36,138.93
1775,71597,3788270,2257719144,7288,70.08,261.49,704,6.77,3.4,39629,381.05,1534.35,0.82,0.79,0.4,0.42,15.76,144.92
1776,56946,2918358,1857565552,6561,61.9,228.79,751,7.08,4.1,33067,311.95,1254.44,0.84,0.8,0.37,0.4,8.33,142.06
1777,43237,2090449,1402753243,5656,59.54,213.05,545,5.74,2.96,26485,278.79,1084.11,0.8,0.76,0.4,0.44,7.88,138.42
1778,24822,2210198,2000764201,4213,49.56,162.59,501,5.89,3.16,15725,185.0,657.4,0.88,0.86,0.44,0.48,10.22,134.91
1779,25288,962931,689839385,4242,40.79,144.75,578,5.56,2.6,15936,153.23,604.01,0.83,0.8,0.44,0.46,12.12,137.24
1780,24306,1302761,830176326,4090,46.48,154.55,463,5.26,2.67,15457,175.65,634.7,0.85,0.81,0.44,0.47,10.51,140.56
1781,39182,2254597,1313809413,5348,56.89,202.8,664,7.06,13.35,24326,258.79,1010.41,0.8,0.76,0.41,0.42,10.81,131.5
1782,25245,1361194,896187744,4290,43.78,153.69,1163,11.87,27.98,15986,163.12,624.51,0.82,0.78,0.42,0.45,9.25,130.67
1783,28148,4341032,5609561421,4660,43.96,160.2,556,5.25,2.5,18148,171.21,687.84,0.8,0.76,0.42,0.44,13.61,137.35
1784,33421,2630755,1860425647,5199,48.59,182.31,535,5.0,2.67,21662,202.45,818.86,0.77,0.73,0.44,0.48,14.32,136.92
1785,33658,2330475,1409600723,5057,62.43,205.92,408,5.04,2.69,21752,268.54,942.8,0.81,0.77,0.43,0.47,15.42,130.76
1786,34558,1624983,1062609468,5185,54.01,192.51,501,5.22,2.91,22202,231.27,887.61,0.83,0.8,0.42,0.46,12.01,137.67
1787,41083,2235329,1420576211,5710,57.1,207.97,584,5.84,2.78,25576,255.76,1005.95,0.88,0.85,0.4,0.43,11.38,142.54
1788,46177,3284570,1955570484,5959,58.42,213.4,605,5.93,2.95,27823,272.77,1075.17,0.8,0.77,0.44,0.46,11.92,135.06
1789,38797,1574830,1186794239,5535,59.52,208.77,539,5.8,3.91,24479,263.22,991.16,0.82,0.79,0.42,0.44,9.86,132.89
1790,50735,2770162,1793952660,6230,51.49,203.22,743,6.14,4.04,29574,244.41,1053.01,0.79,0.75,0.41,0.45,8.71,139.47
1791,64217,3104566,2159512247,6948,65.55,244.23,736,6.94,4.36,36507,344.41,1391.27,0.8,0.77,0.4,0.43,10.99,140.46
1792,86987,7415601,7505644795,8201,78.1,296.76,626,5.96,2.74,48805,464.81,1878.78,0.83,0.8,0.41,0.43,9.11,138.27
1793,83066,4196095,2792335021,8008,79.29,293.9,765,7.57,4.73,47195,467.28,1853.47,0.82,0.78,0.38,0.41,8.71,132.25
1794,83526,8654274,9095185707,7783,81.07,293.56,644,6.71,4.47,46178,481.02,1856.53,0.8,0.75,0.4,0.44,13.38,136.55
1795,68709,3780731,2789794915,7009,62.03,240.6,681,6.03,2.66,37793,334.45,1423.2,0.8,0.76,0.38,0.41,10.89,144.54
1796,65907,3475350,2339856299,7050,67.79,251.5,707,6.8,3.15,37308,358.73,1446.56,0.83,0.79,0.4,0.43,9.96,146.73
1797,60392,5020989,3015616695,6800,65.38,238.12,804,7.73,3.6,34543,332.14,1330.58,0.81,0.78,0.41,0.47,10.99,142.08
1798,47308,4994296,3015003654,6056,55.56,204.67,757,6.94,3.16,27338,250.81,1014.89,0.82,0.78,0.36,0.39,5.77,152.12
1799,47279,3113935,1891394061,6021,56.8,205.4,754,7.11,2.95,27692,261.25,1041.24,0.8,0.77,0.35,0.37,9.99,155.63
1800,44690,3259622,2958224623,5843,62.16,217.12,650,6.91,4.46,26509,282.01,1075.63,0.82,0.78,0.37,0.41,9.92,154.22
1801,38230,2432704,1486690275,5368,58.35,205.91,508,5.52,3.18,24410,265.33,1023.94,0.81,0.78,0.39,0.42,8.79,148.54
1802,60492,5456844,2993674916,6893,71.8,254.78,704,7.33,4.22,35870,373.65,1435.5,0.82,0.79,0.37,0.42,10.15,150.36
1803,63511,3600823,2291697922,7047,73.41,261.12,657,6.84,3.02,37499,390.61,1497.87,0.87,0.84,0.36,0.38,7.49,145.13
1804,57649,2922033,1906371887,6615,72.69,255.35,515,5.66,2.96,35215,386.98,1443.95,0.78,0.74,0.39,0.39,10.2,150.67
1805,58580,2767161,1852932846,6824,67.56,246.86,644,6.38,3.08,35363,350.13,1375.39,0.81,0.77,0.39,0.41,8.4,154.67
1806,66154,2534496,1848828884,7173,73.19,265.05,641,6.54,3.73,38781,395.72,1533.42,0.8,0.77,0.37,0.38,9.76,140.07
1807,56251,3206753,2005680991,6856,66.56,245.64,621,6.03,2.55,34925,339.08,1345.24,0.79,0.77,0.39,0.44,10.13,146.97
1808,57481,2222248,1596187003,6714,67.82,245.97,608,6.14,2.84,35095,354.49,1378.24,0.86,0.84,0.41,0.42,9.78,140.7
1809,58233,2603549,1782873593,6880,66.8,249.97,622,6.04,3.71,35666,346.27,1378.05,0.86,0.83,0.37,0.4,10.98,146.85
1810,58403,3131224,2171950675,6775,72.85,260.77,480,5.16,2.53,35788,384.82,1458.05,0.79,0.75,0.42,0.45,12.96,131.42
1811,54990,3324874,2054674175,6535,75.99,261.03,463,5.38,2.57,33770,392.67,1427.77,0.82,0.79,0.42,0.45,14.97,130.22
1812,59640,6887225,7877295007,6670,60.64,232.71,613,5.57,2.94,35174,319.76,1315.4,0.81,0.78,0.38,0.42,12.53,146.82
1813,50166,2031754,1546266352,6242,70.13,243.07,496,5.57,3.0,31192,350.47,1300.2,0.81,0.78,0.42,0.44,10.35,129.9
1814,41681,2085389,1449822104,5684,63.87,222.23,437,4.91,2.91,26749,300.55,1108.36,0.82,0.79,0.46,0.47,15.05,133.16
1815,43470,2527504,1600947367,5704,67.11,229.16,408,4.8,2.66,27429,322.69,1161.77,0.8,0.77,0.44,0.46,8.36,120.97
1816,39741,2661873,1605293294,5484,55.96,203.69,492,5.02,3.09,25106,256.18,997.63,0.82,0.79,0.44,0.47,15.05,119.6
1817,31101,2441977,1568678489,4648,51.64,179.23,421,4.68,2.6,19896,221.07,827.61,0.78,0.74,0.46,0.48,12.73,125.82
1818,35309,3447032,2014919342,4974,47.83,177.52,518,4.98,2.68,21078,202.67,819.72,0.8,0.77,0.43,0.46,11.72,133.87
1819,47684,2967408,1935962825,5863,48.86,190.17,757,6.31,4.01,27411,228.42,976.62,0.8,0.77,0.39,0.43,9.06,128.65
1820,35899,2594963,1587321639,4972,49.23,175.59,610,6.04,3.09,20343,201.42,793.18,0.82,0.79,0.4,0.42,9.91,129.5
1821,42621,7451146,8152205778,5442,49.93,186.0,647,5.94,3.83,24111,221.2,899.72,0.8,0.76,0.39,0.42,14.57,134.88
1822,38815,2148447,1409285069,5227,46.26,173.02,721,6.38,3.2,22142,195.95,808.03,0.76,0.72,0.4,0.45,9.91,131.69
1823,46281,2666911,1833253790,5660,60.86,214.85,516,5.55,2.85,26027,279.86,1062.6,0.8,0.77,0.42,0.43,11.05,131.86
1824,80009,4627899,3136009214,7430,72.14,269.27,610,5.92,3.33,42322,410.89,1637.37,0.81,0.78,0.42,0.45,11.83,126.13
1825,59839,4266594,2519193645,6588,66.55,241.29,630,6.36,2.94,32959,332.92,1300.99,0.81,0.78,0.41,0.45,11.17,142.05
1826,61433,3010839,2312213260,6767,64.45,243.37,572,5.45,3.15,35909,341.99,1379.66,0.83,0.8,0.41,0.41,11.32,132.18
1827,61009,4823917,3440754069,6833,59.94,235.63,594,5.21,3.07,35497,311.38,1307.03,0.79,0.77,0.45,0.47,9.6,129.43
1828,65203,2890300,1997818843,6923,71.37,261.74,549,5.66,4.21,38116,392.95,1519.19,0.79,0.76,0.44,0.44,12.06,126.74
1829,55170,2785068,1913457547,6338,61.53,230.85,2196,21.32,75.73,31313,304.01,1218.92,0.76,0.73,0.44,0.46,10.58,123.34
1830,50364,2537951,1736217357,6073,54.22,212.4,532,4.75,2.4,29235,261.03,1107.78,0.78,0.75,0.42,0.43,10.26,119.71
1831,70724,3541232,2377735099,7217,60.65,242.14,718,6.03,3.62,39474,331.71,1420.25,0.77,0.74,0.4,0.42,9.46,126.43
1832,58567,2669010,1944002053,6696,64.38,240.04,654,6.29,4.17,33446,321.6,1287.12,0.77,0.73,0.47,0.5,9.51,112.27
1833,48295,2269934,1622552974,6084,60.24,225.19,479,4.74,3.34,30519,302.17,1193.71,0.78,0.75,0.46,0.46,12.16,104.05
1834,37929,1565398,1197071070,5536,60.84,216.86,374,4.11,2.51,24887,273.48,1025.97,0.8,0.78,0.48,0.5,13.98,113.2
1835,42814,1925128,1360218398,5775,62.1,223.31,398,4.28,2.77,27703,297.88,1125.1,0.75,0.72,0.48,0.51,17.87,118.24
1836,38218,2432308,1688472615,5351,58.8,210.22,323,3.55,2.28,24844,273.01,1023.34,0.77,0.74,0.49,0.49,15.41,110.05
1837,53085,2132967,1569958673,6393,60.31,228.51,551,5.2,3.26,32590,307.45,1251.89,0.77,0.73,0.41,0.44,10.58,121.95
1838,56863,2855312,1940136566,6451,62.03,232.91,564,5.42,3.22,33050,317.79,1276.57,0.79,0.76,0.44,0.46,11.07,117.15
1839,57618,2526596,1794933755,6623,57.09,226.29,659,5.68,4.48,33712,290.62,1240.78,0.76,0.74,0.43,0.44,10.88,124.7
1840,70117,3138238,2193845390,7113,58.3,233.43,768,6.3,3.52,37446,306.93,1344.61,0.76,0.73,0.44,0.46,12.34,122.34
1841,60581,3017309,2093961404,6579,58.22,226.9,720,6.37,6.79,32621,288.68,1221.35,0.78,0.74,0.42,0.46,13.42,127.08
1842,74989,3531435,2492740619,7296,62.36,247.5,654,5.59,3.19,40635,347.31,1476.46,0.76,0.72,0.43,0.45,11.62,130.5
1843,62833,3363584,2270486093,6778,58.94,229.68,726,6.31,3.96,33761,293.57,1247.59,0.79,0.76,0.4,0.44,11.77,128.45
1844,49335,2416286,1764333335,5952,52.67,200.24,726,6.42,3.2,28018,247.95,1038.81,0.83,0.8,0.38,0.42,10.9,141.38
1845,43497,2172415,1562556966,5585,54.75,199.36,641,6.28,3.81,24964,244.75,975.28,0.83,0.8,0.42,0.46,14.8,137.21
1846,47962,2459369,1695060899,5938,52.55,199.43,731,6.47,3.4,27012,239.04,991.26,0.82,0.79,0.39,0.41,7.19,148.55
1847,43777,2025461,1476226294,5546,49.96,187.93,634,5.71,2.55,24282,218.76,903.66,0.82,0.78,0.37,0.41,9.77,144.94
1848,30459,1690817,1166264761,4669,44.47,161.48,627,5.97,3.7,18299,174.28,697.6,0.82,0.81,0.39,0.43,12.16,139.77
1849,37323,2006454,1300988253,5213,51.11,183.56,622,6.1,2.92,22052,216.2,847.01,0.83,0.8,0.42,0.46,9.58,135.91
1850,34288,1516760,1177936630,4931,48.82,178.13,500,4.95,2.61,20214,200.14,790.53,0.81,0.78,0.41,0.44,10.23,143.52
1851,40507,1767163,1371542796,5303,51.49,189.33,543,5.27,2.62,23401,227.19,908.22,0.8,0.76,0.41,0.43,6.1,131.08
1852,42110,2474719,1587044385,5437,53.3,194.8,558,5.47,2.99,24464,239.84,951.41,0.79,0.75,0.4,0.43,8.25,127.19
1853,52791,2563652,1788868835,6041,59.81,218.34,1853,18.35,51.66,28759,284.74,1126.55,0.83,0.8,0.36,0.39,6.42,134.88
1854,50040,2053293,1524966062,5966,62.8,223.39,528,5.56,2.59,28251,297.38,1135.19,0.8,0.76,0.39,0.41,9.88,140.01
1855,56371,2818906,1934571114,6481,56.85,221.4,598,5.25,2.43,32149,282.01,1190.84,0.72,0.69,0.41,0.43,7.61,138.82
1856,67752,3785916,2567419484,7055,61.35,241.46,639,5.56,2.5,38007,330.5,1396.47,0.82,0.79,0.4,0.44,8.38,145.83
1857,61297,8627948,9666469694,6761,59.83,232.13,701,6.2,4.26,35225,311.73,1300.0,0.85,0.82,0.38,0.4,7.64,140.28
1858,57573,3087724,2161531861,6483,65.48,239.71,557,5.63,2.84,32970,333.03,1301.22,0.78,0.74,0.42,0.45,12.85,135.96
1859,56920,2911370,2126493982,6535,55.85,217.77,742,6.34,3.6,32480,277.61,1175.58,0.8,0.76,0.4,0.43,9.34,139.45
1860,65209,2985732,2276821518,7018,61.56,240.72,614,5.39,2.81,37648,330.25,1383.57,0.77,0.73,0.4,0.42,5.29,141.03
1861,66006,3561942,2864026439,7234,60.79,239.48,785,6.6,4.0,38073,319.94,1366.68,0.78,0.76,0.39,0.39,10.83,131.1
1862,60719,3860506,2779466218,6897,54.31,220.63,758,5.97,2.95,35298,277.94,1228.6,0.75,0.71,0.41,0.44,10.84,140.49
1863,60750,3563324,2188675606,6939,55.07,223.36,759,6.02,3.59,35511,281.83,1239.2,0.75,0.72,0.39,0.4,7.02,142.24
1864,61678,2800705,1928954281,6910,50.44,212.24,811,5.92,2.97,35409,258.46,1191.82,0.77,0.75,0.39,0.41,8.94,142.91
1865,56622,2991552,2185804887,6545,49.96,206.82,686,5.24,2.65,32509,248.16,1113.69,0.75,0.73,0.41,0.43,12.06,133.56
1866,60028,2459808,1955925935,6595,51.93,212.92,690,5.43,3.28,34291,270.01,1205.35,0.75,0.72,0.4,0.42,10.02,138.06
1867,60549,9178277,8964732670,6681,48.77,203.71,845,6.17,3.44,33770,246.5,1130.77,0.79,0.77,0.39,0.41,9.86,135.96
1868,65105,14252015,15237040276,6960,57.52,231.16,701,5.79,2.83,36774,303.92,1328.54,0.83,0.8,0.39,0.43,8.4,136.56
1869,66539,4138671,2799782617,7155,63.88,246.31,711,6.35,3.82,37715,336.74,1397.32,0.84,0.82,0.41,0.43,8.88,134.83
1870,72613,3667107,2743169784,7490,64.57,254.38,749,6.46,3.67,41529,358.01,1523.47,0.83,0.8,0.35,0.36,6.82,145.33
1871,75976,3076338,2307964468,7619,71.21,269.88,747,6.98,4.09,42571,397.86,1614.02,0.82,0.79,0.38,0.41,6.7,141.31
1872,73617,5183193,3136680720,7470,63.31,250.49,780,6.61,3.42,40781,345.6,1489.71,0.85,0.83,0.39,0.41,7.87,142.43
1873,68450,5375414,3012000376,7101,70.31,259.59,644,6.38,3.65,39102,387.15,1544.05,0.8,0.76,0.41,0.45,4.24,137.09
1874,53355,2338318,1577441262,6252,61.9,232.67,464,4.59,2.29,32685,323.61,1303.44,0.83,0.8,0.37,0.39,7.17,138.43
1875,52984,3182321,2144552898,6377,60.16,228.13,575,5.42,3.73,31823,300.22,1219.37,0.83,0.8,0.44,0.46,11.14,139.02
1876,62151,3333964,2279840876,6828,71.87,259.04,558,5.87,4.08,36682,386.13,1476.23,0.77,0.72,0.41,0.43,8.22,137.19
1877,64345,3049810,2230591680,6894,77.46,273.18,445,5.0,2.88,37974,426.67,1580.4,0.77,0.74,0.42,0.45,8.54,129.68
1878,62283,3188420,2741872549,6882,63.14,245.18,548,5.03,3.06,37097,340.34,1400.7,0.72,0.68,0.45,0.48,8.11,130.45
1879,55740,2912959,2025173585,6423,59.47,227.49,568,5.26,2.83,32842,304.09,1250.25,0.79,0.76,0.43,0.45,11.7,134.68
1880,60412,2959627,1998335434,6892,60.46,237.55,619,5.43,3.46,35881,314.75,1323.75,0.8,0.78,0.42,0.44,7.14,137.8
1881,54649,2896636,1900898032,6455,58.15,226.43,561,5.05,2.88,32429,292.15,1215.79,0.82,0.79,0.39,0.43,10.03,132.1
1882,71028,4113923,2612397686,7278,64.98,252.6,666,5.95,2.85,40399,360.71,1501.75,0.81,0.77,0.42,0.45,9.24,142.49
1883,66736,3056206,2216258911,7055,66.56,252.03,592,5.58,2.71,37793,356.54,1438.93,0.83,0.8,0.41,0.44,6.95,142.75
1884,75748,3115203,2412699088,7635,63.1,255.18,690,5.7,2.94,43266,357.57,1547.4,0.82,0.78,0.39,0.4,8.88,133.77
1885,58264,3296727,2195011400,6636,58.73,230.48,620,5.49,2.85,34225,302.88,1287.53,0.82,0.78,0.43,0.44,14.8,128.92
1886,47820,3795484,2623576205,5972,51.48,204.6,515,4.44,2.27,29209,251.8,1072.37,0.77,0.72,0.44,0.47,9.72,137.94
1887,40480,2574534,1664806663,5187,50.36,185.35,501,4.86,2.52,23702,230.12,912.4,0.85,0.83,0.41,0.41,15.04,130.26
1888,43647,2346341,1530621856,5443,53.36,198.11,477,4.68,2.32,26188,256.75,1022.05,0.82,0.8,0.4,0.42,10.51,130.74
1889,62074,2543764,1751180470,6656,62.21,237.02,583,5.45,3.46,36563,341.71,1386.6,0.81,0.8,0.43,0.44,9.84,131.19
1890,60565,5192239,2901407831,6541,68.85,247.33,539,5.67,3.02,35996,378.91,1447.26,0.82,0.79,0.45,0.47,12.47,132.4
1891,72512,3280130,2156843964,7208,63.23,246.0,722,6.33,3.73,40934,359.07,1502.37,0.84,0.81,0.37,0.4,9.93,138.31
1892,74692,3334915,2218171533,7378,55.47,231.15,860,6.47,4.67,41357,310.95,1407.66,0.79,0.75,0.4,0.44,8.94,135.3
1893,65982,4114048,2441488430,7090,66.26,250.46,685,6.4,3.77,38280,357.76,1448.77,0.78,0.75,0.41,0.46,7.28,135.4
1894,55855,2069658,1463198481,6575,63.22,234.42,629,6.05,2.8,33579,322.88,1287.38,0.8,0.77,0.36,0.4,10.44,137.26
1895,55071,2092640,1514268088,6505,59.68,227.55,613,5.62,3.17,33405,306.47,1258.74,0.8,0.77,0.41,0.42,8.53,134.48
1896,53350,2949523,1862555864,6498,60.73,228.99,653,6.1,3.32,32426,303.05,1232.31,0.79,0.76,0.41,0.43,10.92,130.93
1897,56006,2557717,1713454535,6547,66.13,242.63,542,5.47,2.82,34054,343.98,1339.76,0.8,0.77,0.46,0.49,7.51,136.32
1898,50245,2148551,1442358080,6204,63.96,234.56,454,4.68,2.78,31256,322.23,1244.78,0.81,0.8,0.44,0.45,8.28,131.68
1899,49691,3190247,1838695902,6225,66.22,237.84,467,4.97,2.63,31388,333.91,1267.29,0.84,0.81,0.42,0.44,9.27,141.64
1900,47640,2583550,1517699240,6130,63.85,230.8,517,5.39,3.62,30224,314.83,1206.54,0.81,0.8,0.42,0.43,11.21,120.47
1901,47606,3915400,2100604354,6117,60.56,224.77,555,5.5,3.81,30366,300.65,1182.6,0.81,0.78,0.4,0.42,10.92,133.91
1902,45337,3097523,1846358236,5985,64.35,231.57,406,4.37,2.84,29279,314.83,1189.54,0.83,0.81,0.46,0.48,11.95,136.4
1903,47881,4590634,2531235767,6156,65.49,235.05,470,5.0,2.54,30476,324.21,1229.53,0.8,0.77,0.44,0.48,11.56,137.21
1904,53134,2665434,1767227395,6405,61.0,230.21,553,5.27,3.18,32829,312.66,1253.85,0.8,0.77,0.46,0.51,13.56,124.85
1905,50659,3964555,3099547216,6431,57.94,223.13,609,5.49,3.56,31653,285.16,1174.84,0.8,0.78,0.41,0.43,8.93,134.96
1906,51374,3038588,1781605298,6382,60.21,226.07,608,5.74,3.36,31798,299.98,1208.65,0.8,0.77,0.44,0.49,9.53,124.37
1907,51007,2735063,1802164242,6287,59.31,224.0,543,5.12,2.76,31154,293.91,1184.01,0.8,0.78,0.45,0.47,13.68,126.6
1908,51211,2019323,1498341774,6250,54.82,212.57,605,5.31,2.51,30950,271.49,1134.3,0.77,0.74,0.4,0.42,9.67,128.93
1909,45530,2044087,1642210699,5964,61.48,223.5,479,4.94,2.93,28949,298.44,1152.48,0.8,0.78,0.42,0.43,8.36,125.59
1910,42960,2503149,1567696113,5777,56.09,209.62,516,5.01,2.59,27415,266.17,1059.1,0.85,0.83,0.44,0.46,12.02,134.21
1911,43663,2363210,1512325767,5692,58.68,211.12,540,5.57,3.37,27396,282.43,1086.11,0.83,0.81,0.42,0.44,9.7,124.04
1912,48222,2166375,1459845373,5916,56.34,209.84,617,5.88,3.76,29716,283.01,1131.18,0.8,0.76,0.41,0.45,7.6,137.67
1913,46364,1688965,1242873367,5895,55.09,207.07,628,5.87,3.47,28485,266.21,1082.35,0.79,0.76,0.39,0.42,8.48,128.86
1914,43557,4475255,4310676741,5444,54.99,200.91,512,5.17,2.71,26257,265.22,1049.22,0.81,0.76,0.36,0.39,13.36,142.92
1915,51890,1989722,1454991300,6020,62.06,221.41,678,6.99,4.39,30556,315.01,1213.57,0.84,0.81,0.37,0.4,11.66,145.57
1916,47611,3043923,1877186389,5802,59.2,211.07,633,6.46,4.73,28120,286.94,1106.88,0.83,0.79,0.4,0.42,7.11,139.61
1917,51728,3914296,2382798404,6223,62.86,225.71,731,7.38,6.74,30907,312.19,1212.95,0.85,0.82,0.38,0.41,12.58,140.7
1918,43935,1945319,1528605523,5671,60.33,211.42,596,6.34,3.0,25876,275.28,1038.82,0.84,0.81,0.38,0.41,8.08,140.22
1919,52242,3363789,2119745329,6202,64.6,232.18,531,5.53,2.53,30962,322.52,1241.14,0.82,0.79,0.38,0.42,8.74,142.64
1920,49516,2022501,1485800316,6162,62.24,227.34,538,5.43,2.7,29392,296.89,1157.36,0.81,0.78,0.41,0.43,11.79,140.63
1921,45940,1821050,1301979445,6083,55.81,212.88,604,5.54,3.42,29215,268.03,1093.76,0.76,0.71,0.4,0.43,7.84,134.26
1922,43490,2458191,1701803885,5805,61.11,220.32,505,5.32,2.98,27595,290.47,1110.85,0.84,0.81,0.45,0.51,9.68,144.93
1923,47260,2437009,1659289650,5998,61.84,224.96,500,5.15,2.75,29185,300.88,1159.93,0.81,0.78,0.45,0.49,11.05,139.12
1924,51941,3168952,2101923352,6248,67.91,241.99,494,5.37,4.06,31729,344.88,1297.07,0.8,0.76,0.41,0.43,5.2,125.71
1925,51208,2068895,1490802585,6216,62.79,230.25,527,5.32,3.31,30588,308.97,1214.21,0.79,0.76,0.43,0.43,11.08,118.09
1926,51626,2402018,1720837383,6189,60.09,222.1,609,5.91,3.03,30249,293.68,1164.62,0.8,0.76,0.4,0.42,7.38,129.27
1927,47920,2931180,1974387507,5919,53.32,204.55,592,5.33,3.71,28037,252.59,1049.66,0.75,0.71,0.42,0.45,10.67,126.42
1928,52215,2471289,1985481017,6237,56.19,215.94,607,5.47,3.72,30597,275.65,1139.96,0.78,0.74,0.41,0.4,10.97,124.75
1929,41550,2285892,1509145496,5510,54.55,201.56,478,4.73,2.76,25611,253.57,999.4,0.78,0.75,0.49,0.51,10.29,125.64
1930,41512,1972058,1674633324,5630,54.66,203.9,517,5.02,3.58,26184,254.21,1010.81,0.78,0.75,0.45,0.47,7.11,126.24
1931,40685,4780777,5221181152,5572,53.07,200.23,494,4.7,2.84,25592,243.73,982.12,0.74,0.7,0.49,0.48,11.74,119.86
1932,43853,2456567,2019565368,5691,63.94,223.78,444,4.99,3.72,27214,305.78,1128.52,0.8,0.78,0.46,0.45,12.73,115.96
1933,36508,1877036,1294596568,5289,49.9,189.79,455,4.29,2.56,23381,220.58,898.2,0.76,0.73,0.45,0.46,13.21,116.69
1934,37600,2162124,1402238035,5249,50.96,191.24,432,4.19,2.62,23680,229.9,914.17,0.8,0.78,0.48,0.5,11.08,117.7
1935,41579,2212696,1463139422,5443,50.4,194.64,495,4.58,2.72,25548,236.56,989.41,0.79,0.77,0.47,0.48,12.75,119.02
1936,27089,1443477,1003330513,4186,39.87,147.16,508,4.84,2.98,16655,158.62,635.2,0.77,0.75,0.45,0.47,10.15,108.28
1937,35016,2095017,1386264209,4844,43.64,165.68,542,4.88,3.28,21360,192.43,788.04,0.79,0.76,0.48,0.49,10.83,119.63
1938,41131,3433821,2013279698,5221,48.79,183.39,574,5.36,7.84,23822,222.64,905.42,0.73,0.7,0.48,0.49,14.93,120.1
1939,46951,1825973,1355508833,5757,49.21,186.86,846,7.23,9.52,26759,228.71,962.91,0.79,0.77,0.42,0.45,13.17,115.12
1940,57714,4357276,3940099884,6324,49.41,196.85,874,6.83,4.18,31196,243.72,1082.58,0.78,0.75,0.41,0.42,9.23,127.12
1941,77763,3968785,2862275397,7540,64.44,252.55,870,7.44,5.71,41763,356.95,1518.39,0.87,0.85,0.42,0.43,11.49,119.8
1942,73739,3529849,2504153875,7330,64.87,252.79,728,6.44,3.69,40101,354.88,1489.77,0.83,0.81,0.39,0.43,10.59,123.14
1943,65721,4934123,4328675697,7189,60.92,245.63,593,5.03,3.29,39014,330.63,1421.26,0.8,0.79,0.45,0.45,9.34,117.58
1944,58678,3504747,2164375523,6852,67.18,251.73,544,5.33,3.62,35601,349.03,1397.35,0.76,0.73,0.48,0.49,13.64,115.66
1945,39636,2233461,1454732405,5529,57.0,208.64,405,4.18,2.35,25450,262.37,1017.86,0.8,0.79,0.48,0.48,10.44,118.1
1946,34851,1541102,1175578101,5142,61.21,209.38,357,4.25,2.52,22610,269.17,976.91,0.84,0.83,0.47,0.5,11.93,125.52
1947,37273,1558443,1141314640,5178,56.28,202.77,375,4.08,2.68,24050,261.41,1002.93,0.73,0.69,0.49,0.5,6.7,121.57
1948,36791,1693196,1253206465,5224,56.17,201.99,374,4.02,2.22,23492,252.6,965.81,0.73,0.71,0.46,0.48,10.29,107.2
1949,43314,2241030,1501215414,5648,58.83,212.31,503,5.24,3.61,26827,279.45,1087.99,0.78,0.74,0.43,0.44,6.7,124.37
1950,39659,1855884,1327052395,5400,54.0,200.01,433,4.33,2.47,25235,252.35,989.94,0.82,0.8,0.45,0.47,9.24,113.99
1951,39296,2070505,1318521715,5437,57.23,205.96,454,4.78,3.64,25383,267.19,1023.8,0.8,0.77,0.47,0.51,13.04,114.92
1952,45290,2608859,1746546042,5858,62.32,223.52,511,5.44,2.8,28999,308.5,1173.6,0.83,0.82,0.39,0.41,10.91,114.71
1953,39694,1856579,1322408793,5456,56.25,207.28,407,4.2,3.18,25645,264.38,1029.46,0.84,0.82,0.5,0.51,9.44,110.38
1954,41110,2200456,1485996508,5708,55.96,209.74,449,4.4,3.2,26384,258.67,1023.62,0.76,0.74,0.48,0.52,14.0,104.73
1955,42911,2130212,1525211085,5756,54.3,206.61,486,4.58,3.23,27579,260.18,1052.14,0.77,0.75,0.5,0.53,16.57,113.48
1956,42110,2081309,1499692172,5747,59.25,216.49,408,4.21,2.73,27370,282.16,1089.38,0.76,0.74,0.52,0.56,15.6,113.92
1957,47410,2593700,1799385603,5877,55.97,212.92,464,4.42,2.91,29667,282.54,1142.94,0.73,0.69,0.47,0.51,13.11,113.71
1958,55633,2441942,1685500012,6405,64.05,239.09,448,4.48,2.45,33437,334.37,1319.67,0.82,0.79,0.45,0.49,19.61,120.91
1959,39125,1993250,1351707936,5087,53.55,192.11,410,4.32,2.34,23950,252.11,962.45,0.74,0.72,0.46,0.46,16.24,112.2
1960,44860,2273209,1522357756,5507,50.52,190.88,540,4.95,3.12,25960,238.17,972.77,0.8,0.78,0.41,0.43,15.93,123.14
1961,61770,2675345,1833814597,6524,61.55,231.61,628,5.92,3.31,35321,333.22,1353.4,0.82,0.8,0.43,0.45,12.96,116.72
1962,51897,2896277,1901726964,6037,55.39,212.2,567,5.2,2.83,30270,277.71,1140.6,0.81,0.79,0.44,0.46,14.68,109.97
1963,68933,2793283,2003667397,6998,61.39,238.49,716,6.28,3.66,38840,340.7,1437.03,0.78,0.75,0.44,0.46,13.23,110.45
1964,60447,2692309,1907856765,6530,61.03,229.69,671,6.27,3.62,34506,322.49,1310.21,0.77,0.74,0.45,0.48,10.42,114.98
1965,58577,5519795,5292651466,6607,61.75,232.68,694,6.49,4.48,33671,314.68,1289.15,0.79,0.75,0.45,0.49,16.02,116.73
1966,64163,5348256,4633843506,6948,62.04,240.58,671,5.99,3.64,35915,320.67,1346.64,0.77,0.75,0.41,0.43,9.78,112.73
1967,66841,3127208,2273665449,7162,65.11,250.73,675,6.14,4.16,37328,339.35,1404.89,0.79,0.76,0.43,0.45,11.69,118.02
1968,71071,3690469,2463551459,7154,62.75,246.6,678,5.95,2.86,39009,342.18,1451.1,0.8,0.79,0.39,0.42,12.29,130.36
1969,76549,3854398,2560095304,7058,64.75,249.55,717,6.58,3.82,40378,370.44,1531.66,0.82,0.79,0.4,0.42,6.6,127.03
1970,51605,2568478,1797729508,6312,64.41,236.11,485,4.95,2.76,32304,329.63,1278.2,0.8,0.78,0.45,0.49,12.26,120.71
1971,68821,2897189,2251605876,7324,77.09,282.71,441,4.64,3.25,41765,439.63,1689.6,0.7,0.67,0.44,0.45,8.77,118.61
1972,70311,3569710,2424837332,7295,78.44,283.36,467,5.02,2.65,40643,437.02,1659.29,0.85,0.83,0.42,0.44,10.88,115.95
1973,80078,3965700,2886939802,7709,74.12,282.72,553,5.32,3.82,45936,441.69,1776.89,0.82,0.8,0.44,0.46,11.58,112.99
1974,70932,3650179,2447281632,7432,75.07,278.36,523,5.28,3.06,41600,420.2,1645.73,0.8,0.78,0.4,0.41,8.69,123.9
1975,64488,3989459,2428896062,7052,64.11,248.03,575,5.23,2.73,38579,350.72,1444.29,0.79,0.77,0.41,0.44,9.3,127.27
1976,63928,5403497,3069739285,7201,64.29,249.42,649,5.79,3.03,38504,343.79,1426.2,0.79,0.76,0.39,0.41,12.2,113.45
1977,67462,3543751,2412738428,7231,71.59,264.62,609,6.03,3.21,39955,395.59,1558.71,0.84,0.8,0.4,0.41,13.49,114.66
1978,60723,2999784,2034311406,6868,70.8,258.5,542,5.59,2.97,36499,376.28,1460.09,0.83,0.82,0.44,0.47,14.48,104.73
1979,62911,3918539,2654079938,7046,62.35,244.1,612,5.42,2.78,37942,335.77,1401.38,0.79,0.76,0.43,0.48,13.48,110.03
1980,59202,3797216,2328880277,6870,64.81,247.89,548,5.17,3.1,36665,345.9,1400.62,0.76,0.73,0.46,0.49,18.4,105.12
1981,49402,2014391,1504109728,6184,63.1,234.21,425,4.34,2.84,31957,326.09,1267.79,0.79,0.77,0.45,0.49,17.91,109.05
1982,48270,2260062,1980748604,6054,72.07,248.09,364,4.33,2.43,31374,373.5,1341.9,0.76,0.73,0.48,0.52,18.66,117.77
1983,59591,2510808,1700815654,6529,70.2,251.32,515,5.54,3.55,35741,384.31,1456.59,0.8,0.76,0.45,0.48,13.73,119.36
1984,67869,2578815,1893342123,6912,69.12,256.11,535,5.35,3.78,39198,391.98,1537.81,0.76,0.73,0.43,0.45,13.85,114.9
1985,67172,4876780,2698220489,6860,64.72,245.78,563,5.31,2.71,38184,360.23,1458.75,0.77,0.74,0.46,0.49,15.98,114.28
1986,59336,2459662,1996386467,6404,60.42,231.18,509,4.8,2.84,34683,327.2,1325.44,0.79,0.76,0.43,0.45,19.36,115.62
1987,67505,2912775,1921874564,6852,67.84,251.88,591,5.85,3.17,38841,384.56,1515.3,0.82,0.79,0.39,0.41,14.54,116.24
1988,66329,2672914,2084167842,6899,68.99,255.9,530,5.3,2.86,38480,384.8,1511.0,0.8,0.78,0.44,0.45,15.77,114.85
1989,66064,3165683,2167436882,6979,70.49,260.32,516,5.21,3.12,38523,389.12,1519.45,0.79,0.76,0.42,0.44,14.6,118.42
1990,64812,3326052,2294386602,7023,66.25,252.76,561,5.29,3.14,37607,354.78,1433.65,0.78,0.75,0.44,0.47,13.45,115.97
1991,66882,4298298,3033197585,7085,68.79,258.45,582,5.65,3.25,38536,374.14,1491.05,0.77,0.75,0.41,0.42,14.66,117.86
1992,73961,5025365,3403038093,7516,68.95,265.46,616,5.65,2.88,42020,385.5,1580.2,0.75,0.72,0.44,0.47,12.73,118.32
1993,69965,3964654,2574579794,7163,61.75,244.4,709,6.11,4.25,40108,345.76,1465.07,0.82,0.79,0.4,0.42,9.07,123.12
1994,73152,7161371,7394516289,7412,71.27,269.78,637,6.12,4.11,41271,396.84,1589.4,0.81,0.78,0.41,0.41,11.06,122.74
1995,69060,3169950,2140514520,7040,72.58,268.05,462,4.76,2.9,39688,409.15,1585.98,0.8,0.77,0.45,0.47,13.37,114.52
1996,59343,7945187,8976615046,6769,79.64,274.18,457,5.38,3.17,35723,420.27,1516.62,0.74,0.71,0.44,0.46,6.23,116.95
1997,56594,2392112,1641107466,6393,75.21,260.63,393,4.62,3.28,34711,408.36,1477.45,0.84,0.82,0.46,0.49,14.64,107.42
1998,49025,3663824,2070423666,6114,70.28,246.01,345,3.97,2.23,30949,355.74,1299.49,0.77,0.74,0.47,0.48,15.05,111.71
1999,50410,2928414,1792876023,6178,65.72,236.63,490,5.21,5.57,32136,341.87,1296.82,0.76,0.73,0.47,0.49,13.28,116.24
2000,51825,2628315,1756278843,6340,62.16,235.71,523,5.13,6.7,32568,319.29,1267.74,0.75,0.73,0.48,0.47,16.01,107.05
2001,50144,2375461,1709309102,6201,65.27,237.66,421,4.43,2.73,31915,335.95,1284.35,0.76,0.74,0.49,0.5,15.53,111.28
2002,56548,3063780,1994699338,6540,62.29,238.98,448,4.27,2.34,34755,331.0,1341.0,0.78,0.75,0.43,0.45,13.85,112.34
2003,47759,3588091,2070806621,5871,63.13,226.97,460,4.95,3.82,30050,323.12,1233.86,0.81,0.79,0.47,0.51,13.91,121.76
2004,38389,2783362,1753322456,5396,62.02,216.73,369,4.24,2.76,25059,288.03,1064.13,0.79,0.76,0.48,0.49,11.49,122.97
2005,28366,1824405,1126233268,4517,49.1,169.73,491,5.34,3.12,18273,198.62,747.54,0.82,0.78,0.46,0.48,17.22,117.04
2006,40653,2293463,1653939499,5536,52.23,194.99,598,5.64,3.22,24848,234.42,946.04,0.8,0.76,0.42,0.46,12.75,124.39
2007,49239,3722169,2159856931,5962,56.25,213.71,523,4.93,3.47,29615,279.39,1137.41,0.76,0.73,0.43,0.45,14.34,122.31
2008,56497,2773147,1884668628,6358,61.13,230.23,524,5.04,3.15,32741,314.82,1265.39,0.73,0.69,0.47,0.49,15.97,115.92
2009,55681,3528441,2218004320,6325,59.11,225.15,564,5.27,3.1,31644,295.74,1206.53,0.79,0.76,0.4,0.42,16.14,122.66
2010,57432,2947043,2072296015,6367,60.64,229.3,540,5.14,3.24,33029,314.56,1269.98,0.79,0.78,0.42,0.44,13.37,116.48
2011,61960,3470632,2438386008,6664,70.15,253.83,485,5.11,2.8,35330,371.89,1422.46,0.76,0.72,0.43,0.46,12.1,131.13
2012,62918,3551093,2221346455,6790,64.67,246.03,509,4.85,2.92,35528,338.36,1365.48,0.75,0.72,0.39,0.39,10.73,122.86
2013,63562,2984253,2106063595,6720,64.62,243.94,536,5.15,3.02,35582,342.13,1371.35,0.82,0.79,0.45,0.48,15.45,122.13
2014,62718,2764263,2015801226,6750,60.81,236.59,590,5.32,3.28,35144,316.61,1313.56,0.78,0.76,0.44,0.47,10.63,118.98
2015,68166,3144407,2122572826,7060,64.18,248.92,569,5.17,2.65,38897,353.61,1459.65,0.75,0.72,0.41,0.43,11.54,122.26
2016,75500,3304371,2576099137,7411,71.26,269.75,568,5.46,3.23,41663,400.61,1606.01,0.8,0.78,0.4,0.43,10.85,131.22
2017,75636,4036330,2634893761,7400,71.84,269.77,562,5.46,2.63,41894,406.74,1623.81,0.81,0.78,0.42,0.44,13.87,125.18
2018,71321,3453888,2376594184,7386,63.67,250.63,719,6.2,3.53,39764,342.79,1450.66,0.83,0.8,0.4,0.42,9.07,124.64
2019,71021,3107276,2243638017,7277,65.56,251.71,722,6.5,4.18,39612,356.86,1472.98,0.85,0.82,0.41,0.44,10.96,120.31
2020,58580,2684784,2007717676,6642,65.12,242.41,553,5.42,2.86,33912,332.47,1323.28,0.82,0.8,0.41,0.42,8.22,124.44
2021,64502,3014932,2133731106,6963,62.17,241.72,610,5.45,2.96,37491,334.74,1392.63,0.8,0.78,0.44,0.46,13.83,117.28
2022,53540,2298123,1780436542,6276,66.06,238.91,496,5.22,3.0,31032,326.65,1260.31,0.76,0.73,0.42,0.46,10.45,115.77
2023,63494,2714435,1872589080,7038,68.33,254.81,585,5.68,2.87,37508,364.16,1448.48,0.77,0.75,0.4,0.41,9.41,124.98
2024,50643,2080485,1571767514,6205,60.24,224.89,635,6.17,3.6,30154,292.76,1178.26,0.8,0.79,0.46,0.49,11.3,116.08
2025,33487,2478245,1563369630,4960,45.5,171.59,638,5.85,3.61,21199,194.49,799.55,0.81,0.79,0.41,0.44,9.46,121.57
2026,23146,976767,734221782,4041,43.92,153.48,704,7.65,12.67,15300,166.3,639.29,0.81,0.79,0.4,0.42,11.14,116.86
2027,26626,1323734,894105844,4284,41.59,152.52,876,8.5,16.71,17217,167.16,666.64,0.81,0.8,0.45,0.47,9.36,114.08
2028,26293,1233346,1004181083,4275,38.17,145.53,598,5.34,7.67,16785,149.87,620.38,0.8,0.8,0.46,0.49,12.58,120.03
2029,34413,2032469,1178567250,4920,43.93,170.78,442,3.95,2.35,21751,194.21,809.34,0.68,0.66,0.51,0.54,16.82,115.92
2030,36449,1712204,1141390219,4950,45.0,172.57,476,4.33,2.63,22373,203.39,848.91,0.7,0.69,0.48,0.5,11.5,120.23
2031,60403,3827638,3080702977,6535,55.38,216.92,765,6.48,5.7,33848,286.85,1221.99,0.79,0.78,0.42,0.43,9.48,140.18
2032,49804,5177968,5310752552,5835,49.87,194.03,746,6.38,6.99,29034,248.15,1054.88,0.75,0.73,0.43,0.45,9.85,135.49
2033,66072,10945336,12919381345,6813,59.24,229.68,701,6.1,3.26,37332,324.63,1364.55,0.8,0.77,0.43,0.47,12.9,137.8
2034,65744,8585285,9374467876,6758,53.21,215.56,780,6.14,3.11,37078,291.95,1290.09,0.81,0.78,0.39,0.42,11.15,134.09
2035,66190,5269583,5544508860,6782,56.52,222.33,765,6.38,3.77,37190,309.92,1331.65,0.86,0.83,0.4,0.42,10.87,139.37
2036,66902,3070811,2164135937,6817,63.12,238.3,685,6.34,3.35,36921,341.86,1391.27,0.86,0.84,0.43,0.46,10.49,132.27
2037,56643,5837225,5607894457,6665,57.46,222.68,747,6.44,3.25,33902,292.26,1231.31,0.8,0.77,0.36,0.4,8.73,145.84
2038,47794,7614275,8804660954,6156,64.12,228.78,583,6.07,2.92,29513,307.43,1174.93,0.86,0.83,0.34,0.37,7.78,153.53
2039,48694,2243104,1564867011,6249,54.34,210.19,692,6.02,3.23,29979,260.69,1098.16,0.86,0.83,0.34,0.37,5.39,160.79
2040,49552,2266373,1603298081,6335,57.59,216.23,732,6.65,3.5,30268,275.16,1126.79,0.84,0.8,0.35,0.38,7.1,155.73
2041,47271,2561494,2196205830,6130,58.38,214.43,679,6.47,3.13,28920,275.43,1105.45,0.83,0.8,0.35,0.36,6.46,158.16
2042,44407,4786263,4981079467,5802,65.93,227.18,489,5.56,2.88,27885,316.88,1166.23,0.85,0.81,0.38,0.41,8.28,154.69
2043,39239,6867821,7890784826,5609,62.32,216.03,473,5.26,2.18,25822,286.91,1062.11,0.88,0.85,0.36,0.41,9.55,155.78
2044,40578,1834471,1272058746,5839,60.82,217.75,509,5.3,2.68,26769,278.84,1065.48,0.88,0.86,0.43,0.44,6.51,142.02
2045,37395,4489096,4813032103,5464,55.19,201.18,466,4.71,2.35,24981,252.33,980.65,0.82,0.78,0.38,0.4,5.63,137.69
2046,34368,1758751,1276626867,5358,56.4,202.46,539,5.67,4.0,23638,248.82,946.59,0.78,0.76,0.39,0.42,7.81,134.95
2047,27219,1420986,891473350,4593,46.39,169.24,518,5.23,3.61,18669,188.58,743.23,0.83,0.81,0.41,0.42,5.84,139.35
2048,25859,1059355,781972624,4432,46.17,165.88,453,4.72,3.58,17897,186.43,717.56,0.79,0.76,0.42,0.43,5.19,131.6
2049,23853,1783291,1052002167,4224,48.55,167.78,398,4.57,3.73,16559,190.33,703.52,0.82,0.8,0.46,0.5,8.76,130.29
2050,32429,1831478,1091440323,4944,58.86,199.35,449,5.35,4.01,22022,262.17,941.9,0.87,0.84,0.47,0.51,8.86,125.92
2051,32152,2094869,2087009672,4801,54.56,188.95,463,5.26,4.43,21435,243.58,894.79,0.84,0.82,0.45,0.46,6.87,120.39
2052,38646,1505143,1175429896,5342,62.12,212.76,508,5.91,5.59,25312,294.33,1066.97,0.9,0.88,0.46,0.47,7.28,133.42
2053,36946,6560317,7509171536,5316,48.77,184.83,525,4.82,2.72,24309,223.02,911.67,0.85,0.83,0.41,0.43,9.83,142.89
2054,46228,4007770,3380153157,5881,56.01,208.69,567,5.4,2.63,29317,279.21,1118.37,0.83,0.8,0.41,0.45,13.48,138.31
2055,42681,1996226,1477307323,5557,54.48,200.32,604,5.92,5.47,27029,264.99,1046.09,0.82,0.79,0.48,0.53,11.62,130.56
2056,39731,1505245,1100265839,5296,57.57,204.27,449,4.88,3.18,25108,272.91,1041.06,0.81,0.77,0.43,0.44,17.59,138.93
2057,34635,1852325,1181785419,4975,54.67,195.01,417,4.58,2.65,22755,250.05,965.56,0.81,0.79,0.4,0.42,15.8,133.67
2058,40781,15514503,18358449936,5447,52.38,194.71,516,4.96,2.65,26399,253.84,1012.36,0.79,0.75,0.4,0.43,12.23,140.12
2059,43140,2206538,1408410125,5630,61.2,214.74,493,5.36,3.08,27482,298.72,1121.9,0.84,0.81,0.42,0.48,13.68,134.23
2060,41116,1549009,1058311066,5675,57.91,209.62,503,5.13,2.65,26515,270.56,1048.51,0.85,0.83,0.42,0.46,8.63,137.81
2061,40605,1979994,1346127349,5616,51.05,194.42,607,5.52,2.86,25368,230.62,950.18,0.85,0.81,0.37,0.42,6.4,156.47
2062,41255,2225799,1551167036,5770,57.13,209.39,557,5.51,2.66,26579,263.16,1036.91,0.83,0.8,0.42,0.46,8.67,143.99
2063,44397,2326564,1581235422,6034,59.74,217.78,625,6.19,3.49,28409,281.28,1101.33,0.84,0.82,0.4,0.44,8.6,136.89
2064,38311,2476325,1390953590,5545,52.81,194.98,632,6.02,2.92,24689,235.13,950.7,0.84,0.81,0.39,0.45,7.79,137.66
2065,32108,1719962,1099014255,5058,49.11,178.48,574,5.57,2.88,21315,206.94,818.18,0.86,0.85,0.43,0.45,10.15,135.52
2066,32594,1637313,1086185338,5063,50.13,179.46,558,5.52,2.5,21291,210.8,820.93,0.88,0.85,0.39,0.41,8.26,145.6
2067,34267,2786102,1485172454,5179,61.65,206.77,433,5.15,2.5,22650,269.64,964.5,0.87,0.83,0.36,0.38,8.05,148.64
2068,33186,2451772,1586033080,5054,50.04,182.31,500,4.95,2.45,21739,215.24,848.89,0.81,0.77,0.43,0.46,8.11,142.56
2069,22790,1337630,832002232,4142,46.02,157.04,480,5.33,2.84,15443,171.59,640.29,0.86,0.83,0.43,0.45,9.02,140.08
2070,31910,2026202,1238492657,5046,53.12,189.02,460,4.84,2.44,21712,228.55,871.31,0.83,0.8,0.41,0.43,9.78,138.42
2071,32299,1737170,1375260950,5032,51.35,187.03,492,5.02,4.85,22101,225.52,876.18,0.82,0.79,0.43,0.48,10.11,146.56
2072,35332,2444801,1432250715,5368,54.78,198.68,527,5.38,4.0,23991,244.81,945.89,0.85,0.81,0.49,0.5,6.31,128.09
2073,32101,1750281,1123508151,5070,52.81,189.23,450,4.69,2.52,21956,228.71,872.77,0.85,0.84,0.45,0.49,11.41,137.93
2074,30042,10090561,11772637124,4809,50.62,182.51,386,4.06,3.24,20834,219.31,835.34,0.74,0.71,0.45,0.47,14.31,133.81
2075,32000,8605871,9533234188,4865,50.68,183.74,426,4.44,2.59,21404,222.96,865.51,0.82,0.78,0.43,0.47,10.31,141.68
2076,36277,5736708,6677751335,5226,54.44,194.75,468,4.88,2.95,24128,251.33,960.38,0.84,0.81,0.4,0.42,13.87,137.62
2077,35304,6844923,7827499851,5224,50.72,183.15,518,5.03,3.02,23482,227.98,887.43,0.85,0.83,0.41,0.42,10.21,138.66
2078,36630,1267406,890939362,5353,51.97,182.46,512,4.97,2.77,24263,235.56,903.79,0.79,0.76,0.43,0.44,7.29,134.98
2079,41171,1805938,1417650082,5700,54.29,193.45,514,4.9,2.35,27046,257.58,994.46,0.79,0.75,0.36,0.37,6.27,139.58
2080,40592,1492904,1084313679,5673,57.89,197.65,550,5.61,3.34,26548,270.9,1004.72,0.88,0.86,0.4,0.4,7.06,152.82
2081,42559,2012792,1289854091,5858,55.26,196.84,619,5.84,3.29,27932,263.51,1026.82,0.84,0.81,0.4,0.41,6.11,141.67
2082,39983,1843527,1313350020,5599,55.99,195.32,506,5.06,2.93,26407,264.07,996.16,0.86,0.84,0.42,0.42,10.66,142.2
2083,38154,1497716,1004993480,5396,51.88,184.14,519,4.99,2.96,25183,242.14,940.92,0.81,0.77,0.45,0.46,5.87,137.36
2084,40681,3854982,3732770370,5775,55.53,196.85,598,5.75,3.98,26691,256.64,996.63,0.85,0.81,0.4,0.42,4.94,137.56
2085,40452,3859834,2858904074,5717,51.5,195.33,619,5.58,3.27,26282,236.77,976.54,0.81,0.78,0.4,0.44,5.58,149.17
2086,26724,1662418,997152620,4544,44.99,163.87,512,5.07,2.88,17899,177.22,703.46,0.84,0.8,0.4,0.44,5.96,146.31
2087,24130,1009043,715601663,4187,41.87,153.95,468,4.68,2.5,16534,165.34,675.0,0.8,0.77,0.45,0.48,6.89,137.94
2088,32275,2858148,2843926792,4946,48.02,175.53,581,5.64,2.83,21102,204.87,823.41,0.84,0.83,0.4,0.44,4.96,154.52
2089,43417,2140217,1418051123,5902,59.62,214.47,644,6.51,3.79,27816,280.97,1089.31,0.87,0.86,0.41,0.44,5.51,149.99
2090,29347,1187776,858524063,4749,57.91,194.03,438,5.34,2.89,19908,242.78,886.45,0.8,0.77,0.43,0.47,6.75,132.74
2091,33687,1340513,994369881,5138,55.25,193.73,481,5.17,2.82,22744,244.56,920.1,0.81,0.78,0.41,0.43,10.33,142.64
2092,26165,1295808,851839698,4571,55.74,185.53,383,4.67,2.82,18487,225.45,799.02,0.85,0.82,0.42,0.43,7.82,132.02
2093,23110,1149213,733641782,4074,59.04,185.19,291,4.22,2.44,16371,237.26,806.43,0.81,0.78,0.41,0.42,4.6,136.22
2094,25315,1525022,904468782,4379,55.43,182.46,337,4.27,2.16,17910,226.71,793.56,0.9,0.88,0.43,0.44,13.72,133.81
2095,29030,1303065,990436262,4724,54.3,185.31,433,4.98,2.62,20005,229.94,841.0,0.83,0.81,0.42,0.44,9.91,133.95
2096,30770,1745136,1135830292,4899,54.43,188.92,410,4.56,2.35,21174,235.27,869.33,0.84,0.81,0.43,0.47,15.81,142.51
2097,25032,1935471,1786288030,4427,40.61,152.49,469,4.3,2.14,17568,161.17,654.18,0.83,0.79,0.42,0.45,12.25,146.67
2098,30264,3566640,2956119810,4840,50.95,180.03,449,4.73,2.69,20774,218.67,827.88,0.8,0.78,0.44,0.49,11.85,137.67
2099,30900,1560527,1197843506,4930,48.33,177.23,462,4.53,2.35,20936,205.25,808.23,0.82,0.79,0.44,0.46,13.71,131.85
2100,31633,2014103,1556587479,4850,52.72,182.79,488,5.3,2.6,21308,231.61,868.24,0.85,0.82,0.41,0.45,14.64,144.96
2101,37171,1704062,1223673698,5247,57.03,199.3,484,5.26,3.38,24175,262.77,986.76,0.81,0.79,0.45,0.48,17.34,138.87
2102,39928,13547303,15100775149,5429,52.2,193.22,514,4.94,2.54,26054,250.52,997.74,0.82,0.78,0.44,0.48,18.25,146.84
2103,38357,2545275,1676085466,5227,51.75,189.81,497,4.92,2.52,24455,242.13,954.87,0.82,0.8,0.43,0.47,11.67,145.29
2104,36548,1355376,985299196,5177,50.75,185.19,511,5.01,2.58,23869,234.01,923.38,0.84,0.81,0.42,0.44,8.91,146.42
2105,40002,2924710,1745335873,5402,51.45,188.8,625,5.95,2.64,25639,244.18,989.11,0.86,0.84,0.4,0.45,14.86,154.03
2106,26740,1037583,761033825,4370,46.99,161.88,504,5.42,2.34,17927,192.76,725.77,0.88,0.86,0.43,0.45,14.47,144.35
2107,31940,2350347,1340277679,4751,51.09,177.64,437,4.7,2.05,21360,229.68,863.02,0.84,0.82,0.46,0.51,12.03,143.66
2108,37316,1568377,1216987783,5226,54.44,194.26,529,5.51,3.61,24016,250.17,963.97,0.83,0.79,0.4,0.42,8.57,148.76
2109,36773,4088341,3848691192,5293,51.89,192.56,467,4.58,2.79,24489,240.09,951.91,0.81,0.78,0.43,0.45,11.08,144.57
2110,32023,1791941,1361284820,5041,48.47,179.65,510,4.9,2.6,21274,204.56,816.82,0.8,0.77,0.41,0.43,11.83,143.44
2111,33536,1401670,1031223078,5170,51.7,189.24,476,4.76,2.71,22522,225.22,883.72,0.85,0.83,0.42,0.41,8.61,140.24
2112,31368,1731141,1045418763,4942,52.02,184.91,473,4.98,2.55,21129,222.41,848.42,0.86,0.83,0.39,0.39,8.64,148.05
2113,32158,2170261,1550372157,4899,52.12,184.46,490,5.21,5.56,21400,227.66,865.24,0.86,0.84,0.43,0.46,9.27,141.64
2114,36937,1506366,1090441415,5379,53.26,193.61,539,5.34,2.67,24283,240.43,944.19,0.89,0.86,0.4,0.41,9.5,144.54
2115,31385,1536967,1014642950,4994,56.11,192.4,468,5.26,2.75,20999,235.94,869.34,0.84,0.81,0.41,0.42,6.94,142.38
2116,37413,1604427,1155400807,5457,51.48,192.88,521,4.92,2.53,24911,235.01,947.13,0.83,0.79,0.43,0.47,8.32,150.44
2117,31174,1649884,1030736948,4931,52.46,185.23,454,4.83,2.57,21234,225.89,860.86,0.83,0.79,0.43,0.45,14.12,150.58
2118,29833,1323139,849692564,4858,59.98,200.12,331,4.09,2.21,21066,260.07,911.35,0.82,0.78,0.44,0.47,7.45,137.81
2119,29385,1191168,855495135,4875,47.33,174.48,467,4.53,2.24,20595,199.95,791.11,0.84,0.81,0.45,0.45,11.52,139.98
2120,29804,1384249,1138352881,4935,49.85,180.68,462,4.67,2.46,20916,211.27,817.64,0.84,0.82,0.43,0.42,8.9,139.19
2121,31238,1925245,1134100380,5010,50.61,183.74,469,4.74,3.06,21851,220.72,857.85,0.8,0.78,0.46,0.49,15.93,136.6
2122,31703,4606616,3705821058,5005,53.24,189.19,439,4.67,2.36,21936,233.36,881.97,0.83,0.8,0.46,0.49,13.75,134.47
2123,29950,3915623,2890259343,4672,51.34,179.07,414,4.55,2.49,20315,223.24,834.58,0.81,0.77,0.43,0.46,10.0,144.01
2124,25901,1332989,853913460,4236,40.73,151.42,422,4.06,2.23,17543,168.68,674.82,0.84,0.81,0.44,0.49,9.65,145.31
2125,14833,6806785,6665400628,3172,26.21,98.84,534,4.41,2.44,10331,85.38,367.16,0.79,0.73,0.41,0.42,12.53,142.37
2126,25248,1301071,898787956,4244,42.87,154.15,480,4.85,2.73,17118,172.91,678.46,0.85,0.81,0.45,0.49,9.91,145.18
2127,28342,1904789,1122785734,4439,49.32,171.16,402,4.47,2.39,18863,209.59,783.77,0.88,0.85,0.43,0.47,14.08,142.09
2128,26731,1071772,786226347,4333,44.67,158.46,511,5.27,2.46,17720,182.68,706.27,0.78,0.74,0.42,0.44,12.94,135.4
2129,36017,1469945,996821600,5017,61.18,204.61,414,5.05,3.47,23320,284.39,1010.63,0.82,0.79,0.44,0.46,12.46,147.7
2130,33807,2063556,1454194245,4937,47.47,177.37,456,4.38,2.59,22180,213.27,856.5,0.76,0.72,0.41,0.46,11.54,143.22
2131,40638,2737062,2354631063,5299,70.65,228.05,341,4.55,2.77,26536,353.81,1195.24,0.81,0.78,0.47,0.51,15.89,136.88
2132,38864,2369281,1961113264,5289,58.77,207.08,403,4.48,2.98,24921,276.9,1038.17,0.82,0.78,0.4,0.44,10.19,150.29
2133,40806,2442626,1513926791,5555,59.73,212.97,434,4.67,2.66,26582,285.83,1077.75,0.82,0.78,0.38,0.41,8.16,147.2
2134,40828,2106586,1358012456,5689,63.92,223.02,438,4.92,2.35,26332,295.87,1094.33,0.83,0.79,0.4,0.45,6.91,152.99
2135,49062,2660672,2075726927,6156,66.91,235.98,500,5.43,2.61,30745,334.18,1252.33,0.82,0.77,0.39,0.43,5.73,153.23
2136,37630,1939529,1330269178,5382,65.63,219.8,391,4.77,1.98,24541,299.28,1063.93,0.79,0.76,0.41,0.43,7.61,152.24
2137,37998,1739172,1152472692,5536,56.49,206.25,437,4.46,2.41,25589,261.11,1011.42,0.79,0.76,0.41,0.43,5.77,146.7
2138,37499,1754105,1156985044,5439,63.24,216.07,416,4.84,2.25,25208,293.12,1059.93,0.85,0.8,0.37,0.4,4.64,142.66
2139,35271,1872738,1057503609,5420,56.46,204.64,429,4.47,2.93,24333,253.47,971.46,0.76,0.71,0.4,0.45,5.64,145.21
2140,33835,1535110,1008144600,5269,57.9,203.97,435,4.78,3.06,23551,258.8,963.27,0.84,0.82,0.42,0.46,11.27,138.99
2141,34755,1360895,979748309,5350,60.11,210.1,396,4.45,3.03,24239,272.35,1002.97,0.8,0.77,0.41,0.43,4.74,142.15
2142,36120,1369777,960808778,5461,56.89,205.97,423,4.41,1.99,24652,256.79,985.61,0.81,0.76,0.37,0.39,3.62,145.31
2143,31860,1785705,1124280428,4967,64.51,208.29,368,4.78,2.31,21738,282.31,966.35,0.8,0.76,0.38,0.39,6.21,139.47
2144,32980,1280902,895635626,5110,51.62,187.43,489,4.94,2.51,22152,223.76,882.37,0.8,0.77,0.4,0.41,9.37,143.57
2145,37790,3737159,3781358389,5487,62.35,213.91,463,5.26,2.58,24988,283.95,1040.41,0.8,0.76,0.41,0.44,10.32,133.04
2146,26814,1047962,788099078,4456,47.4,164.32,519,5.52,2.38,18109,192.65,729.36,0.87,0.85,0.38,0.41,8.07,142.78
2147,30430,1127397,837166971,4734,46.41,168.82,520,5.1,2.53,20475,200.74,793.76,0.83,0.79,0.4,0.42,9.09,144.67
2148,27345,982318,698542597,4421,45.11,160.4,507,5.17,2.17,18398,187.73,732.72,0.87,0.84,0.37,0.39,9.95,148.7
2149,25809,978981,698796943,4300,51.81,170.84,415,5.0,2.5,17432,210.02,747.88,0.85,0.81,0.39,0.42,12.04,143.09
2150,29247,1118051,827480683,4674,45.82,163.88,556,5.45,2.43,19244,188.67,740.23,0.82,0.78,0.36,0.38,8.39,144.77
2151,40973,1518484,1139312263,5546,57.77,204.98,550,5.73,2.12,25755,268.28,1031.27,0.88,0.85,0.36,0.39,6.93,149.62
2152,43454,1915155,1363348833,5687,55.21,200.92,603,5.85,2.35,26871,260.88,1032.73,0.85,0.81,0.37,0.41,10.04,150.67
2153,41721,1561799,1053967125,5668,50.16,190.14,673,5.96,2.69,26302,232.76,965.4,0.86,0.82,0.36,0.38,11.99,150.13
2154,43547,9591856,12300867273,5704,56.48,206.0,596,5.9,3.15,28020,277.43,1091.7,0.88,0.86,0.44,0.47,17.77,137.87
2155,41100,1536453,1140949783,5575,56.89,206.17,546,5.57,3.08,26367,269.05,1049.73,0.82,0.77,0.41,0.42,20.64,139.37
2156,40258,1778760,1276795517,5458,63.47,216.95,421,4.9,2.14,26205,304.71,1103.49,0.85,0.81,0.43,0.45,14.94,151.66
2157,40927,2129750,1662746590,5823,55.99,208.43,521,5.01,2.6,27053,260.12,1029.3,0.75,0.73,0.4,0.41,32.03,149.61
2158,38889,6786942,6403181587,5774,57.17,209.8,497,4.92,2.17,26188,259.29,1010.43,0.73,0.7,0.36,0.4,38.76,143.28
2159,40336,4723196,3772091853,5810,59.9,214.12,530,5.46,3.31,26985,278.2,1057.72,0.78,0.75,0.38,0.41,38.45,143.07
2160,40316,2054446,1383101378,5819,56.5,208.5,527,5.12,3.0,26887,261.04,1024.62,0.76,0.73,0.41,0.44,30.39,139.43
2161,42269,2213180,1416525904,5876,63.87,223.74,498,5.41,3.28,28128,305.74,1128.86,0.76,0.73,0.38,0.41,34.23,136.6
2162,42485,1928240,1457933263,6031,60.31,218.01,545,5.45,2.75,28341,283.41,1086.32,0.78,0.76,0.39,0.42,31.53,140.79
2163,30129,9194214,12065374957,4785,54.38,186.86,395,4.49,2.48,20849,236.92,888.35,0.74,0.72,0.46,0.49,37.65,131.79
2164,27095,1258184,847419425,4723,52.48,180.53,385,4.28,2.53,19175,213.06,774.46,0.72,0.71,0.44,0.45,32.55,130.1
2165,24731,972324,689066643,4455,48.96,168.78,358,3.93,2.12,17494,192.24,697.55,0.73,0.71,0.45,0.46,31.8,127.44
2166,31487,1437227,1024204621,4973,46.05,175.86,376,3.48,2.29,21432,198.44,798.22,0.74,0.72,0.52,0.55,32.52,117.25
2167,32801,1355137,942550452,5005,55.0,194.05,322,3.54,2.15,22191,243.86,899.44,0.69,0.68,0.47,0.49,34.56,116.3
2168,33823,1487168,1037788031,5128,56.35,197.13,364,4.0,2.25,22528,247.56,905.4,0.69,0.66,0.47,0.48,35.85,108.25
2169,44571,2230045,1650207793,5920,55.85,211.4,431,4.07,2.64,29122,274.74,1090.23,0.69,0.67,0.49,0.52,33.64,111.91
2170,32766,1329319,1018282915,4934,46.11,173.67,487,4.55,3.46,21506,200.99,818.57,0.72,0.7,0.44,0.48,28.39,116.51
2171,34088,1262305,901930960,4936,45.28,169.87,493,4.52,2.62,22359,205.13,833.52,0.73,0.7,0.45,0.48,31.27,127.39
2172,29235,1926347,1518868771,4493,41.22,154.64,447,4.1,2.31,19341,177.44,712.69,0.73,0.71,0.44,0.46,30.31,124.32
2173,34701,1231625,868660243,4989,52.52,186.76,385,4.05,2.07,22995,242.05,908.21,0.71,0.69,0.46,0.48,40.52,114.95
2174,31981,1311981,816310943,4778,45.5,167.13,446,4.25,2.12,21264,202.51,795.03,0.77,0.76,0.41,0.44,33.86,121.94
2175,30269,1171723,852428941,4653,50.03,173.26,433,4.66,2.64,20466,220.06,814.59,0.78,0.77,0.42,0.43,33.7,126.01
2176,33427,1455291,995923581,4881,50.84,182.17,391,4.07,2.23,22161,230.84,874.51,0.72,0.7,0.46,0.49,35.85,120.18
2177,28691,1440508,996341711,4514,45.14,163.05,431,4.31,2.7,19360,193.6,743.33,0.74,0.72,0.5,0.52,32.49,118.6
2178,30477,1869622,1123158553,4524,49.71,173.84,343,3.77,2.3,20388,224.04,826.43,0.74,0.73,0.53,0.54,34.85,123.33
2179,39388,1644514,1352678063,5326,53.8,192.73,502,5.07,2.58,25776,260.36,995.98,0.78,0.76,0.39,0.4,28.6,125.55
2180,32136,1640600,1161453387,4731,48.28,173.58,396,4.04,2.54,20982,214.1,814.49,0.73,0.71,0.45,0.47,33.98,120.5
2181,37944,1997498,1460998880,5390,54.44,195.7,462,4.67,2.27,24624,248.73,947.92,0.71,0.67,0.45,0.47,33.8,120.15
2182,38497,1626139,1217483733,5468,55.8,200.54,488,4.98,3.03,24957,254.66,968.58,0.76,0.75,0.38,0.4,31.55,121.95
2183,41519,1913200,1345637357,5666,57.82,209.22,469,4.79,2.42,27056,276.08,1056.27,0.7,0.68,0.4,0.42,27.98,120.6
2184,36506,1852362,1191603216,5316,51.61,188.16,533,5.17,2.72,24026,233.26,907.64,0.72,0.71,0.43,0.45,28.54,113.52
2185,25846,1086431,797765407,4337,46.14,158.96,455,4.84,2.26,17467,185.82,688.99,0.72,0.71,0.42,0.44,31.11,120.87
2186,27842,1184691,890706542,4617,51.3,173.61,463,5.14,2.37,18571,206.34,752.5,0.76,0.73,0.38,0.41,27.49,138.29
2187,21486,1233329,908077858,3820,41.98,142.72,456,5.01,2.61,14320,157.36,599.4,0.73,0.7,0.4,0.44,32.24,119.9
2188,32967,2067607,1300243468,5029,50.29,180.6,482,4.82,2.71,21827,218.27,831.66,0.73,0.71,0.4,0.42,28.16,119.37
2189,31887,1397467,969043804,4896,55.01,189.16,421,4.73,2.59,21262,238.9,871.28,0.76,0.72,0.44,0.47,31.59,117.78
2190,36466,1792862,1234276927,5304,55.83,198.08,438,4.61,2.49,24364,256.46,960.53,0.73,0.71,0.4,0.43,29.82,114.24
2191,29008,1238251,946384876,4738,49.87,177.95,440,4.63,2.99,20114,211.73,814.88,0.71,0.7,0.49,0.5,35.05,115.55
2192,30017,1485965,1277757625,4808,51.15,182.27,344,3.66,2.25,21354,227.17,848.65,0.65,0.62,0.5,0.52,30.55,112.41
2193,28848,3501967,2792728905,4723,48.69,173.54,405,4.18,2.28,20250,208.76,789.33,0.73,0.71,0.48,0.48,29.04,119.26
2194,30974,1493532,1016199560,4867,45.92,172.17,396,3.74,2.34,21752,205.21,812.92,0.69,0.67,0.52,0.54,32.3,117.81
2195,18809,774794,591318379,3114,30.23,132.99,438,4.25,2.65,12918,125.42,629.26,0.68,0.66,0.5,0.53,37.35,121.04
2196,1227,57985,46041958,600,5.08,3.44,466,3.95,1.89,1004,8.51,10.96,0.67,0.66,0.45,0.49,29.69,126.35
2197,1358,49947,25115720,642,5.73,4.24,589,5.26,4.27,1045,9.33,11.9,0.72,0.7,0.43,0.46,34.84,118.36
2198,1325,42454,19758799,597,5.24,3.77,559,4.9,4.99,992,8.7,11.4,0.72,0.69,0.45,0.48,33.83,127.08
2199,1203,57482,29996467,563,5.36,3.83,436,4.15,2.46,987,9.4,12.02,0.68,0.67,0.5,0.52,36.44,118.47
2200,1177,32779,23340588,549,5.28,3.64,403,3.88,1.91,937,9.01,11.6,0.6,0.59,0.46,0.48,31.27,127.31
2201,1378,9867231,12967987316,616,5.55,3.62,537,4.84,2.82,1036,9.33,11.93,0.72,0.7,0.46,0.49,30.96,130.17
2202,1270,29330,8988231,596,5.14,3.48,478,4.12,2.01,997,8.59,11.19,0.69,0.68,0.47,0.5,33.27,135.69
2203,1247,40683,20843160,577,5.02,3.79,449,3.9,2.13,991,8.62,11.41,0.68,0.66,0.43,0.46,36.09,114.3
2204,1484,22385,8247530,656,5.61,3.88,541,4.62,2.37,1162,9.93,13.33,0.72,0.69,0.4,0.42,29.36,129.06
2205,683,11088,5856062,305,4.42,3.37,230,3.33,2.04,556,8.06,11.89,0.67,0.65,0.5,0.52,44.96,113.95
2206,292,15922,16035564,152,2.98,2.22,102,2.0,1.18,239,4.69,4.44,0.53,0.53,0.58,0.6,50.39,96.08
2207,285,2900,401774,163,2.81,1.79,119,2.05,1.08,244,4.21,4.2,0.59,0.58,0.54,0.59,49.23,100.83
2208,342,2915,1020222,171,3.29,2.04,116,2.23,0.92,268,5.15,4.52,0.58,0.58,0.47,0.48,41.68,114.74
2209,303,5146,2619953,155,3.23,2.67,97,2.02,1.34,255,5.31,5.3,0.57,0.57,0.59,0.6,53.6,101.82
2210,280,7782,5425785,150,2.83,2.19,99,1.87,1.09,230,4.34,4.2,0.51,0.52,0.6,0.62,45.4,93.79
2211,675,12250,6194622,311,4.86,3.53,228,3.56,2.1,540,8.44,10.88,0.69,0.69,0.45,0.45,38.97,112.07
2212,1181,34491,26417176,505,5.49,4.23,386,4.2,2.14,929,10.1,13.41,0.72,0.69,0.43,0.46,30.41,122.64
2213,1858,18829,2935590,476,5.06,3.57,1053,11.2,41.44,913,9.71,12.73,0.72,0.7,0.44,0.46,31.08,121.37
2214,962,26184,16702542,403,4.69,3.33,309,3.59,1.92,760,8.84,11.04,0.69,0.69,0.44,0.47,36.91,122.92
2215,1081,27273,7554084,435,4.73,3.35,413,4.49,4.42,808,8.78,11.75,0.7,0.69,0.46,0.47,32.7,121.55
2216,1044,45957,27393436,471,5.23,3.71,405,4.5,3.46,807,8.97,10.96,0.75,0.74,0.44,0.49,34.41,124.45
2217,1087,94996,91868003,458,4.58,3.42,435,4.35,4.12,825,8.25,10.93,0.69,0.68,0.41,0.43,34.61,118.51
2218,1033,36962,23525799,438,4.92,3.36,366,4.11,4.38,764,8.58,10.53,0.78,0.76,0.42,0.45,39.92,129.55
2219,979,28371,12451658,512,5.45,3.48,395,4.2,1.93,802,8.53,9.11,0.74,0.72,0.45,0.49,37.06,130.74
2220,932,18155,7599468,454,4.78,2.96,345,3.63,1.77,764,8.04,9.62,0.71,0.69,0.46,0.49,36.23,121.47
2221,1040,32385,14007519,483,5.75,3.98,362,4.31,2.27,806,9.6,11.23,0.75,0.74,0.39,0.43,42.52,130.29
2222,1096,21373,9631894,515,5.36,3.81,385,4.01,1.93,889,9.26,11.91,0.73,0.72,0.44,0.47,37.59,125.24
2223,1361,175122,210039609,612,6.12,4.06,474,4.74,2.12,1046,10.46,13.03,0.77,0.74,0.43,0.46,35.79,134.73
2224,1790,4332517,6315988113,809,6.74,4.34,703,5.86,3.1,1402,11.68,15.83,0.76,0.74,0.36,0.39,29.07,141.39
2225,1909,2882428,3918785952,751,7.08,5.13,599,5.65,3.13,1309,12.35,16.42,0.79,0.77,0.37,0.41,30.29,135.98
2226,1945,118909,76625718,825,6.93,5.07,709,5.96,2.94,1464,12.3,17.7,0.78,0.77,0.37,0.42,28.73,139.82
2227,2024,68525,52297473,858,7.59,5.09,748,6.62,3.31,1534,13.58,18.69,0.8,0.79,0.36,0.41,31.81,141.02
2228,1490,99535,70887704,659,6.72,4.83,517,5.28,2.27,1154,11.78,15.0,0.77,0.74,0.39,0.44,35.02,142.46
2229,1542,73825,40433522,693,6.79,4.39,541,5.3,2.01,1213,11.89,15.29,0.78,0.77,0.38,0.41,30.32,137.72
2230,1647,2264498,2750946397,685,6.92,4.54,552,5.58,2.37,1212,12.24,16.21,0.78,0.76,0.38,0.42,30.48,145.48
2231,1755,60567,59654535,785,7.01,4.53,641,5.72,2.58,1311,11.71,14.95,0.79,0.77,0.36,0.39,27.46,141.21
2232,1596,776701,461840222,713,7.2,4.85,566,5.72,2.88,1285,12.98,17.16,0.74,0.72,0.38,0.43,31.37,134.42
2233,1583,2941919,3941166654,699,7.06,4.89,540,5.45,2.26,1235,12.47,15.87,0.76,0.74,0.39,0.42,32.62,138.28
2234,1366,9484843,13233823444,597,6.71,5.03,421,4.73,2.41,1071,12.03,15.57,0.74,0.73,0.4,0.44,32.07,131.45
2235,1441,11050125,15144223921,642,6.69,4.86,484,5.04,2.42,1183,12.32,16.46,0.76,0.75,0.37,0.4,28.85,135.26
2236,1507,9348228,12647710472,718,7.33,5.37,545,5.56,2.36,1222,12.47,16.36,0.76,0.74,0.38,0.41,29.8,138.74
2237,1494,8505461,11090942777,664,6.51,4.79,650,6.37,10.53,1102,10.8,13.85,0.8,0.78,0.4,0.43,30.86,140.7
2238,1642,5895941,7617158247,649,6.98,4.46,842,9.05,18.09,1065,11.45,13.27,0.76,0.74,0.38,0.39,30.8,123.15
2239,1352,8271756,11068518489,596,6.34,4.8,430,4.57,2.26,1052,11.19,14.5,0.79,0.78,0.4,0.41,33.79,131.21
2240,1642,11035426,14542570023,675,6.14,4.58,525,4.77,2.52,1200,10.91,14.63,0.74,0.72,0.42,0.45,31.0,124.66
2241,1424,8521677,11015696295,703,6.17,4.5,558,4.89,2.49,1190,10.44,13.29,0.78,0.76,0.43,0.45,31.28,131.34
2242,1244,7214008,9452518004,574,5.68,4.09,438,4.34,2.21,1010,10.0,13.19,0.73,0.72,0.36,0.38,31.06,132.69
2243,1264,7513632,9436025242,605,6.37,4.24,475,5.0,2.55,1025,10.79,12.82,0.76,0.74,0.42,0.44,38.89,130.87
2244,1270,14352405,19233421035,588,6.39,4.67,449,4.88,2.72,1026,11.15,13.76,0.77,0.77,0.41,0.46,44.86,123.7
2245,1375,7309708,9491086085,636,6.0,4.04,528,4.98,2.45,1095,10.33,12.8,0.76,0.74,0.36,0.41,33.25,133.13
2246,1422,3284245,4289952064,641,5.99,4.15,512,4.79,2.55,1159,10.83,14.74,0.77,0.74,0.42,0.45,31.9,133.22
2247,1465,28519,15580938,673,6.73,4.46,502,5.02,2.18,1173,11.73,14.95,0.79,0.77,0.4,0.42,30.7,131.82
2248,1432,33116,17268680,711,6.46,4.14,569,5.17,2.42,1172,10.65,13.27,0.77,0.75,0.42,0.47,27.34,136.68
2249,1487,275923,355122988,705,6.91,4.58,596,5.84,3.28,1156,11.33,13.76,0.76,0.74,0.41,0.46,31.61,132.34
2250,1548,48221,38504022,672,6.79,4.46,598,6.04,3.7,1193,12.05,15.51,0.78,0.75,0.38,0.42,30.04,126.28
2251,1579,90418,78771758,749,6.75,4.53,631,5.68,4.46,1249,11.25,14.76,0.77,0.75,0.37,0.42,29.71,132.99
2252,1556,23464,10074872,740,6.79,4.5,575,5.28,2.55,1233,11.31,13.89,0.74,0.72,0.39,0.41,27.12,139.75
2253,1579,280729,275485691,688,7.17,4.39,556,5.79,2.5,1227,12.78,16.37,0.79,0.78,0.38,0.42,31.93,143.29
2254,1650,125393,71964386,768,7.76,5.38,617,6.23,2.73,1305,13.18,16.36,0.77,0.76,0.37,0.41,31.28,144.85
2255,1331,17767,7990785,662,7.12,5.14,520,5.59,2.7,1063,11.43,15.0,0.73,0.7,0.39,0.44,28.07,146.03
2256,1592,54917,60168550,788,7.5,5.02,626,5.96,2.27,1257,11.97,14.71,0.75,0.73,0.36,0.4,25.59,146.54
2257,1295,19392,7977802,635,7.3,5.17,482,5.54,2.65,1029,11.83,14.12,0.75,0.74,0.41,0.44,30.66,139.23
2258,1223,23859,12524007,532,6.49,4.7,398,4.85,2.09,962,11.73,15.08,0.77,0.75,0.41,0.45,32.36,138.02
2259,1309,29664,9526536,612,6.8,4.54,484,5.38,2.17,1038,11.53,14.06,0.77,0.75,0.41,0.45,27.57,151.06
2260,1223,21427,12478275,590,6.41,3.94,465,5.05,2.01,974,10.59,12.66,0.76,0.75,0.37,0.4,30.13,147.0
2261,1183,1141378,1689540116,603,6.48,4.46,469,5.04,2.14,944,10.15,11.77,0.74,0.72,0.44,0.49,32.02,143.19
2262,1262,39188,19947087,610,5.92,4.06,611,5.93,6.55,906,8.8,9.9,0.77,0.76,0.38,0.41,27.61,148.1
2263,1078,20158,13239735,482,5.95,4.03,505,6.23,7.26,765,9.44,9.98,0.76,0.76,0.5,0.53,31.27,125.08
2264,1014,53451,49032421,520,5.65,3.39,433,4.71,3.06,791,8.6,8.39,0.74,0.73,0.44,0.47,35.35,132.42
2265,993,35749,26951865,551,5.99,3.45,418,4.54,1.88,819,8.9,9.0,0.76,0.76,0.41,0.46,30.56,131.58
2266,1095,44764,29968717,579,5.68,3.44,465,4.56,1.82,887,8.7,9.73,0.78,0.77,0.46,0.5,35.36,126.04
2267,1024,45677,44194931,541,6.15,3.87,416,4.73,2.39,830,9.43,9.84,0.74,0.74,0.44,0.47,38.06,129.79
2268,1210,459881,588012367,639,6.45,4.03,536,5.41,3.08,949,9.59,9.55,0.78,0.76,0.43,0.46,33.36,135.35
2269,1027,36293,17630361,504,5.93,3.78,408,4.8,3.04,787,9.26,9.4,0.75,0.74,0.42,0.49,37.83,125.05
2270,1033,37526,15372979,551,5.1,3.6,471,4.36,2.92,808,7.48,8.32,0.74,0.73,0.43,0.47,31.9,125.14
2271,1011,21523,4252373,501,5.16,3.46,411,4.24,2.47,774,7.98,9.09,0.75,0.73,0.42,0.45,33.14,129.61
2272,954,726235,44721408,474,4.99,3.48,397,4.18,2.69,752,7.92,8.97,0.71,0.69,0.43,0.47,32.38,122.11
2273,793,692984,55721052,419,5.11,3.58,329,4.01,2.55,624,7.61,8.06,0.74,0.74,0.42,0.45,40.26,117.58
2274,1518,20739,5050120,674,7.17,4.68,563,5.99,3.66,1129,12.01,14.28,0.77,0.75,0.4,0.45,33.34,121.33
2275,1767,28347,9431309,767,7.04,4.79,612,5.61,2.71,1338,12.28,16.12,0.76,0.74,0.41,0.46,32.31,130.5
2276,1834,2540429,2844187125,792,7.92,5.4,707,7.07,6.59,1321,13.21,16.8,0.78,0.76,0.37,0.42,33.52,137.07
2277,1896,57842,23004437,836,7.81,5.74,666,6.22,3.54,1396,13.05,16.85,0.78,0.76,0.37,0.4,32.54,136.29
2278,1995,29987,12209084,875,8.33,5.71,744,7.09,3.97,1494,14.23,17.88,0.8,0.79,0.38,0.41,27.8,133.97
2279,2034,29127,17338699,869,7.97,5.55,732,6.72,3.8,1494,13.71,18.47,0.77,0.76,0.36,0.39,26.02,130.37
2280,2073,141784,84334511,889,7.94,5.02,804,7.18,4.1,1527,13.63,17.36,0.8,0.78,0.34,0.39,26.44,137.32
2281,2161,20681422,28094850834,903,8.6,5.87,775,7.38,4.13,1550,14.76,18.27,0.79,0.78,0.33,0.35,30.9,143.07
2282,2472,20735647,27875063135,1023,8.45,5.78,916,7.57,4.85,1812,14.98,20.28,0.79,0.76,0.3,0.32,27.6,139.12
2283,2349,16048069,21107557015,968,8.96,5.85,865,8.01,4.58,1680,15.56,19.31,0.8,0.79,0.33,0.36,30.16,135.7
2284,1900,12371246,16964963915,767,7.38,5.03,642,6.17,3.58,1372,13.19,18.06,0.8,0.79,0.34,0.37,29.35,142.16
2285,1371,9821460,13485147780,629,6.84,5.15,484,5.26,2.78,1078,11.72,15.16,0.78,0.78,0.4,0.44,34.57,124.61
2286,1244,8203875,11023171921,577,6.41,4.78,418,4.64,2.11,990,11.0,14.28,0.72,0.69,0.36,0.41,37.64,131.23
2287,1246,12042806,16172178546,609,6.34,4.46,458,4.77,2.64,999,10.41,11.91,0.73,0.71,0.4,0.42,31.84,122.62
2288,1310,11728221,15776439891,590,6.15,4.43,445,4.64,2.45,1030,10.73,13.56,0.73,0.72,0.4,0.41,37.51,121.03
2289,1541,3805349,5121210420,714,7.0,4.81,545,5.34,2.33,1204,11.8,15.03,0.75,0.73,0.39,0.42,33.11,139.33
2290,1607,168397,142841893,706,6.66,4.93,522,4.92,2.27,1226,11.57,14.98,0.76,0.73,0.42,0.46,35.87,134.88
2291,1467,66326,37639471,652,6.86,4.51,510,5.37,2.71,1108,11.66,13.56,0.79,0.78,0.4,0.44,31.62,124.96
2292,1405,927533,1225872041,651,6.71,4.52,487,5.02,2.05,1103,11.37,14.08,0.76,0.74,0.39,0.41,36.27,134.07
2293,1606,4641781,6164859186,671,6.58,5.01,499,4.89,2.34,1176,11.53,14.59,0.77,0.76,0.43,0.46,35.94,126.12
2294,1587,126393,72140634,692,7.13,5.01,524,5.4,3.3,1201,12.38,16.0,0.76,0.74,0.41,0.42,39.0,131.17
2295,1579,7974747,10541357429,659,7.01,5.03,573,6.1,5.34,1138,12.11,14.34,0.75,0.72,0.37,0.41,32.29,132.56
2296,1741,12086509,16229419568,754,7.77,5.9,689,7.1,6.42,1260,12.99,15.97,0.79,0.79,0.37,0.43,35.14,132.5
2297,1771,15376211,20424029597,698,7.84,5.6,587,6.6,4.25,1301,14.62,17.96,0.77,0.76,0.37,0.42,36.72,132.84
2298,1919,15343586,20736428173,798,7.6,5.46,737,7.02,6.76,1386,13.2,16.47,0.76,0.74,0.39,0.43,29.03,130.34
2299,2049,12070910,16126157749,872,7.79,5.37,781,6.97,4.83,1506,13.45,17.43,0.74,0.72,0.34,0.38,29.97,135.99
2300,1880,151777,161288001,777,7.47,5.28,688,6.62,4.35,1356,13.04,16.88,0.74,0.71,0.35,0.39,28.97,133.93
2301,1989,593928,685108157,819,7.8,5.52,711,6.77,3.63,1400,13.33,17.98,0.79,0.78,0.34,0.38,29.2,136.04
2302,1819,35565,13001940,769,7.61,5.34,741,7.34,4.78,1295,12.82,16.32,0.81,0.81,0.36,0.41,28.33,132.52
2303,1688,16848,2819813,730,7.85,7.1,657,7.06,7.08,1262,13.57,18.83,0.79,0.78,0.35,0.39,29.74,137.28
2304,1766,26182,13326882,745,7.3,4.77,657,6.44,3.82,1300,12.75,16.2,0.74,0.71,0.38,0.4,28.19,132.87
2305,1510,23855,8565740,621,6.9,5.34,543,6.03,4.61,1069,11.88,15.36,0.76,0.75,0.4,0.45,28.43,129.58
2306,1485,22280,3952294,665,7.0,4.95,559,5.88,3.22,1121,11.8,14.86,0.76,0.74,0.38,0.41,30.47,134.06
2307,1620,21629,8760463,683,7.51,5.33,626,6.88,5.27,1166,12.81,15.64,0.76,0.74,0.43,0.49,30.68,124.06
2308,1718,20677,2816315,738,7.53,5.19,660,6.73,4.66,1231,12.56,15.17,0.74,0.73,0.41,0.45,27.82,129.97
2309,1837,27728,9976655,761,6.92,5.04,753,6.85,8.9,1270,11.55,14.63,0.81,0.8,0.38,0.43,25.44,138.94
2310,2663,27853,4430625,735,7.28,5.26,1506,14.91,39.65,1271,12.58,16.4,0.73,0.72,0.4,0.44,28.13,136.53
2311,2183,23250,4060692,799,7.68,5.49,1069,10.28,19.99,1315,12.64,16.1,0.8,0.78,0.37,0.42,29.6,142.91
2312,1666,26281,9955328,699,7.36,5.44,567,5.97,3.98,1214,12.78,16.76,0.77,0.74,0.39,0.45,31.08,135.85
2313,1696,24230,5525743,729,7.36,5.12,597,6.03,3.42,1245,12.58,16.25,0.77,0.76,0.37,0.42,30.08,140.65
2314,1758,257809,301624164,757,8.23,5.58,605,6.58,3.32,1301,14.14,17.12,0.77,0.76,0.39,0.44,33.69,132.78
2315,1701,38773,19360387,666,6.94,5.12,568,5.92,4.69,1213,12.64,16.96,0.78,0.75,0.34,0.4,34.39,132.76
2316,1726,527703,685274707,753,7.1,5.31,600,5.66,2.84,1298,12.25,15.84,0.74,0.71,0.38,0.43,32.71,128.6
2317,1608,27402,9969456,718,7.25,5.61,569,5.75,2.93,1182,11.94,15.19,0.77,0.76,0.37,0.43,28.62,140.33
2318,1383,21102,3622248,608,6.83,4.8,430,4.83,2.33,1087,12.21,15.29,0.73,0.7,0.4,0.44,33.98,131.31
2319,1366,28640,9861744,618,6.65,4.98,444,4.77,2.36,1041,11.19,14.11,0.73,0.7,0.41,0.45,33.78,129.75
2320,1216,20611,3347102,567,5.91,4.48,398,4.15,1.81,962,10.02,13.08,0.72,0.7,0.4,0.44,34.11,131.15
2321,1197,95089,121835738,575,5.87,4.69,417,4.26,2.41,919,9.38,11.34,0.73,0.72,0.41,0.44,31.0,132.17
2322,1521,15144,2709444,676,6.44,4.99,495,4.71,2.01,1148,10.93,15.03,0.74,0.72,0.38,0.41,30.38,137.93
2323,1676,120104,70290013,798,6.94,5.36,618,5.37,2.92,1316,11.44,15.24,0.73,0.7,0.4,0.43,29.92,134.17
2324,1575,17042,2860209,683,7.11,4.92,528,5.5,2.99,1195,12.45,15.06,0.72,0.7,0.38,0.44,34.64,132.58
2325,1592,19131,8161558,690,7.42,4.92,519,5.58,2.37,1194,12.84,15.23,0.73,0.7,0.41,0.45,30.66,137.43
2326,1595,25554,17142930,708,7.7,5.28,560,6.09,3.31,1205,13.1,16.06,0.76,0.74,0.36,0.4,31.75,138.49
2327,1609,28156,13944340,704,7.57,5.35,511,5.49,2.31,1216,13.08,16.82,0.76,0.75,0.39,0.43,32.8,138.98
2328,1641,26164,14446395,662,7.04,4.93,506,5.38,2.56,1181,12.56,15.95,0.71,0.71,0.36,0.39,29.06,140.64
2329,1788,36691,24939845,783,7.46,5.22,623,5.93,3.32,1366,13.01,17.14,0.75,0.73,0.38,0.44,29.34,131.33
2330,1703,44880,38030565,733,7.64,5.41,553,5.76,2.42,1258,13.1,16.59,0.78,0.76,0.33,0.37,30.24,140.19
2331,1728,56603,45299596,741,7.88,6.27,544,5.79,2.36,1269,13.5,17.64,0.76,0.73,0.36,0.42,29.58,143.26
2332,1696,44115,36779335,719,8.17,5.79,509,5.78,2.4,1268,14.41,18.08,0.73,0.7,0.34,0.37,34.38,130.67
2333,1241,40989,39950463,495,6.43,4.62,345,4.48,1.68,947,12.3,15.45,0.72,0.7,0.39,0.42,36.1,132.13
2334,1215,24975,13553193,561,6.38,4.43,412,4.68,2.08,967,10.99,13.59,0.71,0.69,0.43,0.45,35.21,127.55
2335,1201,23273,13047399,553,5.88,4.5,425,4.52,2.63,938,9.98,12.46,0.72,0.7,0.4,0.44,35.23,123.13
2336,1094,23299,7999637,497,5.65,4.27,383,4.35,3.47,862,9.8,12.01,0.73,0.71,0.4,0.44,35.59,130.68
2337,1160,21369,11791558,555,6.45,4.85,386,4.49,2.03,940,10.93,13.31,0.71,0.7,0.36,0.39,35.71,128.42
2338,1134,35382,26509697,555,6.24,4.34,385,4.33,2.15,907,10.19,12.08,0.72,0.7,0.4,0.42,33.15,130.27
2339,1167,14537,2685665,550,5.67,4.49,412,4.25,2.91,936,9.65,12.56,0.73,0.7,0.4,0.43,30.67,135.15
2340,1694,29667,3576539,581,6.84,4.37,951,11.19,6.3,938,11.04,12.52,0.75,0.74,0.35,0.37,25.42,107.43
2341,1367,21368,4044066,633,6.53,4.48,496,5.11,2.89,1035,10.67,13.06,0.75,0.74,0.39,0.44,31.46,135.95
2342,1555,32314,24694328,721,6.68,4.94,554,5.13,2.3,1205,11.16,14.59,0.7,0.68,0.4,0.45,31.07,133.0
2343,1276,23522,10937315,553,6.66,4.91,382,4.6,1.95,1013,12.2,15.53,0.7,0.68,0.38,0.4,37.47,130.13
2344,1354,50519,19616065,584,6.35,4.47,439,4.77,1.96,1032,11.22,13.85,0.71,0.68,0.37,0.41,31.74,133.29
2345,1503,45576,9996728,674,6.67,4.73,524,5.19,2.43,1159,11.48,13.95,0.75,0.73,0.39,0.42,29.56,134.74
2346,1464,20088,7276136,671,6.85,4.97,528,5.39,2.57,1151,11.74,15.11,0.74,0.72,0.36,0.4,31.55,139.53
2347,1401,32867,22567142,657,7.06,5.38,487,5.24,2.42,1023,11.0,13.73,0.76,0.74,0.36,0.4,26.62,139.7
2348,1176,35556,26997781,616,6.55,4.17,488,5.19,2.17,836,8.89,8.08,0.78,0.77,0.42,0.46,27.04,144.43
2349,1348,19029,11636801,608,5.96,4.67,509,4.99,3.15,985,9.66,12.41,0.74,0.72,0.41,0.45,25.75,148.06
2350,1157,21971,8115376,555,6.1,4.82,373,4.1,1.8,929,10.21,13.2,0.72,0.7,0.47,0.51,40.59,129.16
2351,1246,12191,1720964,558,6.2,4.75,415,4.61,2.07,976,10.84,13.85,0.69,0.68,0.38,0.4,33.59,138.01
2352,1476,21959,7751341,697,7.41,5.76,527,5.61,3.04,1172,12.47,16.0,0.72,0.72,0.38,0.41,32.53,128.83
2353,1307,15089,1937433,607,6.98,5.08,429,4.93,1.95,1053,12.1,15.5,0.72,0.7,0.42,0.45,31.33,132.74
2354,1217,39601,32064336,591,6.49,4.63,417,4.58,2.39,980,10.77,13.48,0.76,0.74,0.36,0.38,32.52,139.53
2355,1178,13235,2299274,558,6.27,4.52,422,4.74,2.36,945,10.62,13.28,0.75,0.74,0.39,0.41,29.9,138.69
2356,1055,118811,11143431,520,6.19,4.66,372,4.43,2.13,865,10.3,12.49,0.71,0.7,0.43,0.44,31.61,131.32
2357,969,98522,96875593,475,5.4,4.42,330,3.75,1.56,803,9.12,11.98,0.71,0.69,0.4,0.44,36.61,122.22
2358,973,15758,6810268,469,6.09,4.19,344,4.47,2.31,793,10.3,11.48,0.7,0.68,0.43,0.45,37.69,120.64
2359,902,12911,6277737,425,5.06,3.74,319,3.8,2.02,729,8.68,10.88,0.66,0.65,0.43,0.45,35.17,123.26
2360,801,366233,445604958,415,5.0,3.53,293,3.53,1.63,671,8.08,9.47,0.72,0.71,0.46,0.5,30.04,124.62
2361,1017,1825831,2498986281,497,5.78,4.25,349,4.06,1.84,819,9.52,11.04,0.74,0.73,0.42,0.46,41.79,127.39
2362,965,15540,6467579,509,5.72,4.32,360,4.04,2.53,790,8.88,10.23,0.72,0.7,0.44,0.47,38.03,127.79
2363,896,923861,1260769138,460,5.82,3.92,340,4.3,2.21,736,9.32,10.38,0.72,0.72,0.44,0.47,46.3,118.82
2364,1062,24244,7079127,511,6.23,4.16,378,4.61,2.5,840,10.24,10.61,0.74,0.74,0.45,0.48,43.3,124.95
2365,1166,952041,1296956412,574,6.45,4.39,418,4.7,2.83,918,10.31,11.08,0.73,0.71,0.42,0.46,38.77,124.32
2366,1029,17678,9628723,524,5.89,4.34,385,4.33,2.83,828,9.3,10.77,0.74,0.74,0.43,0.45,37.39,119.37
2367,1126,23104,16048431,572,5.4,3.78,476,4.49,2.69,905,8.54,10.7,0.7,0.69,0.43,0.47,32.95,127.85
2368,1090,26507,7794276,520,5.36,3.91,391,4.03,2.21,836,8.62,10.62,0.67,0.66,0.45,0.47,35.95,128.43
2369,1205,15917,3079132,581,5.93,4.55,462,4.71,2.86,923,9.42,11.35,0.71,0.7,0.43,0.45,36.69,126.8
2370,1102,15482,5375183,537,5.9,4.47,390,4.29,2.23,882,9.69,11.42,0.66,0.65,0.43,0.45,37.18,123.12
2371,1153,48015,46441332,603,5.8,4.24,461,4.43,2.4,951,9.14,10.87,0.74,0.72,0.42,0.47,36.34,132.39
2372,1126,36412,24730566,571,5.95,4.75,408,4.25,2.04,914,9.52,11.77,0.68,0.66,0.41,0.43,32.68,132.62
2373,1192,26339,8472099,615,5.86,4.29,456,4.34,2.14,983,9.36,11.37,0.72,0.7,0.41,0.43,36.02,131.52
2374,1180,32641,20114335,555,6.31,4.5,425,4.83,2.72,919,10.44,12.59,0.75,0.75,0.42,0.45,35.74,135.94
2375,1301,16550,2921282,600,7.06,4.78,440,5.18,2.25,1002,11.79,13.72,0.72,0.7,0.38,0.42,35.16,131.9
2376,1261,20146,7158228,575,6.76,4.55,426,5.01,2.32,988,11.62,13.67,0.73,0.72,0.41,0.44,34.91,134.86
2377,1310,11414,2013177,593,6.18,4.6,475,4.95,2.53,1030,10.73,14.36,0.76,0.74,0.43,0.47,33.26,138.09
2378,1225,43108,40351759,569,6.94,5.15,410,5.0,2.17,1011,12.33,16.25,0.74,0.73,0.43,0.47,32.38,133.42
2379,1273,24258,13908430,572,6.65,5.17,406,4.72,1.99,1007,11.71,14.86,0.72,0.7,0.4,0.43,36.32,138.31
2380,1218,13570,2167515,541,6.36,4.73,402,4.73,1.93,969,11.4,14.29,0.72,0.71,0.45,0.48,37.84,128.78
2381,980,13652,2321062,486,6.08,4.2,362,4.53,2.15,811,10.14,11.95,0.7,0.69,0.44,0.48,42.73,127.06
2382,994,3504978,4780765702,437,5.27,3.63,344,4.14,2.37,781,9.41,11.34,0.67,0.67,0.47,0.51,37.74,123.74
2383,971,12102084,16583677154,413,5.29,4.21,308,3.95,2.19,763,9.78,12.24,0.72,0.71,0.43,0.48,42.14,121.85
2384,979,6312472,8652079282,493,5.87,3.61,398,4.74,3.45,789,9.39,10.36,0.72,0.71,0.43,0.46,39.78,126.15
2385,1083,7267320,10031799793,558,6.07,3.85,467,5.08,3.21,892,9.7,10.47,0.75,0.74,0.4,0.45,39.76,125.8
2386,1137,5315274,6806556002,492,5.41,3.89,402,4.42,2.13,877,9.64,12.16,0.72,0.7,0.45,0.48,38.5,122.21
2387,1240,4493159,5960930394,552,6.0,3.89,472,5.13,3.24,922,10.02,11.7,0.74,0.72,0.38,0.43,40.48,127.31
2388,1184,8288745,10263913008,527,5.79,4.48,427,4.69,3.16,888,9.76,11.81,0.76,0.75,0.45,0.49,36.3,117.66
2389,1257,6490011,8800026419,541,5.82,4.27,443,4.76,3.38,937,10.08,11.91,0.73,0.71,0.39,0.42,40.82,119.27
2390,1010,7913520,10435840403,453,5.39,3.78,346,4.12,2.71,786,9.36,11.19,0.73,0.72,0.48,0.5,41.57,113.77
2391,1228,7006646,8524160081,532,5.6,4.33,407,4.28,2.46,928,9.77,12.65,0.75,0.73,0.46,0.49,44.92,123.17
2392,1213,18105513,21840771477,576,5.94,4.43,465,4.79,2.82,947,9.76,11.27,0.7,0.69,0.42,0.44,33.66,113.14
2393,1148,5920951,7724586616,540,5.4,4.16,388,3.88,2.03,922,9.22,12.11,0.73,0.71,0.47,0.51,37.18,120.65
2394,1235,8919094,11180883129,561,5.67,4.46,394,3.98,2.12,977,9.87,12.98,0.68,0.66,0.47,0.49,34.57,131.47
2395,1219,6984976,8584902537,546,5.93,4.05,455,4.95,2.5,934,10.15,12.27,0.76,0.75,0.41,0.43,37.56,119.26
2396,1217,9906519,13230181784,524,6.31,4.8,368,4.43,1.91,960,11.57,14.96,0.71,0.7,0.45,0.47,42.7,140.82
2397,1517,11675113,14861433284,650,7.07,5.23,480,5.22,2.46,1169,12.71,17.32,0.77,0.76,0.41,0.44,36.28,129.32
2398,2057,460281,75471658,817,7.64,6.1,633,5.92,3.16,1525,14.25,21.39,0.75,0.74,0.43,0.47,27.78,138.72
2399,2034,30482,16664793,779,7.64,5.95,596,5.84,2.77,1452,14.24,21.0,0.74,0.72,0.41,0.43,29.92,128.7
2400,2003,28950,13447757,792,8.25,6.16,586,6.1,2.95,1470,15.31,21.66,0.75,0.73,0.42,0.44,33.46,136.81
2401,1641,22100,4594814,692,7.13,5.24,491,5.06,2.19,1248,12.87,17.28,0.74,0.73,0.44,0.48,29.08,131.86
2402,1782,18910,5863861,776,7.84,5.64,577,5.83,2.47,1348,13.62,18.35,0.71,0.68,0.4,0.42,27.06,128.08
2403,1614,36083,8948416,689,7.25,5.9,498,5.24,2.54,1266,13.33,19.13,0.74,0.72,0.42,0.46,29.91,140.82
2404,1967,21383,2399675,714,6.87,4.9,947,9.11,31.37,1253,12.05,15.91,0.71,0.71,0.44,0.47,26.12,132.92
2405,1196,17829,5638753,530,5.7,4.42,390,4.19,1.96,926,9.96,12.99,0.71,0.71,0.43,0.44,31.8,132.87
2406,1078,20995,2961007,481,5.66,3.94,396,4.66,3.32,785,9.24,10.61,0.73,0.72,0.46,0.49,36.91,117.94
2407,1120,25588,3423533,531,6.1,4.57,395,4.54,2.94,859,9.87,11.43,0.76,0.75,0.45,0.48,39.94,120.69
2408,1149,314976,417327760,574,6.11,4.2,453,4.82,2.44,862,9.17,10.11,0.76,0.75,0.4,0.45,33.11,126.82
2409,1185,44029,24254032,554,5.89,4.09,445,4.73,3.05,885,9.41,10.9,0.75,0.74,0.42,0.46,35.98,129.02
2410,1102,1074338,1445900716,569,5.75,4.7,436,4.4,2.56,871,8.8,10.58,0.73,0.71,0.44,0.47,36.82,127.33
2411,985,29140,13060104,474,4.94,4.05,339,3.53,1.84,779,8.11,10.21,0.72,0.71,0.47,0.49,40.61,121.65
2412,948,42483,13992673,451,4.56,3.16,405,4.09,3.19,706,7.13,7.87,0.72,0.7,0.46,0.51,42.9,110.28
2413,915,18765,12905559,437,5.08,3.94,302,3.51,1.69,720,8.37,10.3,0.67,0.64,0.48,0.5,40.55,123.67
2414,891,47427,40517935,438,5.15,4.13,286,3.36,1.65,699,8.22,9.63,0.66,0.64,0.48,0.5,41.4,114.26
2415,955,1126232,1668624153,461,5.24,4.03,310,3.52,1.87,749,8.51,10.0,0.68,0.67,0.5,0.51,41.44,118.12
2416,876,17999,4841905,391,5.14,4.1,314,4.13,3.98,645,8.49,9.54,0.68,0.67,0.49,0.51,55.47,114.87
2417,920,133156,101122922,458,5.26,4.32,300,3.45,1.83,724,8.32,10.3,0.68,0.67,0.46,0.51,40.07,118.65
2418,1113,23385,12166756,499,5.61,4.26,409,4.6,3.34,844,9.48,11.32,0.71,0.7,0.47,0.48,39.32,116.44
2419,1206,1677098,1936407994,570,5.59,3.94,443,4.34,2.34,937,9.19,11.09,0.68,0.64,0.43,0.47,32.77,118.57
2420,1454,17557,3981420,642,6.17,4.84,531,5.11,3.41,1066,10.25,12.71,0.74,0.73,0.46,0.47,33.03,116.42
2421,1380,1498929,1694524813,628,6.61,5.05,462,4.86,2.49,1054,11.09,14.29,0.73,0.71,0.4,0.42,36.0,123.33
2422,1484,2171534,2901927304,660,6.29,5.0,498,4.74,2.78,1114,10.61,14.04,0.72,0.72,0.47,0.51,29.9,116.83
2423,1381,308868,411933123,627,6.53,4.76,462,4.81,2.19,1074,11.19,14.23,0.72,0.71,0.47,0.51,35.44,122.82
2424,1414,433223,323638691,625,6.51,5.22,472,4.92,2.84,1072,11.17,14.15,0.71,0.69,0.46,0.51,41.8,114.04
2425,1776,38993,32483244,655,6.18,4.63,811,7.65,23.99,1388,13.09,24.51,0.74,0.72,0.43,0.48,24.9,131.21
2426,1510,18036,5035353,688,7.02,5.59,524,5.35,3.03,1172,11.96,15.83,0.71,0.69,0.43,0.45,28.31,128.68
2427,1502,31593,20710123,676,7.43,5.22,497,5.46,3.05,1140,12.53,15.32,0.74,0.73,0.43,0.46,33.93,123.24
2428,1262,15353,3448647,580,6.3,4.53,448,4.87,2.59,967,10.51,13.02,0.68,0.67,0.42,0.45,32.69,114.83
2429,956,9062,1552398,445,5.3,4.27,307,3.65,1.85,767,9.13,11.48,0.7,0.7,0.51,0.53,34.12,120.2
2430,1005,257235,329322763,458,5.52,4.03,349,4.2,2.66,776,9.35,10.5,0.65,0.65,0.48,0.5,41.09,106.08
2431,963,26525,20408727,506,5.11,4.08,363,3.67,1.86,810,8.18,10.26,0.72,0.71,0.45,0.47,35.27,110.58
2432,808,9694232,10631679618,404,4.49,3.12,289,3.21,1.38,666,7.4,8.63,0.69,0.69,0.45,0.48,41.21,112.63
2433,671,11793357,14238650927,333,4.56,3.5,211,2.89,1.51,524,7.18,7.44,0.67,0.67,0.45,0.46,51.73,97.79
2434,830,42947,12681888,419,4.99,3.84,285,3.39,1.74,675,8.04,9.87,0.68,0.67,0.49,0.51,43.78,108.37
2435,1056,189262,214693291,533,5.55,4.45,362,3.77,2.04,860,8.96,11.17,0.7,0.68,0.49,0.52,42.66,122.87
2436,876,41504,35341442,402,5.29,3.75,270,3.55,1.53,706,9.29,11.5,0.7,0.69,0.44,0.46,44.68,113.9
2437,1184,94437,70472891,547,5.64,4.67,400,4.12,2.02,914,9.42,11.89,0.73,0.71,0.48,0.53,40.72,126.26
2438,1049,26967,17519145,512,5.75,4.36,362,4.07,1.87,839,9.43,10.91,0.75,0.73,0.45,0.47,39.02,132.65
2439,1129,6934468,8663212260,532,5.91,4.38,398,4.42,2.11,886,9.84,11.58,0.69,0.67,0.43,0.46,46.37,115.57
2440,1133,418377,499133070,539,5.73,4.35,387,4.12,2.06,880,9.36,11.27,0.72,0.71,0.46,0.51,42.5,126.87
2441,1127,58554,46671402,567,5.97,4.4,407,4.28,1.85,897,9.44,11.39,0.73,0.71,0.42,0.45,40.7,122.53
2442,1245,29617,5829386,576,5.76,4.19,440,4.4,2.57,972,9.72,12.14,0.71,0.69,0.43,0.46,38.52,123.37
2443,1187,40705,24385942,545,6.06,4.56,404,4.49,2.94,897,9.97,12.05,0.72,0.71,0.48,0.51,46.01,112.31
2444,1275,51115,37335473,589,5.83,4.39,424,4.2,2.01,988,9.78,12.96,0.7,0.69,0.42,0.44,41.34,124.25
2445,1469,27971,10874561,620,6.67,5.0,458,4.92,2.31,1107,11.9,15.44,0.73,0.72,0.4,0.43,36.66,121.64
2446,1649,1052913,1282497465,674,7.02,5.59,539,5.61,3.85,1187,12.36,16.83,0.78,0.76,0.38,0.42,40.14,132.2
2447,1479,24734,7349348,657,6.84,5.36,507,5.28,2.48,1121,11.68,15.22,0.74,0.73,0.42,0.45,34.86,126.9
2448,1732,22421,3907799,695,7.47,5.71,553,5.95,3.31,1213,13.04,16.61,0.72,0.71,0.41,0.44,34.01,136.6
2449,1518,18589,3070042,679,7.38,5.07,502,5.46,2.73,1131,12.29,14.77,0.75,0.73,0.42,0.45,32.26,123.52
2450,1477,20156,4424200,642,7.13,4.99,462,5.13,2.23,1088,12.09,15.08,0.77,0.77,0.43,0.47,36.35,120.67
2451,1152,20636,7430103,533,5.73,4.48,382,4.11,2.18,892,9.59,12.18,0.74,0.74,0.48,0.5,28.43,117.41
2452,1091,29388,15221989,577,5.83,4.54,423,4.27,2.39,871,8.8,9.93,0.72,0.7,0.44,0.47,34.42,113.57
2453,1081,23722,11875563,486,5.93,4.96,328,4.0,2.21,837,10.21,12.46,0.66,0.64,0.42,0.46,37.28,114.2
2454,1025,1706779,2458485231,498,5.3,4.18,365,3.88,2.53,799,8.5,9.97,0.62,0.61,0.46,0.49,35.44,114.71
2455,956,551441,778156962,491,5.11,4.01,346,3.6,1.67,758,7.9,9.16,0.7,0.69,0.43,0.44,37.93,121.8
2456,968,26283,8838002,525,5.3,3.93,368,3.72,1.88,783,7.91,9.03,0.7,0.68,0.47,0.5,38.64,113.69
2457,879,2345833,159932273,444,5.22,3.94,327,3.85,1.93,703,8.27,9.02,0.68,0.67,0.47,0.51,46.18,113.8
2458,819,2254893,2973010487,369,5.12,3.18,354,4.92,1.87,609,8.46,8.12,0.75,0.76,0.44,0.44,45.65,145.47
2459,894,11744,2882397,383,5.18,3.36,378,5.11,2.12,667,9.01,8.18,0.74,0.73,0.48,0.52,36.0,151.24
2460,1284,25999,4730444,520,5.71,3.89,582,6.4,3.86,935,10.27,11.08,0.77,0.76,0.44,0.48,33.62,156.71
2461,1213,69972,72680197,482,5.54,3.57,519,5.97,2.19,867,9.97,9.58,0.78,0.78,0.43,0.47,32.54,154.5
2462,1298,18044,3138173,534,5.93,4.23,577,6.41,2.09,952,10.58,10.62,0.78,0.76,0.4,0.44,33.62,160.18
2463,1292,17556,5007310,518,5.51,3.54,562,5.98,2.29,958,10.19,10.94,0.77,0.77,0.41,0.44,31.25,156.21
2464,1253,6361027,7501236689,513,5.46,3.7,575,6.12,3.96,916,9.74,10.76,0.79,0.77,0.4,0.42,31.53,159.47
2465,1261,8860974,8852705986,513,5.46,3.67,548,5.83,2.23,955,10.16,10.82,0.76,0.74,0.41,0.43,29.9,160.76
2466,1190,30050,24848957,506,5.88,3.94,527,6.13,2.19,905,10.52,10.74,0.75,0.73,0.4,0.43,32.14,158.6
2467,1342,20586,7812931,510,6.07,4.27,543,6.46,2.7,985,11.73,12.81,0.77,0.76,0.42,0.46,30.75,161.62
2468,1501,14090,1717717,572,6.29,3.88,646,7.1,2.4,1077,11.84,11.85,0.75,0.75,0.46,0.51,28.66,158.6
2469,1583,50051,29203718,603,6.7,4.31,691,7.68,5.24,1113,12.37,13.01,0.78,0.76,0.38,0.43,24.48,161.84
2470,1459,39500,29139532,571,6.34,4.38,598,6.64,2.15,1104,12.27,13.17,0.76,0.75,0.4,0.45,28.08,165.47
2471,1418,17494,2957917,583,6.62,4.41,647,7.35,5.93,1067,12.12,13.18,0.8,0.79,0.34,0.37,29.09,163.71
2472,1280,10995,1242131,514,6.05,4.01,612,7.2,5.1,959,11.28,11.58,0.76,0.74,0.33,0.37,26.69,159.45
2473,1284,18977,5766329,502,6.78,4.81,480,6.49,2.36,958,12.95,14.0,0.76,0.76,0.43,0.47,32.56,152.19
2474,1265,15283,5109397,494,6.5,4.51,486,6.39,2.15,938,12.34,13.33,0.73,0.73,0.42,0.47,35.42,153.84
2475,819,10882,2883266,388,5.24,3.38,374,5.05,1.75,646,8.73,8.53,0.77,0.76,0.38,0.42,31.56,157.95
2476,904,8323,1434817,378,5.48,4.04,364,5.28,2.27,695,10.07,10.73,0.73,0.72,0.43,0.47,31.63,156.24
2477,1285,15337,7224999,500,5.88,3.97,553,6.51,3.49,911,10.72,11.62,0.77,0.76,0.42,0.44,28.27,156.91
2478,1396,17693,2248307,537,5.9,4.12,688,7.56,6.04,963,10.58,11.05,0.78,0.78,0.43,0.47,28.99,156.66
2479,1388,20278,8501092,542,6.09,4.19,652,7.33,6.32,987,11.09,11.98,0.77,0.75,0.37,0.41,28.36,155.78
2480,1360,114521,137365229,568,6.6,4.41,645,7.5,6.98,1011,11.76,13.54,0.8,0.79,0.36,0.37,27.19,153.26
2481,1386,22941,9268295,590,6.08,4.17,694,7.15,5.44,1010,10.41,10.83,0.79,0.78,0.41,0.43,23.4,153.37
2482,1264,19026,3272045,548,5.83,4.05,587,6.24,3.02,952,10.13,10.57,0.77,0.76,0.39,0.42,29.63,155.74
2483,1272,11038,2186062,512,6.24,4.15,523,6.38,2.02,974,11.88,12.97,0.79,0.78,0.44,0.46,33.04,161.86
2484,1015,19523,7747285,475,6.33,3.88,436,5.81,1.92,847,11.29,11.83,0.78,0.77,0.38,0.43,38.37,157.6
2485,988,27597,22522012,485,6.22,3.8,445,5.71,2.03,796,10.21,9.69,0.76,0.75,0.38,0.41,31.09,163.19
2486,1244,12237,6284726,533,5.99,3.83,572,6.43,2.43,921,10.35,10.29,0.74,0.73,0.43,0.46,29.72,155.62
2487,1205,10671,2031076,512,5.89,3.51,530,6.09,2.47,905,10.4,10.53,0.76,0.75,0.43,0.45,32.33,158.25
2488,1042,14427,2562309,479,5.38,3.27,477,5.36,1.62,819,9.2,9.5,0.72,0.71,0.41,0.45,31.21,156.04
2489,1107,17933,2503769,570,6.26,4.37,434,4.77,1.99,891,9.79,11.42,0.72,0.71,0.4,0.43,34.48,144.84
2490,1280,310233,293840820,562,5.98,3.38,570,6.06,2.23,963,10.24,9.34,0.77,0.76,0.43,0.47,30.66,166.29
2491,1512,1279264,1379945382,611,6.23,3.69,638,6.51,3.5,1096,11.18,12.04,0.75,0.73,0.42,0.46,30.0,161.73
2492,1503,6139896,7706146272,664,6.21,3.85,668,6.24,2.19,1128,10.54,11.08,0.77,0.76,0.41,0.43,27.83,161.26
2493,1505,1157107,57324139,641,6.68,4.02,660,6.88,2.11,1095,11.41,11.33,0.76,0.75,0.4,0.44,24.7,168.91
2494,1577,29839,22495506,615,6.83,4.38,629,6.99,2.49,1140,12.67,13.26,0.75,0.74,0.43,0.48,25.7,164.83
2495,1606,15546,2861532,638,6.51,3.9,652,6.65,2.48,1159,11.83,13.16,0.77,0.76,0.41,0.43,25.2,161.83
2496,1494,19200,6349049,604,7.37,4.61,583,7.11,2.67,1104,13.46,14.03,0.78,0.78,0.4,0.43,28.12,155.53
2497,1647,16636,6563307,660,7.17,4.68,655,7.12,2.28,1212,13.17,14.56,0.76,0.76,0.38,0.4,26.95,161.08
2498,1376,41938,38822985,544,6.55,4.17,596,7.18,3.82,948,11.42,11.53,0.76,0.76,0.36,0.38,27.15,155.08
2499,1478,16203,8060385,604,6.86,4.33,615,6.99,2.86,1073,12.19,13.57,0.78,0.77,0.37,0.41,25.22,157.1
2500,1341,8951,1313432,556,6.39,3.94,560,6.44,2.16,1012,11.63,11.94,0.79,0.79,0.39,0.41,23.97,158.66
2501,1383,12808,1800558,559,7.17,4.59,514,6.59,2.36,1041,13.35,13.96,0.76,0.74,0.4,0.41,31.95,157.84
2502,1524,22568,12480971,634,6.67,4.2,650,6.84,2.67,1151,12.12,13.26,0.79,0.77,0.37,0.4,25.67,156.42
2503,1603,40127,15295390,678,6.78,4.34,681,6.81,2.77,1207,12.07,13.51,0.79,0.78,0.38,0.43,27.44,161.63
2504,1126,184002,12672014,540,6.07,3.95,492,5.53,2.02,929,10.44,10.96,0.78,0.76,0.38,0.43,29.73,159.8
2505,1333,4220796,6009838267,611,6.23,3.87,599,6.11,2.5,1019,10.4,9.99,0.75,0.74,0.35,0.39,26.74,160.48
2506,1514,385657,511776755,631,6.37,3.94,667,6.74,2.46,1115,11.26,11.32,0.75,0.74,0.42,0.44,25.49,161.49
2507,1381,340838,310758720,550,5.85,3.67,580,6.17,2.38,1011,10.76,11.57,0.74,0.72,0.39,0.43,27.08,161.67
2508,1189,19227,8202327,500,6.1,4.22,507,6.18,2.36,885,10.79,10.98,0.69,0.67,0.43,0.45,30.06,155.57
2509,1105,25753,12420703,456,5.36,3.52,511,6.01,2.66,815,9.59,10.12,0.75,0.74,0.43,0.46,30.67,151.75
2510,924,505401,635255698,407,4.9,3.16,442,5.33,2.18,724,8.72,8.41,0.75,0.72,0.4,0.42,30.37,158.11
2511,965,15313,7186871,436,5.89,3.56,447,6.04,2.49,736,9.95,8.89,0.73,0.72,0.47,0.48,35.04,149.43
2512,900,12905,6412220,371,5.3,3.51,389,5.56,2.61,671,9.59,9.33,0.76,0.75,0.42,0.46,31.45,147.79
2513,944,285764,357658412,411,5.01,3.61,432,5.27,1.89,737,8.99,9.13,0.77,0.76,0.41,0.46,28.91,164.57
2514,1105,13798,2560946,486,5.72,3.9,514,6.05,2.31,862,10.14,10.44,0.77,0.78,0.47,0.49,34.74,160.78
2515,1295,16486,5092359,503,5.78,4.29,535,6.15,2.19,977,11.23,12.95,0.76,0.75,0.45,0.48,28.94,161.55
2516,1316,2537251,116620230,530,6.02,3.45,551,6.26,2.07,988,11.23,12.0,0.72,0.73,0.44,0.45,30.19,158.24
2517,1541,17849,2831325,571,6.21,3.85,644,7.0,2.43,1127,12.25,13.13,0.71,0.7,0.46,0.48,28.26,162.12
2518,1555,36280,31270138,593,6.74,4.1,636,7.23,2.59,1139,12.94,14.12,0.78,0.77,0.39,0.4,29.89,156.74
2519,1327,13428,6567652,533,6.27,4.12,546,6.42,2.21,972,11.44,12.2,0.71,0.7,0.45,0.47,30.4,164.4
2520,1053,10231,1729044,446,5.44,3.8,439,5.35,2.12,788,9.61,10.37,0.72,0.71,0.49,0.52,30.71,154.28
2521,1143,10149,1711410,471,6.28,4.56,433,5.77,1.94,890,11.87,13.5,0.77,0.76,0.39,0.42,30.86,153.78
2522,1245,13304,2396170,540,6.35,4.05,509,5.99,2.1,1029,12.11,14.23,0.76,0.75,0.38,0.41,29.13,161.29
2523,1124,15691,3512032,487,5.87,3.68,427,5.14,2.12,911,10.98,12.78,0.72,0.71,0.43,0.46,29.06,151.53
2524,1342,20231,5845409,507,6.11,3.88,575,6.93,9.76,956,11.52,13.42,0.72,0.71,0.45,0.49,27.23,152.95
2525,1144,21120,8057975,416,5.7,3.39,556,7.62,23.01,762,10.44,11.94,0.73,0.72,0.44,0.46,39.29,141.24
2526,986,3072424,3391140855,483,5.55,3.85,433,4.98,2.42,772,8.87,10.17,0.75,0.75,0.45,0.44,34.2,137.38
2527,853,1884497,2719065418,430,5.58,3.82,335,4.35,2.1,685,8.9,9.5,0.72,0.72,0.43,0.44,35.23,128.79
2528,976,12775849,14591030806,494,4.89,3.86,348,3.45,1.94,797,7.89,10.66,0.66,0.66,0.51,0.54,39.34,95.28
2529,1018,1081018,812939950,498,5.6,4.32,340,3.82,1.79,816,9.17,11.32,0.7,0.68,0.46,0.48,49.12,113.41
2530,1004,3860834,4038984483,503,5.53,4.27,352,3.87,1.85,808,8.88,10.75,0.75,0.75,0.47,0.49,52.66,119.93
2531,1108,7666096,4416648892,539,5.5,4.01,388,3.96,1.84,876,8.94,10.52,0.74,0.72,0.43,0.44,46.42,113.57
2532,1054,6852333,6923763209,502,5.64,4.12,355,3.99,2.05,859,9.65,12.18,0.72,0.72,0.46,0.49,38.98,120.87
2533,1222,4576517,4240800455,547,5.31,4.11,403,3.91,1.77,914,8.87,11.54,0.73,0.71,0.48,0.51,37.61,123.86
2534,1165,4574462,4690203403,563,5.86,4.67,408,4.25,2.19,924,9.62,12.0,0.7,0.68,0.46,0.48,37.78,121.55
2535,1318,15665741,21158482991,620,6.46,4.89,437,4.55,2.28,1031,10.74,13.59,0.73,0.71,0.46,0.5,37.77,117.7
2536,1296,5299755,7056665909,582,5.94,4.77,452,4.61,2.86,1001,10.21,13.82,0.68,0.67,0.45,0.5,39.87,117.77
2537,1547,5529511,7398500997,689,6.44,4.85,553,5.17,3.63,1198,11.2,14.97,0.7,0.68,0.45,0.49,34.74,119.24
2538,1407,20713045,21414053834,630,5.78,4.41,448,4.11,2.07,1077,9.88,13.72,0.65,0.64,0.48,0.51,42.93,124.49
2539,1387,17765312,20113540394,595,5.46,4.72,403,3.7,1.74,1112,10.2,16.22,0.7,0.69,0.46,0.5,41.25,120.44
2540,1562,5463247,7550609295,685,6.34,4.7,525,4.86,2.8,1205,11.16,15.19,0.67,0.65,0.47,0.49,34.8,126.81
2541,1690,5730665,6492686865,705,6.24,4.89,505,4.47,2.41,1315,11.64,18.05,0.74,0.73,0.47,0.49,31.36,122.37
2542,1827,15472061,17468838333,744,6.41,5.14,626,5.4,5.44,1375,11.85,18.51,0.76,0.75,0.46,0.48,30.51,128.95
2543,1850,12977519,11981486732,794,7.15,5.24,640,5.77,3.23,1389,12.51,17.45,0.78,0.77,0.45,0.46,31.96,127.1
2544,1616,12626110,11676185043,654,7.03,5.59,489,5.26,3.16,1236,13.29,18.18,0.73,0.71,0.45,0.49,36.34,126.55
2545,930,17233,7190175,407,5.09,3.86,270,3.38,1.61,758,9.48,12.14,0.7,0.69,0.43,0.45,39.65,117.88
2546,1106,6421637,5860000279,476,6.03,4.76,306,3.87,1.87,895,11.33,15.45,0.73,0.72,0.47,0.5,41.88,119.24
2547,1137,5070001,5760013949,466,5.48,4.67,316,3.72,2.03,882,10.38,15.24,0.72,0.71,0.46,0.49,33.38,117.39
2548,1239,16954,6847933,524,5.89,4.82,363,4.08,2.19,988,11.1,15.85,0.76,0.76,0.44,0.47,40.07,121.97
2549,1118,38060,30609470,514,5.98,4.72,328,3.81,1.61,910,10.58,14.24,0.74,0.73,0.49,0.52,42.51,122.76
2550,1128,6527204,9432512368,488,5.14,4.53,334,3.52,2.27,887,9.34,13.53,0.7,0.69,0.5,0.51,40.02,120.05
2551,1050,268383,334655643,479,5.44,5.04,296,3.36,2.0,839,9.53,13.1,0.68,0.68,0.5,0.52,36.01,103.91
2552,931,40614,6628845,405,5.62,4.44,265,3.68,1.88,739,10.26,13.03,0.73,0.74,0.5,0.52,47.63,103.45
2553,1044,3576513,2606465366,475,5.34,4.54,299,3.36,1.87,849,9.54,12.57,0.72,0.72,0.46,0.48,43.24,110.97
2554,928,3664449,1873286190,447,4.86,3.92,329,3.58,3.31,750,8.15,10.98,0.7,0.69,0.48,0.52,43.74,117.13
2555,897,7804099,8926566795,424,5.05,3.65,294,3.5,1.91,728,8.67,9.94,0.7,0.7,0.5,0.53,41.39,110.43
2556,1184,8766651,11780583135,523,5.51,4.36,360,3.79,1.84,940,9.89,13.02,0.73,0.73,0.45,0.48,41.57,123.81
2557,1360,11454966,14491863563,577,5.89,4.46,463,4.72,2.99,1020,10.41,13.52,0.74,0.73,0.47,0.5,38.03,113.22
2558,1270,4588812,3079561355,566,5.24,4.16,414,3.83,2.14,1036,9.59,13.63,0.75,0.74,0.51,0.54,41.73,116.46
2559,1408,8824637,8463104705,566,5.78,4.56,410,4.18,2.27,1084,11.06,15.96,0.76,0.76,0.47,0.49,43.3,118.93
2560,2826,5318013,3760090129,983,9.27,29.67,506,4.77,3.09,2122,20.02,86.72,0.75,0.75,0.44,0.48,39.38,120.11
2561,47274,7343885,5593351391,5402,48.23,203.54,576,5.14,2.77,29473,263.15,1267.47,0.79,0.78,0.41,0.45,37.28,121.52
2562,59091,5812364,4778258361,6832,63.26,239.67,516,4.78,2.52,37454,346.8,1407.39,0.75,0.74,0.47,0.52,37.66,122.81
2563,66418,10888802,10172720160,7268,71.96,262.44,726,7.19,14.3,41537,411.26,1600.54,0.77,0.76,0.46,0.51,44.29,113.54
2564,61576,10527453,9186653589,6854,65.28,241.58,548,5.22,3.02,37920,361.14,1431.47,0.75,0.72,0.44,0.49,42.88,125.36
2565,57336,24129999,26463053924,6913,64.61,241.11,589,5.5,3.67,36139,337.75,1349.11,0.75,0.72,0.45,0.49,35.99,119.68
2566,59666,32971558,34528318595,7053,64.12,241.77,637,5.79,3.71,36836,334.87,1349.77,0.74,0.72,0.41,0.45,30.11,120.51
2567,56958,22817840,20216883095,6756,64.96,238.06,583,5.61,3.21,34678,333.44,1305.1,0.75,0.74,0.44,0.48,31.23,128.23
2568,43841,16183364,17733325207,5930,63.09,223.34,430,4.57,2.43,28472,302.89,1139.85,0.75,0.74,0.46,0.5,39.16,130.43
2569,38766,6457999,6727413123,5631,64.72,218.58,387,4.45,2.82,25838,296.99,1060.06,0.71,0.7,0.43,0.48,35.38,123.61
2570,41023,3480130,1786614163,5764,61.98,216.72,456,4.9,2.92,27177,292.23,1078.46,0.73,0.71,0.43,0.47,34.46,112.87
2571,39652,7400545,7134085139,5656,60.82,211.6,485,5.22,3.12,26394,283.81,1046.79,0.72,0.71,0.43,0.47,29.62,117.14
2572,35143,6431601,6120209734,5238,64.67,211.84,349,4.31,2.49,23849,294.43,1013.55,0.72,0.71,0.42,0.46,38.82,116.11
2573,32892,8774647,8689150510,5039,64.6,209.28,304,3.9,2.83,22751,291.68,986.03,0.71,0.69,0.47,0.5,38.75,119.11
2574,29602,10756102,12392075956,4810,54.04,186.29,480,5.39,7.2,20678,232.34,839.63,0.69,0.67,0.47,0.51,31.36,108.18
2575,29668,1122367,828562205,4843,56.31,190.41,459,5.34,6.74,20692,240.6,852.01,0.75,0.74,0.45,0.5,36.21,112.86
2576,31617,7347996,6904041445,4996,65.74,210.51,425,5.59,7.29,22203,292.14,978.19,0.72,0.72,0.46,0.49,39.19,103.73
2577,38208,3953855,3330379961,5484,63.03,216.51,493,5.67,6.95,26257,301.8,1085.43,0.78,0.77,0.48,0.52,36.53,106.92
2578,45188,4494681,1810299002,6020,70.0,238.08,591,6.87,10.08,30297,352.29,1261.62,0.76,0.75,0.48,0.5,37.6,111.14
2579,39293,8641704,3165847568,5524,59.4,208.59,556,5.98,8.79,25739,276.76,1026.88,0.78,0.77,0.44,0.47,41.47,112.43
2580,41108,18975165,24211735859,5429,66.21,217.29,526,6.41,8.61,26674,325.29,1128.09,0.73,0.72,0.47,0.49,42.28,105.96
2581,45369,29082227,34808540581,5929,59.89,214.38,725,7.32,10.04,28670,289.6,1104.11,0.73,0.7,0.47,0.52,32.49,116.4
2582,57655,4210443,3785658199,6706,62.09,231.12,820,7.59,9.56,35247,326.36,1310.71,0.76,0.74,0.45,0.51,31.4,117.29
2583,75507,8982730,8478201120,7575,76.52,276.74,558,5.64,3.2,44280,447.27,1723.03,0.75,0.73,0.45,0.5,39.81,119.78
2584,68073,3720153,2856080172,7023,67.53,248.58,612,5.88,4.5,39026,375.25,1477.69,0.73,0.7,0.4,0.46,39.3,120.07
2585,70728,8226199,7688084159,7343,75.7,268.01,678,6.99,5.27,41663,429.52,1631.02,0.76,0.73,0.37,0.41,33.6,124.49
2586,60225,6321158,3529041732,6708,66.42,238.59,741,7.34,6.11,35575,352.23,1370.38,0.8,0.77,0.36,0.43,32.82,132.32
2587,56776,2120516,1601136039,6562,63.1,230.11,709,6.82,5.95,34090,327.79,1293.83,0.8,0.78,0.37,0.43,38.33,129.38
2588,51616,9777962,10137419940,6407,69.64,243.0,458,4.98,2.75,32965,358.32,1321.64,0.77,0.75,0.4,0.45,35.07,124.49
2589,47943,5021764,4708959294,6267,65.97,234.1,446,4.69,2.5,31154,327.94,1235.1,0.76,0.75,0.4,0.43,35.9,134.37
2590,43554,2420430,1753553648,5826,68.54,228.41,462,5.44,3.23,27683,325.68,1146.66,0.77,0.77,0.42,0.47,36.01,124.22
2591,42115,3333684,1961348744,5940,67.5,230.73,399,4.53,2.75,27728,315.09,1135.22,0.73,0.7,0.41,0.44,33.64,132.7
2592,52751,2592967,1837463757,6342,69.69,242.93,477,5.24,3.23,33090,363.63,1356.01,0.77,0.76,0.39,0.42,34.79,130.07
2593,48705,1986035,1464942227,6235,69.28,238.89,495,5.5,3.07,30399,337.77,1245.3,0.75,0.73,0.38,0.42,36.2,125.97
2594,57089,2981015,2291632777,6864,68.64,249.07,539,5.39,2.91,35718,357.18,1373.47,0.75,0.73,0.37,0.44,31.13,125.68
2595,54441,3102064,2001337711,6585,72.36,252.12,472,5.19,2.74,33556,368.75,1371.53,0.76,0.73,0.38,0.42,34.95,127.96
2596,45318,2992066,1868498851,5949,74.36,244.59,357,4.46,2.85,29451,368.14,1278.53,0.71,0.69,0.43,0.47,43.53,122.17
2597,46050,4415774,4333923496,6151,68.34,238.32,538,5.98,8.04,30198,335.53,1236.66,0.74,0.72,0.41,0.45,33.51,117.22
2598,48574,3220411,1792607762,6399,72.72,251.53,738,8.39,15.1,32285,366.88,1328.65,0.74,0.72,0.4,0.41,37.48,126.05
2599,46240,3694966,1883945629,6265,74.58,251.62,590,7.02,11.45,31193,371.35,1311.86,0.73,0.7,0.42,0.47,33.4,117.52
2600,37784,8499798,10201668805,5620,71.14,232.67,348,4.41,3.06,26391,334.06,1141.94,0.75,0.74,0.47,0.49,45.32,120.04
2601,36129,2913239,1925300365,5549,66.86,224.22,313,3.77,2.32,25524,307.52,1077.47,0.74,0.72,0.44,0.45,45.2,115.11
2602,36278,5866628,6228206527,5539,53.78,198.28,812,7.88,26.78,25390,246.5,965.38,0.71,0.68,0.46,0.5,31.41,113.43
2603,32975,7443385,7771055134,5295,45.65,178.81,434,3.74,2.65,23650,203.88,850.95,0.7,0.68,0.49,0.53,31.37,118.45
2604,37549,10238384,12645614214,5544,49.06,190.02,430,3.81,2.6,26213,231.97,955.97,0.7,0.66,0.46,0.49,29.71,119.13
2605,38844,13080124,11124766486,5663,45.3,182.17,461,3.69,2.01,26815,214.52,927.58,0.73,0.7,0.4,0.43,31.24,129.9
2606,40407,14446373,15221030051,5742,49.08,192.57,485,4.15,2.24,27703,236.78,993.0,0.8,0.77,0.39,0.43,37.36,134.15
2607,40872,11577077,8669652356,5804,50.03,194.99,490,4.22,2.25,27939,240.85,1005.54,0.77,0.74,0.43,0.46,35.7,128.6
2608,53038,7384207,5722103028,6615,53.35,215.46,563,4.54,2.55,34255,276.25,1212.33,0.76,0.72,0.38,0.41,27.78,134.4
2609,63355,35331269,37112054976,7316,53.01,223.92,664,4.81,2.59,39635,287.21,1311.35,0.76,0.73,0.37,0.41,26.76,139.42
2610,65995,11864863,11447939492,7336,54.34,227.12,718,5.32,3.14,40964,303.44,1370.02,0.8,0.77,0.35,0.39,25.65,138.64
2611,66679,23861406,28104529114,7406,50.04,214.7,819,5.53,2.92,40701,275.01,1294.41,0.78,0.74,0.35,0.39,25.71,139.13
2612,73047,7782400,8247372731,7874,51.8,225.76,879,5.78,2.81,43416,285.63,1361.34,0.8,0.77,0.35,0.37,22.66,141.02
2613,72900,20287284,22172788891,7965,55.31,236.56,843,5.85,3.18,44007,305.6,1417.92,0.81,0.78,0.36,0.41,26.52,141.62
2614,75617,20373188,22031837095,7958,57.25,241.74,805,5.79,2.75,45186,325.08,1483.49,0.8,0.76,0.34,0.38,22.68,148.58
2615,76409,15429789,16049776043,8217,60.42,250.26,850,6.25,2.8,45426,334.01,1506.17,0.84,0.81,0.34,0.36,23.88,155.6
2616,76912,14286067,14480511789,8187,59.76,247.46,906,6.61,3.3,45660,333.28,1504.75,0.81,0.78,0.36,0.41,24.01,146.08
2617,54793,3645409,1794843711,6949,58.89,231.28,620,5.25,2.89,35323,299.35,1278.22,0.79,0.76,0.35,0.37,25.16,142.41
2618,47919,3763744,1774673368,6530,53.97,215.37,534,4.41,2.25,32104,265.32,1129.41,0.8,0.77,0.37,0.4,24.36,141.84
2619,47011,2403683,1785774056,6519,55.25,217.34,612,5.19,3.54,31604,267.83,1125.31,0.81,0.78,0.38,0.4,21.42,142.07
2620,43472,12527162,13046078703,6220,53.62,208.84,521,4.49,2.32,29652,255.62,1065.34,0.77,0.74,0.4,0.42,23.41,134.59
2621,39325,1556065,1158725929,5892,54.06,205.85,433,3.97,1.84,27341,250.83,1012.38,0.77,0.74,0.41,0.44,27.34,139.0
2622,37333,3627086,3925566853,5750,49.15,193.94,431,3.68,1.77,26216,224.07,938.59,0.73,0.7,0.42,0.45,33.18,134.43
2623,34867,1374182,1026661796,5543,46.97,184.52,476,4.03,2.12,24829,210.42,883.05,0.77,0.74,0.44,0.46,22.63,135.13
2624,38824,3771874,3193853046,5902,52.23,200.32,538,4.76,2.77,27082,239.66,988.28,0.79,0.77,0.43,0.46,26.65,135.28
2625,41176,6343908,6766343629,6107,50.47,198.98,556,4.6,2.47,28469,235.28,996.89,0.78,0.75,0.42,0.46,30.64,124.78
2626,40499,4160276,3131793245,6030,47.11,191.18,612,4.78,2.61,28107,219.59,960.15,0.81,0.79,0.38,0.41,26.03,141.49
2627,42992,5781870,5700888640,6021,51.91,201.94,528,4.55,2.66,29308,252.66,1051.86,0.81,0.79,0.4,0.45,31.49,140.71
2628,44329,10022982,9904239492,6234,46.87,192.67,645,4.85,3.01,29770,223.83,997.91,0.76,0.74,0.44,0.47,24.77,133.56
2629,46696,9968609,8902677680,6217,52.24,205.35,539,4.53,2.42,31028,260.74,1100.4,0.79,0.78,0.42,0.44,32.88,134.21
2630,49939,26407510,23626583875,6484,55.9,214.76,608,5.24,3.71,32331,278.72,1157.69,0.76,0.73,0.41,0.44,29.76,134.17
2631,50807,25397910,25479663936,6577,48.36,199.78,765,5.62,4.62,33050,243.01,1093.5,0.79,0.77,0.38,0.41,22.96,138.29
2632,51372,2250232,1536497657,6547,51.55,207.77,726,5.72,4.6,33369,262.75,1144.76,0.79,0.77,0.35,0.39,22.93,144.49
2633,59200,3475036,2543318880,6996,52.6,217.04,723,5.44,2.5,37231,279.93,1258.04,0.81,0.78,0.35,0.38,24.57,143.16
2634,74304,3781197,2311684285,7649,55.03,230.13,831,5.98,3.23,44107,317.32,1449.22,0.82,0.79,0.38,0.42,27.01,140.64
2635,73027,4943373,3106830462,7625,61.0,243.79,705,5.64,3.06,43452,347.62,1504.64,0.79,0.77,0.38,0.41,26.37,140.5
2636,71970,2959751,2066751894,7598,55.46,233.26,698,5.09,2.84,42852,312.79,1419.36,0.78,0.75,0.38,0.44,26.31,141.84
2637,69007,5678792,4677966991,7782,58.07,241.85,779,5.81,3.49,41801,311.95,1401.23,0.79,0.73,0.37,0.41,19.8,137.19
2638,83852,4189465,2755706021,8379,59.85,252.59,930,6.64,3.23,47880,342.0,1568.05,0.84,0.82,0.31,0.35,21.73,149.88
2639,78183,3312549,2288680570,8158,64.75,263.66,752,5.97,3.47,45484,360.98,1582.39,0.82,0.79,0.34,0.36,20.67,142.85
2640,57948,2777551,1945554072,7101,56.36,228.45,658,5.22,2.43,36981,293.5,1280.79,0.8,0.78,0.37,0.4,20.96,143.71
2641,60042,2709731,1852301594,7319,54.62,227.46,756,5.64,3.04,37962,283.3,1276.43,0.82,0.8,0.36,0.4,20.56,139.12
2642,59754,2747564,1812069859,7152,58.15,234.75,634,5.15,2.92,37754,306.94,1327.05,0.85,0.83,0.33,0.34,21.1,135.43
2643,70675,3657518,2554978800,7846,56.45,241.16,778,5.6,3.06,42607,306.53,1413.61,0.76,0.73,0.4,0.43,16.85,133.52
2644,74508,6147768,6258075351,7793,61.85,252.49,768,6.1,4.25,44099,349.99,1533.26,0.79,0.77,0.43,0.45,19.88,136.2
2645,74045,9663418,10524449285,7967,54.57,236.75,826,5.66,3.38,44025,301.54,1422.1,0.78,0.75,0.44,0.45,14.1,126.41
2646,62369,9306387,9099934598,7201,54.55,230.35,589,4.46,3.09,39080,296.06,1331.43,0.74,0.7,0.47,0.5,20.42,129.07
2647,53450,6470753,7318426995,6741,59.13,233.18,469,4.11,2.26,34589,303.41,1267.64,0.75,0.71,0.45,0.48,22.02,125.56
2648,65299,6870272,7757397212,7331,61.09,245.82,581,4.84,2.76,40309,335.91,1437.5,0.81,0.79,0.45,0.47,21.46,131.15
2649,65066,7450886,7736718053,7447,53.19,229.07,662,4.73,2.76,40340,288.14,1333.27,0.76,0.72,0.45,0.48,18.52,129.57
2650,65311,8998726,9046517231,7380,58.11,241.31,563,4.43,2.61,40612,319.78,1410.93,0.77,0.74,0.46,0.52,17.18,127.44
2651,67546,7933011,7193078383,7451,58.21,240.91,602,4.7,2.29,41502,324.23,1435.31,0.79,0.77,0.49,0.52,20.7,130.65
2652,63546,6032905,6276012117,7084,53.26,223.31,651,4.89,3.18,39594,297.7,1341.42,0.75,0.71,0.44,0.47,22.21,125.73
2653,65894,6613102,5242176477,7399,57.36,237.23,675,5.23,3.35,40882,316.91,1406.84,0.79,0.77,0.45,0.47,17.74,118.36
2654,67033,4832756,3118149466,7308,56.65,234.71,626,4.85,3.08,41193,319.33,1418.41,0.78,0.75,0.45,0.48,22.58,131.02
2655,85880,5860392,4230238084,8194,63.52,263.32,687,5.33,2.74,49477,383.54,1711.91,0.77,0.74,0.43,0.46,23.89,130.86
2656,94527,5373101,3422165493,8545,59.34,255.37,895,6.22,4.01,53485,371.42,1741.8,0.8,0.77,0.44,0.46,17.44,128.01
2657,94160,5031215,2890198211,8410,59.23,256.17,789,5.56,3.02,52022,366.35,1708.93,0.8,0.78,0.42,0.44,19.03,127.34
2658,92299,4817281,3432359504,8227,61.4,257.24,785,5.86,3.22,51095,381.31,1725.1,0.8,0.77,0.43,0.45,18.62,128.18
2659,93535,3616338,2543943104,8373,60.67,257.92,847,6.14,3.59,51375,372.28,1710.31,0.78,0.74,0.39,0.43,18.7,128.06
2660,92791,4518676,2861327123,8441,62.99,265.1,760,5.67,3.36,50978,380.43,1722.07,0.79,0.76,0.39,0.43,17.25,139.25
2661,88215,3740118,2703270720,8351,55.3,247.15,840,5.56,2.7,49122,325.31,1568.3,0.77,0.73,0.41,0.43,13.18,131.65
2662,93013,3895129,3053833262,8641,54.69,248.69,910,5.76,3.13,51126,323.58,1597.7,0.78,0.75,0.41,0.43,13.55,133.53
2663,93241,4801918,2956752677,8707,56.54,254.49,880,5.71,3.25,51186,332.38,1619.76,0.76,0.74,0.39,0.41,15.22,140.38
2664,97519,5078656,3552414314,8714,64.07,272.09,891,6.55,4.28,52288,384.47,1762.35,0.82,0.78,0.37,0.38,14.98,141.57
2665,96618,5125542,3119694053,8648,64.54,272.5,888,6.63,5.62,52269,390.07,1777.84,0.79,0.75,0.4,0.41,15.52,139.43
2666,95536,5306202,3210641555,8783,55.59,249.22,1134,7.18,3.97,51984,329.01,1626.57,0.82,0.79,0.37,0.39,9.14,138.23
2667,64479,3385867,2059865605,7206,55.86,234.6,681,5.28,3.36,38638,299.52,1369.96,0.78,0.74,0.43,0.46,12.24,128.25
2668,53999,2465284,1751037981,6748,58.17,233.14,559,4.82,4.9,34831,300.27,1278.71,0.77,0.75,0.47,0.49,12.46,121.75
2669,81404,5175169,3027877782,8014,61.65,256.34,1861,14.32,43.13,45695,351.5,1596.29,0.82,0.79,0.4,0.43,4.63,137.05
2670,95018,3712917,2804767956,8633,62.56,268.67,1521,11.02,26.59,52112,377.62,1748.24,0.8,0.77,0.38,0.39,8.66,139.07
2671,89965,5322727,3104178436,8469,62.73,266.29,1349,9.99,18.08,50755,375.96,1720.78,0.83,0.81,0.39,0.4,7.91,135.66
2672,89835,6575224,3526401350,8459,62.66,267.71,775,5.74,3.34,50266,372.34,1705.43,0.78,0.74,0.43,0.44,13.19,127.61
2673,94483,4444452,3018790016,8580,57.2,257.49,793,5.29,2.69,51675,344.5,1666.71,0.77,0.73,0.42,0.44,13.19,125.76
2674,64728,3114789,1959974786,6998,50.35,223.54,566,4.07,3.33,38914,279.96,1344.85,0.7,0.67,0.48,0.5,13.92,114.34
2675,46785,1672523,1221132676,6005,55.09,217.87,344,3.16,2.5,30702,281.67,1160.5,0.77,0.74,0.52,0.5,22.17,101.38
2676,45656,2281936,1467530358,5926,48.18,202.51,341,2.77,2.07,30338,246.65,1082.24,0.75,0.73,0.53,0.55,18.26,103.25
2677,44733,2460159,1591808664,5859,49.24,200.23,414,3.48,2.27,29580,248.57,1068.87,0.77,0.74,0.49,0.49,15.69,103.64
2678,46371,2669563,1502102832,5983,47.86,199.63,428,3.42,2.29,30557,244.46,1076.54,0.76,0.74,0.48,0.48,16.9,115.86
2679,46156,3703460,3384061490,5982,47.1,198.87,434,3.42,2.3,30550,240.55,1069.46,0.73,0.69,0.51,0.51,16.06,107.01
2680,45822,1673928,1256780118,5918,50.15,205.16,389,3.3,2.44,30404,257.66,1104.14,0.77,0.75,0.52,0.54,19.74,115.05
2681,45029,1520021,1095889198,5845,49.53,201.26,448,3.8,4.57,30097,255.06,1091.82,0.79,0.76,0.53,0.54,11.02,106.56
2682,58585,3582272,2025346199,6507,52.9,220.86,480,3.9,2.94,36213,294.41,1323.31,0.83,0.81,0.52,0.51,16.22,115.34
2683,89176,3401321,2316369501,8043,57.45,250.92,695,4.96,3.98,49418,352.99,1650.27,0.79,0.77,0.42,0.43,9.89,112.93
2684,90025,3802209,2522295650,7956,60.73,257.66,704,5.37,4.37,49494,377.82,1706.56,0.81,0.79,0.44,0.45,9.79,118.98
2685,85571,4636489,2816801350,8228,56.74,250.12,793,5.47,3.28,47754,329.34,1565.08,0.85,0.82,0.41,0.44,10.09,135.72
2686,78848,3927744,2627654733,7882,55.51,241.02,778,5.48,3.16,45180,318.17,1493.04,0.88,0.86,0.37,0.41,6.54,153.42
2687,77040,4070400,2583651528,7983,59.13,250.36,822,6.09,3.47,44724,331.29,1514.54,0.86,0.83,0.36,0.39,6.75,153.16
2688,76800,3370079,2238762205,7894,60.72,251.01,810,6.23,3.13,44387,341.44,1529.33,0.86,0.81,0.37,0.38,5.37,154.53
2689,62429,3725467,2112508663,7194,56.2,234.02,638,4.98,2.85,38502,300.8,1340.75,0.81,0.79,0.4,0.42,6.36,151.49
2690,56885,3709833,2089619498,6858,62.35,241.61,568,5.16,3.84,35899,326.35,1344.63,0.88,0.86,0.43,0.43,6.03,147.38
2691,54091,2015760,1456855716,6837,54.7,224.72,609,4.87,2.6,35096,280.77,1234.96,0.87,0.83,0.37,0.4,4.47,159.52
2692,49929,2181717,1485993181,6686,54.8,221.68,604,4.95,3.12,32631,267.47,1159.54,0.84,0.8,0.41,0.44,6.3,159.15
2693,36069,3421213,1583708650,5660,49.65,194.78,500,4.39,2.48,25470,223.42,936.97,0.88,0.85,0.46,0.49,9.4,134.0
2694,32832,1655076,951740674,5329,47.58,187.91,389,3.47,2.57,23640,211.07,877.77,0.84,0.81,0.51,0.51,8.15,140.67
2695,32833,19428041,20867834301,5307,51.03,193.58,383,3.68,2.22,23509,226.05,903.55,0.86,0.84,0.49,0.54,16.85,132.63
2696,43756,11029615,11964443790,5992,49.93,206.22,404,3.37,2.59,29178,243.15,1059.34,0.7,0.68,0.54,0.55,12.91,99.92
2697,52448,3259720,1888281596,6457,48.19,206.23,541,4.04,2.93,33412,249.34,1136.6,0.76,0.73,0.55,0.57,15.55,102.69
2698,53599,3030531,1798109306,6521,46.25,202.54,547,3.88,2.42,34064,241.59,1130.64,0.77,0.75,0.49,0.53,11.82,108.65
2699,40325,1809318,1239127780,5600,43.41,182.28,559,4.33,5.5,27176,210.67,943.58,0.76,0.73,0.51,0.54,8.44,109.77
2700,38544,1736460,1113435118,5463,50.12,193.67,556,5.1,6.0,26079,239.26,979.64,0.79,0.76,0.45,0.48,11.27,118.62
2701,44371,1843722,1266516629,5888,50.76,201.78,572,4.93,5.55,29029,250.25,1060.43,0.85,0.83,0.46,0.48,7.81,134.49
2702,48850,2044872,1391541755,6060,48.48,199.77,524,4.19,2.49,31402,251.22,1104.64,0.79,0.75,0.44,0.47,13.7,134.53
2703,51141,1901167,1402509711,6173,48.23,202.24,505,3.95,2.71,32296,252.31,1125.18,0.76,0.74,0.44,0.47,12.69,113.87
2704,52762,2602911,1527114526,6356,44.45,195.19,567,3.97,2.33,33296,232.84,1096.6,0.73,0.69,0.44,0.48,13.88,119.76
2705,54346,2303573,1781990933,6365,48.96,207.32,498,3.83,2.26,34097,262.28,1179.21,0.73,0.69,0.44,0.47,18.98,113.23
2706,49540,2218261,1387895038,6153,46.97,196.15,581,4.44,2.49,31579,241.06,1084.16,0.82,0.78,0.43,0.48,10.09,146.43
2707,59649,2819986,1775900469,6812,45.11,199.61,724,4.79,2.61,36126,239.25,1156.38,0.78,0.75,0.38,0.41,12.71,143.76
2708,68578,2881689,1954972119,7369,47.85,214.72,778,5.05,2.98,40487,262.9,1284.69,0.81,0.77,0.37,0.4,8.47,149.04
2709,64987,2826326,1976682098,7474,49.83,219.15,841,5.61,3.42,39217,261.45,1256.79,0.85,0.81,0.34,0.37,7.41,149.94
2710,68688,5534385,2954702326,7565,51.46,224.15,852,5.8,3.38,41064,279.35,1331.06,0.83,0.8,0.33,0.37,6.57,149.27
2711,70406,3006858,2265321353,7775,52.18,229.11,861,5.78,2.57,41689,279.79,1342.22,0.84,0.8,0.33,0.37,9.09,151.51
2712,73704,4475930,2573851436,7859,53.1,232.5,888,6.0,3.1,43094,291.18,1392.11,0.85,0.82,0.35,0.39,7.94,148.72
2713,55406,2692461,1888100605,6746,53.97,223.94,601,4.81,2.63,34325,274.6,1238.16,0.86,0.82,0.36,0.38,6.17,142.03
2714,44490,2743199,1723437255,6214,54.51,216.65,488,4.28,2.89,29697,260.5,1100.22,0.82,0.79,0.4,0.43,11.07,137.06
2715,54077,2119826,1543269073,6636,56.24,228.03,486,4.12,2.85,34335,290.97,1245.18,0.81,0.76,0.42,0.44,13.15,118.16
2716,49952,2293321,1511168173,6419,53.49,217.76,475,3.96,2.28,32370,269.75,1166.12,0.79,0.76,0.43,0.46,11.63,117.69
2717,39046,2857779,1957319400,5656,50.05,198.18,413,3.65,2.45,26779,236.98,990.66,0.81,0.78,0.39,0.42,11.28,121.52
2718,36920,3651713,3675819107,5525,45.29,186.2,411,3.37,2.14,25724,210.85,916.35,0.78,0.75,0.45,0.47,10.63,117.34
2719,37594,8633920,10633365844,5641,46.62,190.65,417,3.45,2.16,26103,215.73,932.95,0.78,0.75,0.43,0.45,11.79,117.64
2720,35942,1577851,1281863398,5473,45.61,186.06,394,3.28,1.93,25112,209.27,903.18,0.82,0.79,0.43,0.44,13.38,118.34
2721,48449,2837263,1678940281,6339,52.39,214.51,479,3.96,2.76,31634,261.44,1132.21,0.82,0.78,0.42,0.46,14.27,122.65
2722,47604,2908104,1683019349,6167,50.14,205.87,494,4.02,2.62,31204,253.69,1106.53,0.81,0.77,0.48,0.49,15.65,110.92
2723,39631,2276441,1367863004,5733,52.12,204.29,388,3.53,2.29,26953,245.03,1012.7,0.8,0.78,0.45,0.46,13.29,115.18
2724,38071,11400663,11612383436,5533,46.11,187.92,438,3.65,2.28,25981,216.51,932.03,0.85,0.84,0.5,0.53,14.84,107.92
2725,47346,9484685,11284313045,6179,49.04,204.41,480,3.81,2.36,31036,246.32,1088.95,0.8,0.76,0.45,0.48,13.95,114.11
2726,49786,2840389,1592367384,6283,48.33,203.47,583,4.48,4.07,31609,243.15,1090.06,0.82,0.79,0.43,0.45,13.33,117.65
2727,48744,1756270,1375414345,6045,49.15,201.38,510,4.15,2.49,30419,247.31,1084.53,0.83,0.79,0.44,0.47,13.57,124.7
2728,54207,2229945,1452302520,6336,53.24,216.26,505,4.24,2.72,32827,275.86,1186.0,0.79,0.74,0.43,0.43,12.0,112.37
2729,53073,3900802,3938835176,6286,53.27,215.28,477,4.04,2.73,33671,285.35,1219.82,0.81,0.77,0.4,0.43,15.21,113.88
2730,52705,3867482,3810268547,6434,49.88,210.22,562,4.36,3.22,33636,260.74,1167.3,0.8,0.77,0.45,0.48,12.91,121.22
2731,69895,3024824,2023354417,7408,60.23,250.49,743,6.04,4.8,42597,346.32,1546.87,0.86,0.81,0.38,0.42,12.32,123.98
2732,91073,8259106,7562416863,8664,60.17,269.43,633,4.4,2.43,53025,368.23,1749.6,0.81,0.75,0.39,0.43,12.25,125.37
2733,86574,4564291,2889057204,8470,63.21,273.46,653,4.87,2.96,50635,377.87,1730.65,0.83,0.79,0.35,0.39,13.21,125.68
2734,94737,5599030,3248606286,8959,61.79,273.11,813,5.61,3.38,54011,372.49,1771.73,0.85,0.82,0.36,0.4,11.91,132.53
2735,97275,5025656,3461225269,8854,58.64,264.89,876,5.8,4.01,54541,361.2,1754.42,0.84,0.81,0.35,0.4,12.87,130.75
2736,65395,2683040,1975643230,7465,56.13,240.55,666,5.01,4.84,40802,306.78,1403.44,0.84,0.81,0.39,0.42,15.61,124.91
2737,53427,2567015,1672538961,6865,60.75,242.63,450,3.98,2.71,35417,313.42,1313.45,0.82,0.79,0.43,0.45,14.73,122.3
2738,52439,2291559,1581598636,6701,57.27,232.23,457,3.91,2.55,34659,296.23,1262.97,0.8,0.77,0.4,0.43,11.11,125.71
2739,53331,2703802,1726250976,6771,61.55,243.27,407,3.7,2.55,35340,321.27,1328.18,0.82,0.79,0.39,0.4,11.56,133.33
2740,49559,2655944,1601061186,6505,67.76,250.68,346,3.6,2.2,33235,346.2,1333.94,0.82,0.79,0.44,0.47,12.82,115.9
2741,43746,2654460,1497335995,6189,52.45,212.97,479,4.06,2.43,30101,255.09,1092.07,0.85,0.8,0.44,0.46,14.74,130.38
2742,46580,2037626,1343630545,6359,58.34,228.76,564,5.17,7.96,32130,294.77,1210.99,0.81,0.78,0.43,0.45,15.37,103.16
2743,44903,7060109,8319299431,6138,50.31,208.76,667,5.47,9.45,30896,253.25,1103.29,0.72,0.68,0.46,0.49,14.65,103.93
2744,47802,8933698,7869648840,6424,60.6,234.29,453,4.27,4.77,32569,307.25,1245.93,0.83,0.79,0.4,0.44,16.75,110.76
2745,44678,8047986,8681058638,6229,56.12,221.25,418,3.77,2.43,30898,278.36,1153.64,0.81,0.79,0.46,0.48,18.93,111.13
2746,47961,3573413,2712905838,6346,53.33,217.75,452,3.8,2.22,32232,270.86,1172.73,0.77,0.73,0.43,0.47,14.58,122.52
2747,55464,2627620,1782381123,6743,59.15,237.59,433,3.8,2.55,37025,324.78,1368.34,0.8,0.77,0.46,0.49,16.28,119.55
2748,52716,2587476,1784316379,6511,55.18,225.72,418,3.54,2.37,35068,297.19,1275.67,0.81,0.78,0.42,0.48,13.36,122.81
2749,50263,7211258,7858415562,6314,61.9,235.87,373,3.66,2.72,33405,327.5,1302.65,0.79,0.76,0.43,0.46,18.91,115.66
2750,53006,10513191,11405164693,6389,55.56,220.21,529,4.6,3.21,34379,298.95,1262.01,0.77,0.74,0.46,0.51,11.02,119.74
2751,62016,2636029,1820641285,7000,56.91,232.77,589,4.79,2.83,38845,315.81,1379.21,0.79,0.75,0.43,0.47,10.29,127.66
2752,66930,3141865,2087903958,7226,62.29,247.75,629,5.42,3.61,41292,355.97,1509.8,0.82,0.78,0.43,0.46,8.19,124.93
2753,70801,3048758,2064703251,7467,55.72,236.07,731,5.46,3.2,43552,325.01,1482.38,0.82,0.78,0.42,0.45,10.11,135.17
2754,71522,3166401,2208357152,7422,57.98,242.11,674,5.27,3.12,44077,344.35,1535.28,0.82,0.76,0.4,0.42,12.4,135.37
2755,68048,2531251,1741880307,7151,59.1,240.55,598,4.94,2.55,41068,339.4,1477.16,0.84,0.82,0.42,0.44,11.48,140.51
2756,61506,3584593,2139798732,6981,59.16,236.23,610,5.17,3.07,37890,321.1,1369.87,0.85,0.81,0.36,0.4,17.6,143.08
2757,68238,2929337,2024142554,7669,61.35,254.06,606,4.85,2.3,42279,338.23,1494.4,0.85,0.82,0.37,0.39,12.06,141.01
2758,82269,3446723,2627970408,8440,62.52,269.04,737,5.46,2.94,49814,368.99,1692.62,0.87,0.84,0.37,0.41,11.92,141.69
2759,63495,3198498,2248405705,7459,60.15,246.88,670,5.4,3.3,41107,331.51,1452.59,0.82,0.78,0.39,0.41,6.76,131.65
2760,55636,2886963,1789528515,6894,59.43,241.14,463,3.99,2.76,37016,319.1,1360.42,0.78,0.74,0.43,0.46,11.84,128.66
2761,47830,2959167,1685180704,6297,62.35,235.96,374,3.7,2.22,32837,325.12,1286.83,0.8,0.76,0.44,0.45,8.54,124.71
2762,51242,1992403,1453899551,6619,60.72,239.9,382,3.5,2.42,34899,320.17,1319.53,0.79,0.77,0.48,0.48,14.57,112.31
2763,49207,2422153,1641203875,6539,57.36,230.58,413,3.62,1.98,33569,294.46,1239.56,0.81,0.78,0.52,0.52,9.39,121.19
2764,44413,2050878,1510125919,6165,55.54,221.72,361,3.25,2.13,30812,277.59,1153.58,0.75,0.72,0.48,0.49,9.14,118.4
2765,42109,1905086,1315716880,6103,56.51,221.28,380,3.52,2.43,29706,275.06,1125.63,0.73,0.7,0.51,0.53,13.9,117.38
2766,40358,2748315,2280899325,5955,55.65,217.13,358,3.35,2.14,28644,267.7,1089.75,0.73,0.69,0.49,0.5,16.72,105.29
2767,40014,2061464,1439567345,5842,60.23,225.69,301,3.1,2.64,28335,292.11,1132.51,0.72,0.71,0.57,0.56,18.43,100.86
2768,40135,1624509,1207191011,5858,59.78,222.84,343,3.5,2.43,28678,292.63,1137.22,0.73,0.7,0.51,0.52,13.53,103.51
2769,40568,1928774,1631781500,5880,53.94,211.84,355,3.26,2.45,28707,263.37,1081.66,0.71,0.69,0.56,0.55,14.68,105.1
2770,40132,1543283,1116644891,5884,58.84,222.86,361,3.61,4.05,28245,282.45,1110.48,0.7,0.67,0.56,0.58,14.52,95.63
2771,43658,2022210,1432654515,5946,54.55,214.49,375,3.44,2.28,29873,274.06,1131.41,0.78,0.75,0.53,0.53,15.65,99.8
2772,58754,2956810,1990096319,6928,52.09,223.84,532,4.0,2.76,37939,285.26,1310.08,0.78,0.76,0.48,0.49,16.18,106.36
2773,73462,7742514,6963386731,7571,53.32,236.17,601,4.23,2.99,44469,313.16,1474.75,0.76,0.74,0.49,0.51,16.97,113.25
2774,78320,3508124,2319856535,7847,64.85,267.17,583,4.82,4.11,46997,388.4,1686.83,0.73,0.71,0.5,0.51,9.39,102.95
2775,77314,3385106,2581412286,7804,55.74,246.04,669,4.78,4.03,46566,332.61,1554.88,0.75,0.73,0.49,0.51,11.92,104.24
2776,79443,26050240,36103238430,7964,55.69,249.24,924,6.46,8.67,47608,332.92,1575.91,0.76,0.72,0.49,0.52,11.87,107.95
2777,81816,4099391,2566070775,7804,51.01,234.11,683,4.46,3.05,48172,314.85,1545.01,0.85,0.82,0.46,0.48,15.43,123.64
2778,80490,3479485,2518844583,7740,61.92,259.66,585,4.68,3.33,47871,382.97,1692.89,0.84,0.83,0.46,0.47,9.46,112.58
2779,77698,4434896,2669901581,7614,58.57,250.44,549,4.22,2.52,46753,359.64,1621.07,0.79,0.75,0.47,0.5,12.67,119.35
2780,86623,5560777,3935287399,8172,58.79,258.64,678,4.88,4.24,50366,362.35,1692.82,0.76,0.73,0.43,0.46,11.15,117.17
2781,94702,4451026,2957730731,8655,60.1,267.94,753,5.23,3.46,53630,372.43,1768.44,0.79,0.76,0.42,0.44,13.47,131.4
2782,100993,6298608,3706655462,9072,59.29,270.21,851,5.56,3.65,56676,370.43,1811.33,0.81,0.78,0.43,0.45,8.07,121.53
2783,94420,4370352,2874915242,8612,57.8,260.3,816,5.48,3.93,53616,359.84,1738.8,0.83,0.81,0.47,0.48,8.83,122.23
2784,99042,5408718,3265527633,8914,60.23,271.45,754,5.09,3.54,55785,376.93,1814.42,0.77,0.74,0.46,0.48,9.3,122.12
2785,53143,2189705,1653142456,6496,61.28,241.73,347,3.27,2.45,34635,326.75,1369.4,0.73,0.72,0.51,0.52,10.36,108.25
2786,54145,2672456,1714859754,6802,58.64,238.07,475,4.09,3.23,35973,310.11,1317.8,0.74,0.72,0.52,0.53,11.04,106.89
2787,55053,3181797,1932009264,6794,59.08,237.39,503,4.37,3.09,36349,316.08,1335.72,0.77,0.72,0.48,0.49,9.08,113.02
2788,53018,1995826,1442779621,6583,61.52,241.15,368,3.44,2.22,35507,331.84,1354.49,0.78,0.75,0.53,0.54,13.44,115.71
2789,49851,2487997,1577209791,6388,54.6,223.28,400,3.42,2.31,33418,285.62,1220.01,0.73,0.71,0.52,0.53,11.66,104.92
2790,47808,2124504,1404948830,6317,61.93,237.57,323,3.17,1.75,32617,319.77,1273.58,0.79,0.75,0.49,0.51,16.6,107.83
2791,47247,1977173,1524821915,6285,61.02,235.78,348,3.38,3.59,32106,311.71,1247.09,0.73,0.71,0.5,0.51,12.56,111.91
2792,47576,2637910,1776013405,6463,58.23,233.41,355,3.2,2.04,32702,294.61,1225.85,0.75,0.72,0.54,0.56,14.24,106.52
2793,48710,1971092,1517646997,6459,52.09,216.34,523,4.22,3.08,32749,264.1,1160.97,0.82,0.8,0.51,0.54,6.72,131.15
2794,46625,2291618,1569836704,6247,63.74,236.7,415,4.23,3.15,31791,324.4,1264.74,0.81,0.78,0.44,0.46,12.03,124.98
2795,41133,1792979,1224248734,5784,59.63,222.28,324,3.34,2.18,28455,293.35,1138.32,0.79,0.76,0.53,0.57,14.51,115.04
2796,44848,2790907,1723663790,6023,51.48,210.67,356,3.04,2.17,30711,262.49,1120.9,0.76,0.74,0.58,0.6,13.39,109.57
2797,52485,2406920,1702416884,6448,61.41,239.18,347,3.3,2.47,34218,325.89,1327.01,0.76,0.74,0.55,0.57,19.19,93.71
2798,52129,2276902,1520874209,6553,54.61,224.21,454,3.78,2.77,34756,289.63,1250.89,0.74,0.7,0.51,0.54,10.21,110.45
2799,52743,2827577,1881196647,6658,55.02,227.67,427,3.53,2.23,34828,287.83,1249.43,0.78,0.75,0.57,0.6,19.17,115.73
2800,54857,3264283,1946063778,6651,56.85,233.41,386,3.3,2.29,35929,307.09,1313.11,0.75,0.73,0.55,0.55,12.46,100.1
2801,58100,3058762,1855342658,6807,51.96,223.69,435,3.32,2.12,37647,287.38,1300.28,0.77,0.74,0.54,0.56,18.82,110.84
2802,57736,2593885,1812364432,6738,57.1,235.75,388,3.29,2.68,37823,320.53,1378.06,0.73,0.71,0.58,0.59,5.92,112.79
2803,57070,2611882,1773944663,6667,65.36,249.54,385,3.77,3.05,37000,362.75,1443.69,0.81,0.77,0.53,0.53,18.32,110.25
2804,66412,2862242,2063997273,7288,57.84,244.64,514,4.08,3.08,41408,328.63,1461.05,0.79,0.77,0.53,0.55,9.12,106.56
2805,68495,3115486,2277161488,7596,59.34,252.77,517,4.04,2.8,42810,334.45,1496.11,0.73,0.71,0.51,0.53,15.91,105.82
2806,93169,5716284,3312154826,8639,64.47,279.23,659,4.92,3.04,53140,396.57,1820.18,0.78,0.74,0.49,0.5,14.26,109.71
2807,100467,5402152,3276193137,9024,62.67,279.85,740,5.14,3.28,56131,389.8,1853.3,0.76,0.72,0.5,0.53,8.44,114.6
2808,82469,3560672,2488201456,8155,52.61,244.32,663,4.28,2.66,48263,311.37,1547.58,0.76,0.72,0.48,0.49,7.93,106.34
2809,58131,2613948,1720502882,6906,62.22,248.33,398,3.59,2.32,37641,339.11,1415.78,0.71,0.69,0.46,0.49,13.68,129.48
2810,49847,2416410,1529794773,6456,56.14,228.0,374,3.25,2.24,33521,291.49,1234.12,0.7,0.68,0.54,0.56,12.49,106.7
2811,50923,2545562,1616827566,6623,54.74,227.65,396,3.27,2.02,34308,283.54,1232.07,0.75,0.72,0.52,0.53,13.7,102.36
2812,50104,2397059,1743005210,6468,56.24,229.55,348,3.03,2.14,33542,291.67,1236.37,0.73,0.7,0.54,0.55,11.37,103.38
2813,49502,2571627,1768033212,6448,58.62,232.53,405,3.68,2.5,33201,301.83,1247.77,0.78,0.76,0.56,0.56,14.78,115.14
2814,47790,5241029,5061272940,6314,57.4,228.78,348,3.16,2.09,32585,296.23,1227.1,0.77,0.73,0.5,0.5,7.89,115.79
2815,47565,2244757,1429754627,6308,61.84,237.87,317,3.11,2.45,32882,322.37,1283.97,0.72,0.7,0.59,0.6,9.94,108.19
2816,49536,2310655,1519040537,6471,57.27,232.49,341,3.02,1.98,33880,299.82,1268.82,0.77,0.75,0.52,0.55,14.28,103.56
2817,65471,3327428,1962675030,7442,57.25,248.3,426,3.28,2.21,41747,321.13,1450.18,0.69,0.67,0.55,0.56,11.38,111.27
2818,80325,12727940,13433260675,8181,60.15,263.28,612,4.5,3.49,49026,360.49,1663.41,0.73,0.7,0.47,0.49,12.5,106.82
2819,69973,3203909,2222263494,7644,58.35,249.19,679,5.18,4.21,44204,337.44,1525.61,0.79,0.75,0.49,0.5,13.26,108.16
2820,59723,2146738,1547641321,6969,58.08,240.91,460,3.83,2.61,38414,320.12,1408.86,0.81,0.79,0.56,0.57,16.15,106.83
2821,43270,1616345,1167929374,5864,58.06,222.23,319,3.16,2.4,29756,294.61,1168.1,0.72,0.7,0.52,0.53,19.41,102.58
2822,49826,2087513,1417520880,6292,54.24,220.83,372,3.21,2.08,33361,287.59,1223.17,0.72,0.69,0.56,0.57,14.09,102.73
2823,51591,1849010,1347811405,6380,58.53,233.39,310,2.84,2.15,34025,312.16,1289.4,0.73,0.71,0.59,0.58,18.62,102.13
2824,66407,2577231,1721764263,7133,64.85,258.87,368,3.35,2.16,41841,380.37,1578.6,0.69,0.65,0.54,0.56,14.88,108.64
2825,68252,2732820,1853379259,7287,56.93,243.24,532,4.16,3.35,42825,334.57,1498.31,0.77,0.73,0.48,0.49,15.0,108.99
2826,63369,3698371,2222103468,7033,61.16,247.18,439,3.82,2.39,40252,350.02,1483.83,0.77,0.74,0.5,0.49,14.09,103.31
2827,67028,2617544,1939109994,7235,58.35,245.07,449,3.62,2.31,41818,337.24,1484.99,0.74,0.72,0.51,0.51,17.32,102.1
2828,69437,2884234,2110502045,7318,59.02,247.41,515,4.15,2.9,42588,343.45,1513.77,0.79,0.76,0.46,0.47,10.04,113.05
2829,92297,4841596,3041664271,8568,55.28,257.21,650,4.19,2.46,52852,340.98,1683.69,0.78,0.75,0.45,0.48,15.58,115.44
2830,92349,4944695,2954639001,8610,60.21,268.49,661,4.62,3.44,52201,365.04,1727.43,0.8,0.77,0.49,0.5,14.43,112.56
2831,96307,5808851,3523892938,8802,58.29,265.97,769,5.09,3.93,54101,358.28,1743.08,0.75,0.7,0.44,0.45,9.18,117.48
2832,103769,10200868,10407591119,9253,59.7,276.31,758,4.89,2.86,58733,378.92,1868.95,0.74,0.69,0.44,0.45,10.74,119.05
2833,99938,4420950,2994382663,8985,60.3,273.44,797,5.35,5.26,55963,375.59,1814.57,0.74,0.7,0.45,0.47,10.46,110.4
2834,47655,2027706,1355665299,6384,57.51,229.4,365,3.29,2.38,32405,291.94,1214.63,0.73,0.7,0.51,0.51,13.2,103.71
2835,49392,2164172,1501075366,6449,55.12,225.41,403,3.44,2.27,33272,284.38,1216.0,0.75,0.72,0.48,0.5,12.01,104.6
2836,49177,2292224,1455778202,6431,52.71,219.67,415,3.4,2.39,33822,277.23,1210.07,0.72,0.68,0.52,0.53,11.06,116.21
2837,44423,1807383,1367186306,6194,55.3,221.63,363,3.24,2.15,30572,272.96,1140.23,0.72,0.69,0.56,0.57,10.55,102.35
2838,42562,1742206,1335256008,5922,51.5,208.67,423,3.68,2.5,29469,256.25,1086.4,0.76,0.73,0.5,0.52,6.64,122.89
2839,35694,1855015,1186090319,5361,49.64,193.65,450,4.17,2.19,25312,234.37,955.13,0.8,0.76,0.45,0.46,8.35,148.07
2840,40114,1827383,1271369490,5723,48.91,198.86,460,3.93,2.5,27661,236.42,1011.19,0.78,0.74,0.49,0.51,12.36,137.54
2841,46024,3765226,2001235094,6167,56.58,224.75,331,3.04,2.19,31317,287.31,1184.45,0.73,0.69,0.49,0.51,14.09,101.39
2842,47084,3913207,2081418264,6198,57.93,227.35,358,3.35,2.56,31912,298.24,1217.11,0.76,0.74,0.52,0.51,11.3,99.63
2843,48422,1811077,1330474506,6153,53.04,215.11,396,3.41,2.33,32523,280.37,1191.47,0.69,0.65,0.52,0.51,14.46,96.77
2844,58095,2971151,2385863536,6672,59.57,238.03,393,3.51,2.38,37092,331.18,1385.4,0.72,0.7,0.53,0.54,14.43,98.44
2845,49141,2214324,1783721710,6121,56.68,222.45,358,3.31,2.04,32281,298.9,1224.75,0.74,0.71,0.53,0.54,13.46,98.75
2846,47382,1729924,1253839703,5974,54.31,215.41,354,3.22,2.2,31547,286.79,1186.47,0.72,0.69,0.49,0.5,18.01,103.1
2847,49769,1780248,1343568825,6145,55.36,219.92,374,3.37,2.18,32918,296.56,1233.8,0.79,0.76,0.53,0.53,12.64,108.8
2848,74904,2792060,2098137892,7518,58.28,246.37,638,4.95,3.65,44991,348.77,1564.75,0.8,0.77,0.46,0.49,15.68,109.67
2849,77230,6419646,3346083882,7558,53.6,238.63,554,3.93,2.39,46391,329.01,1548.45,0.77,0.75,0.52,0.55,10.51,109.94
2850,75090,7333266,3891283851,7444,56.82,244.22,515,3.93,2.5,45388,346.47,1571.01,0.76,0.74,0.51,0.53,14.39,112.15
2851,72048,3178570,2063510304,7405,58.77,247.15,489,3.88,2.45,43877,348.23,1546.18,0.76,0.74,0.49,0.5,10.61,101.65
2852,78948,4790308,2790430634,7800,57.78,250.53,606,4.49,2.96,47126,349.08,1606.5,0.76,0.73,0.47,0.49,12.54,108.34
2853,70747,4531777,4576300353,7726,64.38,264.41,532,4.43,3.15,44004,366.7,1585.67,0.76,0.73,0.48,0.49,15.23,103.56
2854,77853,4599823,2746037858,7997,62.48,265.52,551,4.3,2.91,46655,364.49,1631.46,0.77,0.74,0.45,0.46,9.19,114.08
2855,78309,3517998,2586119784,7990,60.99,260.36,651,4.97,3.83,46554,355.37,1606.73,0.75,0.73,0.51,0.52,8.85,108.91
2856,76601,4799107,2754019570,7925,59.14,254.86,607,4.53,2.8,46131,344.26,1575.01,0.76,0.73,0.48,0.5,8.16,120.77
2857,70117,2815493,2074375133,7549,56.34,244.28,552,4.12,2.89,43004,320.93,1470.0,0.77,0.75,0.48,0.5,9.08,119.86
2858,77378,2986613,2174319975,8002,59.72,259.39,608,4.54,5.11,46136,344.3,1577.05,0.75,0.73,0.47,0.47,7.81,112.97
2859,58086,2582008,1728766411,6883,57.36,236.86,450,3.75,2.47,37507,312.56,1358.03,0.76,0.73,0.53,0.55,10.16,106.96
2860,68702,5164835,2808232299,7513,54.44,240.51,507,3.67,2.11,42288,306.43,1425.37,0.74,0.71,0.48,0.5,7.9,107.82
2861,67425,4095826,2445148317,7341,57.35,244.31,488,3.81,2.36,41861,327.04,1465.01,0.74,0.71,0.47,0.49,12.51,111.72
2862,59258,3865931,2254681473,7026,57.59,240.03,440,3.61,2.59,38045,311.84,1360.53,0.76,0.73,0.46,0.49,9.69,120.29
2863,52976,3230061,2267572255,6768,48.69,215.4,507,3.65,2.75,34361,247.2,1153.52,0.76,0.74,0.54,0.55,9.45,104.5
2864,43083,24680166,28656384604,5991,46.8,197.77,573,4.48,6.16,29336,229.19,1022.51,0.76,0.74,0.5,0.5,15.53,103.01
2865,44711,23623724,28286614176,6286,49.89,210.04,573,4.55,6.09,30543,242.4,1072.59,0.75,0.72,0.53,0.53,17.52,101.79
2866,45602,31571575,36304483696,6242,54.28,215.86,638,5.55,6.43,30968,269.29,1134.44,0.81,0.77,0.47,0.48,22.54,122.95
2867,44508,14863612,16171175951,6108,49.26,203.61,562,4.53,5.28,30285,244.23,1071.3,0.82,0.8,0.49,0.5,19.18,124.84
2868,42723,1585856,1187253351,5899,50.85,203.37,434,3.74,2.03,29255,252.2,1069.82,0.79,0.75,0.48,0.49,15.05,127.72
2869,25046,4260989,3993668594,3813,32.87,155.5,482,4.16,3.12,17313,149.25,782.83,0.8,0.77,0.49,0.51,13.14,129.89
2870,858,1964251,2051112332,507,4.22,3.49,463,3.86,2.4,606,5.05,4.52,0.78,0.75,0.5,0.54,15.51,109.52
2871,801,66879,51996878,478,4.02,2.58,437,3.67,1.72,577,4.85,3.27,0.77,0.75,0.48,0.49,16.73,117.56
2872,887,74318,46675937,559,4.3,3.24,504,3.88,2.23,664,5.11,4.35,0.75,0.72,0.52,0.53,12.15,122.62
2873,1022,64051,34884977,624,4.55,3.7,564,4.12,2.31,732,5.34,5.29,0.74,0.72,0.51,0.51,12.11,118.74
2874,963,90533,108998676,512,4.34,3.21,460,3.9,2.33,621,5.26,4.08,0.73,0.72,0.47,0.5,14.0,110.22
2875,895,2450909,3502145775,531,4.08,3.2,465,3.58,2.07,644,4.95,4.23,0.73,0.71,0.52,0.52,10.98,107.01
2876,1053,1601564,2342228999,590,4.18,3.31,553,3.92,3.17,717,5.09,4.67,0.71,0.68,0.47,0.49,9.26,114.22
2877,945,1748541,2558929696,556,4.41,3.43,517,4.1,2.63,663,5.26,4.98,0.73,0.71,0.49,0.51,9.87,121.34
2878,938,1859001,2650558457,510,4.25,3.34,516,4.3,4.47,628,5.23,4.86,0.77,0.73,0.44,0.46,7.59,124.81
2879,493,15120,2044682,322,3.16,2.82,260,2.55,1.32,361,3.54,3.77,0.71,0.69,0.65,0.67,9.82,115.63
2880,582,17906,11595319,362,3.07,2.74,321,2.72,1.53,409,3.47,3.51,0.7,0.67,0.54,0.56,13.83,111.56
2881,540,6680,941872,341,3.22,2.81,286,2.7,1.42,383,3.61,3.39,0.68,0.66,0.51,0.52,6.02,108.62
2882,517,52657,13780862,327,3.48,2.97,271,2.88,1.56,381,4.05,3.73,0.73,0.71,0.53,0.55,14.84,118.83
2883,527,12046,5589285,322,3.29,2.89,275,2.81,1.52,370,3.78,3.45,0.73,0.7,0.56,0.58,8.14,100.96
2884,492,543983,770289216,301,3.31,2.75,273,3.0,1.73,342,3.76,3.25,0.77,0.75,0.55,0.56,13.87,111.42
2885,482,279697,393335734,290,2.93,2.61,258,2.61,1.69,341,3.44,3.59,0.72,0.69,0.53,0.57,13.56,117.92
2886,464,72571,58488763,295,3.24,2.96,269,2.96,1.87,338,3.71,3.68,0.8,0.79,0.51,0.52,20.07,113.74
2887,649,67487,61933443,394,3.75,3.49,332,3.16,1.94,465,4.43,4.91,0.71,0.68,0.5,0.53,15.77,108.68
2888,797,51142,35233292,463,4.29,3.43,395,3.66,2.28,557,5.16,4.77,0.74,0.71,0.51,0.53,16.37,119.15
2889,921,640032,824015360,510,4.36,4.02,414,3.54,1.8,607,5.19,5.31,0.78,0.76,0.47,0.49,12.43,127.91
2890,882,54468,44769159,530,4.53,3.79,482,4.12,2.89,633,5.41,5.02,0.78,0.76,0.42,0.44,12.27,126.89
2891,922,41313,31749953,477,3.91,3.21,459,3.76,2.44,580,4.75,4.58,0.77,0.74,0.44,0.46,18.11,116.29
2892,896,1768063,1923700268,523,4.43,3.62,443,3.75,1.95,617,5.23,4.79,0.75,0.71,0.46,0.48,16.03,113.68
2893,940,81504,75597274,500,4.35,3.68,421,3.66,1.85,599,5.21,4.78,0.74,0.69,0.44,0.45,18.92,113.82
2894,941,49492,45675454,523,4.22,3.62,543,4.38,2.92,622,5.02,5.17,0.81,0.78,0.47,0.49,12.68,123.37
2895,960,430908,410521625,480,4.25,3.94,424,3.75,2.21,595,5.27,5.77,0.77,0.74,0.48,0.48,12.76,119.24
2896,1063,58700,42699648,562,4.29,3.58,551,4.21,4.34,681,5.2,4.71,0.78,0.75,0.45,0.44,11.47,121.23
2897,1067,62158,55094487,565,4.35,3.87,503,3.87,2.04,672,5.17,5.19,0.76,0.73,0.47,0.48,9.88,123.33
2898,1130,56671,48759845,589,4.36,4.03,585,4.33,3.5,696,5.16,5.36,0.77,0.73,0.47,0.5,7.76,118.33
2899,1187,99384,93698221,597,4.36,3.58,556,4.06,2.12,721,5.26,4.73,0.76,0.73,0.46,0.47,12.14,117.96
2900,1178,71539,52139322,638,4.8,4.12,576,4.33,2.45,796,5.98,5.72,0.67,0.64,0.47,0.47,12.66,112.3
2901,1048,27887,20042621,528,4.16,3.77,503,3.96,2.31,659,5.19,5.38,0.77,0.72,0.48,0.5,12.05,115.16
2902,1101,63686,63767804,588,4.36,3.79,552,4.09,2.17,705,5.22,4.93,0.82,0.79,0.46,0.47,11.98,123.2
2903,1204,31977,19198678,652,4.62,3.66,655,4.65,3.24,792,5.62,4.89,0.78,0.75,0.45,0.45,9.61,126.74
2904,1058,29429,20847946,569,4.55,3.63,500,4.0,1.85,692,5.54,5.3,0.78,0.76,0.47,0.47,11.11,128.43
2905,799,18835,13964319,446,3.95,4.22,384,3.4,1.9,545,4.82,5.84,0.77,0.75,0.52,0.51,8.36,115.28
2906,637,18868,13275533,363,3.39,3.29,313,2.93,1.59,430,4.02,4.17,0.79,0.77,0.56,0.55,8.1,122.98
2907,822,38093,34213749,447,3.89,3.95,395,3.43,1.8,543,4.72,5.2,0.8,0.78,0.5,0.5,9.24,125.85
2908,838,43923,35948849,490,3.98,3.74,434,3.53,1.98,584,4.75,4.93,0.72,0.69,0.5,0.52,9.47,111.13
2909,714,25284,21136109,389,3.67,4.29,300,2.83,1.67,445,4.2,5.21,0.73,0.7,0.55,0.54,8.52,112.99
2910,679,94285,110126626,395,4.07,3.62,328,3.38,1.94,453,4.67,4.68,0.76,0.76,0.55,0.55,14.88,114.56
2911,679,15601,7837731,395,3.66,3.32,331,3.06,1.78,448,4.15,4.13,0.71,0.69,0.48,0.47,16.23,111.76
2912,681,2512200,3148747692,392,3.84,3.11,345,3.38,1.79,458,4.49,4.11,0.74,0.72,0.5,0.5,21.68,113.06
2913,905,128204,135876474,464,3.83,3.67,424,3.5,2.96,562,4.64,5.12,0.7,0.67,0.5,0.53,16.06,107.58
2914,1026,88695,60891197,563,4.27,3.62,523,3.96,4.07,655,4.96,4.64,0.76,0.73,0.48,0.5,19.69,121.8
2915,856,95574,61164753,475,4.24,3.95,374,3.34,1.87,571,5.1,5.88,0.74,0.71,0.54,0.53,13.87,103.62
2916,626,40214,37030850,364,3.08,2.88,294,2.49,1.49,415,3.52,3.76,0.72,0.71,0.53,0.53,14.99,100.41
2917,585,113774,121880010,343,3.21,2.99,271,2.53,1.6,410,3.83,4.02,0.69,0.68,0.59,0.61,12.3,97.07
2918,712,59000,31654644,387,3.34,3.1,321,2.77,1.69,474,4.09,4.56,0.75,0.73,0.53,0.54,13.55,108.91
2919,664,24017,19615781,375,3.57,3.09,311,2.96,1.6,450,4.29,4.35,0.75,0.73,0.56,0.55,13.95,99.72
2920,697,15045,8890991,397,3.93,3.27,356,3.52,2.09,469,4.64,4.2,0.81,0.8,0.47,0.45,17.15,115.43
2921,692,1057655,1396207134,389,3.32,3.1,342,2.92,2.25,466,3.98,4.4,0.75,0.72,0.49,0.49,5.53,117.32
2922,642,33265,21183776,381,3.77,3.05,328,3.25,1.66,450,4.46,4.09,0.79,0.77,0.48,0.5,18.28,124.87
2923,647,40500,38940444,383,3.72,3.23,321,3.12,1.97,447,4.34,4.26,0.72,0.69,0.52,0.54,9.53,114.65
2924,1111,71467,74834176,626,4.71,3.88,567,4.26,2.72,736,5.53,5.21,0.8,0.78,0.46,0.49,9.17,125.26
2925,1060,1187579,1564964417,595,4.65,3.81,555,4.34,2.36,718,5.61,5.54,0.8,0.76,0.42,0.44,10.75,119.13
2926,1063,57397,60070831,606,4.93,4.05,584,4.75,3.11,704,5.72,5.66,0.81,0.79,0.51,0.53,9.35,118.15
2927,985,311248,415799233,581,4.69,3.68,528,4.26,2.31,683,5.51,5.09,0.78,0.76,0.47,0.49,8.51,118.09
2928,1109,1932799,2575033661,662,5.13,3.63,607,4.71,2.21,780,6.05,5.06,0.81,0.79,0.46,0.49,10.84,135.59
2929,1078,59441,44519940,612,4.86,3.8,543,4.31,2.43,698,5.54,4.86,0.76,0.74,0.43,0.48,9.22,132.34
2930,771,43219,40871507,459,3.99,3.18,440,3.83,2.67,543,4.72,4.69,0.8,0.77,0.44,0.45,9.84,128.83
2931,914,37967,36256030,553,4.53,4.22,468,3.84,2.0,642,5.26,5.9,0.78,0.76,0.46,0.48,11.57,119.9
2932,970,27319,20395625,542,4.67,3.55,501,4.32,2.63,638,5.5,5.16,0.78,0.75,0.45,0.49,9.75,132.09
2933,714,35401,12691020,434,3.84,3.75,350,3.1,1.68,522,4.62,5.1,0.71,0.68,0.52,0.55,8.76,117.75
2934,788,1210915,1306779583,499,4.12,3.68,427,3.53,1.8,573,4.74,4.65,0.78,0.76,0.47,0.5,10.98,128.77
2935,764,457547,439711561,381,3.7,3.26,344,3.34,2.73,479,4.65,4.86,0.78,0.76,0.52,0.53,15.03,122.01
2936,1069,1224608,1685582372,526,4.38,4.25,532,4.43,3.73,644,5.37,5.51,0.8,0.77,0.52,0.53,16.02,105.17
2937,699,410108,65273248,409,3.68,3.41,332,2.99,1.65,513,4.62,4.95,0.75,0.74,0.55,0.56,22.36,95.69
2938,823,399772,81261514,438,3.78,3.13,422,3.64,2.88,507,4.37,4.43,0.81,0.8,0.53,0.53,24.51,102.85
2939,725,3315868,4824652511,423,3.88,3.02,388,3.56,2.94,495,4.54,4.2,0.75,0.71,0.55,0.56,21.49,108.05
2940,915,9484973,13642298620,531,4.42,3.6,498,4.15,2.79,636,5.3,5.04,0.75,0.74,0.51,0.53,15.36,99.24
2941,1128,7307797,10639447728,581,4.47,3.91,546,4.2,3.38,727,5.59,5.93,0.79,0.78,0.53,0.55,17.88,99.75
2942,1108,6704496,9631968806,594,4.43,4.18,490,3.66,2.13,759,5.66,6.53,0.78,0.76,0.51,0.52,18.52,105.88
2943,1056,27922698,40694146543,589,4.53,3.79,512,3.94,2.34,726,5.58,5.27,0.78,0.75,0.51,0.54,13.51,105.17
2944,1074,19257308,28136745198,567,4.33,3.54,507,3.87,2.04,709,5.41,4.77,0.78,0.74,0.51,0.5,16.49,113.3
2945,1128,1300650,1247986045,604,4.58,4.0,519,3.93,2.43,752,5.7,5.58,0.71,0.68,0.46,0.47,15.33,110.39
2946,1266,470531,453661172,676,4.9,4.07,619,4.49,3.08,823,5.96,6.2,0.82,0.82,0.48,0.49,17.26,106.9
2947,1207,89950,81557408,641,4.71,3.99,539,3.96,1.99,781,5.74,5.9,0.78,0.76,0.45,0.45,19.78,107.56
2948,1282,38648341,55752710918,626,5.22,4.31,509,4.24,2.06,785,6.54,6.27,0.8,0.78,0.49,0.5,17.29,103.56
2949,1437,22131127,32156417514,703,5.76,4.83,605,4.96,3.58,889,7.29,7.48,0.78,0.78,0.54,0.56,17.55,103.41
2950,1485,72841,41230532,784,5.44,4.56,713,4.95,2.81,953,6.62,6.81,0.8,0.79,0.45,0.47,9.16,112.57
2951,1387,66738,55040888,730,5.62,4.41,667,5.13,2.69,912,7.02,6.43,0.79,0.78,0.42,0.44,11.72,113.83
2952,1567,60859,46744472,793,5.47,4.05,808,5.57,3.96,1007,6.94,6.33,0.77,0.74,0.45,0.5,12.68,110.48
2953,1377,59983,50769600,734,5.17,4.08,661,4.65,2.5,925,6.51,6.6,0.74,0.7,0.42,0.44,12.93,116.62
2954,1392,63514,42618794,732,5.38,4.79,701,5.15,3.37,903,6.64,6.56,0.76,0.72,0.45,0.47,13.06,109.18
2955,1308,2753279,2762347216,693,5.06,4.71,588,4.29,2.41,851,6.21,6.65,0.74,0.7,0.48,0.49,13.55,114.81
2956,1052,58741,38814042,561,4.32,4.19,477,3.67,1.95,688,5.29,6.01,0.71,0.69,0.46,0.46,12.67,108.35
2957,958,37954,27575849,541,4.23,3.94,481,3.76,2.51,661,5.16,5.52,0.72,0.69,0.48,0.49,14.04,108.07
2958,1061,82225,81196765,526,3.95,3.71,604,4.54,12.49,659,4.95,5.49,0.7,0.67,0.53,0.53,15.32,106.51
2959,804,3086283,3813057653,460,3.83,3.5,407,3.39,2.04,564,4.7,4.74,0.74,0.72,0.53,0.54,17.79,99.36
2960,551,23189,19807525,330,3.3,2.94,272,2.72,1.53,375,3.75,3.86,0.77,0.76,0.58,0.59,16.78,91.48
2961,619,55770,50269980,402,3.47,3.0,337,2.91,1.79,462,3.98,3.64,0.76,0.73,0.53,0.56,22.32,101.6
2962,690,510918,508206500,432,3.54,2.81,392,3.21,2.27,499,4.09,3.6,0.79,0.78,0.56,0.58,20.32,101.67
2963,714,34438,22759743,441,3.45,2.84,388,3.03,1.68,515,4.02,3.74,0.82,0.8,0.52,0.53,16.02,105.94
2964,794,53763,33909002,489,3.7,3.48,417,3.16,2.13,592,4.48,4.5,0.7,0.67,0.54,0.55,18.33,101.3
2965,741,47470,27544363,446,3.69,3.44,374,3.09,1.89,526,4.35,4.68,0.7,0.67,0.55,0.58,16.24,99.91
2966,896,111382,121572778,426,3.55,3.2,372,3.1,1.84,531,4.42,4.36,0.76,0.73,0.53,0.5,15.09,94.06
2967,1217,54684,33973302,496,3.73,2.98,499,3.75,4.0,609,4.58,4.13,0.79,0.77,0.54,0.54,11.85,98.7
2968,1716,803385,1007596185,788,4.86,3.54,758,4.68,2.71,954,5.89,5.0,0.8,0.78,0.49,0.49,8.07,107.42
2969,1520,114140,104972754,649,4.39,3.57,662,4.47,3.36,834,5.64,5.5,0.81,0.79,0.48,0.46,8.06,110.22
2970,1354,465410,453368692,636,4.18,3.46,593,3.9,2.2,784,5.16,4.89,0.78,0.75,0.46,0.45,7.41,102.94
2971,1326,43451,24728788,651,4.49,3.7,604,4.17,2.66,804,5.54,5.46,0.78,0.77,0.49,0.47,9.36,104.39
2972,1440,94719,102780660,692,4.68,4.05,643,4.34,2.34,830,5.61,5.54,0.8,0.77,0.47,0.45,12.51,109.28
2973,1337,54393,34207000,649,4.88,3.7,604,4.54,2.17,777,5.84,5.05,0.76,0.73,0.43,0.42,9.09,112.73
2974,1544,58237,47803756,740,4.84,3.75,680,4.44,2.62,904,5.91,5.45,0.7,0.68,0.49,0.49,10.42,105.1
2975,1506,60316,44543704,738,4.82,4.23,655,4.28,2.38,859,5.61,5.4,0.75,0.72,0.47,0.46,10.36,112.4
2976,1527,52935,40392470,742,4.64,3.52,669,4.18,1.91,873,5.46,4.85,0.73,0.7,0.47,0.48,8.2,112.45
2977,1468,46103,36152289,714,4.79,4.07,617,4.14,2.09,836,5.61,5.56,0.76,0.73,0.45,0.47,7.79,116.6
2978,963,21956,15891333,455,3.76,3.53,432,3.57,2.64,543,4.49,4.77,0.72,0.71,0.52,0.5,7.39,107.94
2979,859,49077,38790859,408,3.43,3.33,362,3.04,2.15,480,4.03,4.46,0.75,0.74,0.56,0.53,8.92,102.7
2980,858,31759,22287297,445,3.62,3.33,390,3.17,1.92,520,4.23,4.11,0.79,0.77,0.54,0.53,8.22,101.25
2981,919,61161,60302511,456,3.8,3.38,390,3.25,1.88,553,4.61,4.52,0.68,0.66,0.55,0.54,7.67,97.73
2982,873,208199,219896127,444,3.52,2.92,394,3.13,1.9,516,4.1,3.77,0.74,0.72,0.55,0.54,9.05,105.52
2983,867,25776,18930170,423,3.62,3.01,363,3.1,1.57,487,4.16,3.65,0.68,0.65,0.51,0.49,9.0,98.51
2984,716,43962,43411081,363,3.42,2.93,305,2.88,1.47,413,3.9,3.76,0.76,0.74,0.52,0.51,13.8,100.94
2985,742,38373,28913476,390,3.25,3.0,319,2.66,1.48,444,3.7,3.81,0.75,0.73,0.53,0.52,11.58,94.74
2986,1215,95429,81061201,556,4.09,3.45,489,3.6,2.11,681,5.01,4.89,0.75,0.73,0.51,0.5,17.52,104.78
2987,1415,56211,34646889,614,4.26,3.62,549,3.81,2.11,760,5.28,5.3,0.74,0.71,0.46,0.45,8.24,106.49
2988,1480,2600535,3767090702,658,4.48,3.78,588,4.0,2.33,792,5.39,5.27,0.7,0.67,0.5,0.49,9.5,106.98
2989,1473,60521,39638896,644,4.38,3.36,619,4.21,2.49,802,5.46,5.18,0.76,0.73,0.48,0.48,6.39,111.14
2990,1383,149952,170857205,604,4.19,3.74,599,4.16,3.26,733,5.09,5.23,0.76,0.73,0.48,0.48,5.88,107.02
2991,1436,1299759,1284791130,656,4.46,3.83,607,4.13,2.35,808,5.5,5.29,0.75,0.73,0.49,0.48,8.12,106.52
2992,1416,52469,37643586,637,4.42,3.61,597,4.15,2.5,775,5.38,5.23,0.76,0.74,0.48,0.47,10.73,109.31
2993,1659,956127,1166576476,721,4.59,3.73,754,4.8,4.01,883,5.62,5.31,0.79,0.77,0.49,0.48,10.5,109.83
2994,1453,71043,56299022,624,4.22,3.41,679,4.59,4.56,751,5.07,4.67,0.81,0.77,0.46,0.47,9.59,113.48
2995,1598,126088,115278872,635,4.54,3.67,612,4.37,2.7,801,5.72,5.35,0.79,0.76,0.49,0.48,10.42,100.83
2996,1544,64048,48282635,709,4.76,3.83,677,4.54,2.86,870,5.84,5.43,0.74,0.71,0.49,0.5,10.37,108.58
2997,1636,169254,199844915,668,4.34,3.64,703,4.56,3.28,844,5.48,5.4,0.78,0.76,0.48,0.48,11.82,105.45
2998,1658,71675,57304973,735,4.74,4.33,699,4.51,2.92,912,5.88,6.04,0.78,0.75,0.47,0.48,9.35,113.28
2999,1526,57178,42554292,669,4.68,4.08,673,4.71,2.76,818,5.72,5.85,0.83,0.8,0.47,0.46,7.85,113.58
3000,1555,57754,42642008,634,4.53,3.77,709,5.06,6.13,790,5.64,5.4,0.75,0.72,0.44,0.45,8.59,107.33
3001,1028,29979,18246588,429,3.9,3.72,397,3.61,2.32,522,4.75,4.96,0.79,0.77,0.54,0.53,10.66,101.71
3002,731,26735,15946420,362,3.2,3.09,308,2.73,1.53,424,3.75,4.14,0.73,0.72,0.54,0.52,8.67,111.76
3003,790,27041,18041835,357,3.22,3.19,316,2.85,1.83,426,3.84,4.31,0.64,0.63,0.53,0.51,5.66,94.93
3004,838,41240,30927323,399,3.38,3.13,374,3.17,2.06,464,3.93,3.92,0.79,0.78,0.53,0.52,5.79,95.26
3005,800,15814,5372714,385,3.24,3.48,319,2.68,1.45,444,3.73,4.26,0.7,0.68,0.56,0.54,12.36,98.79
3006,803,27023,26286427,362,3.38,3.5,295,2.76,1.73,426,3.98,4.89,0.74,0.71,0.49,0.48,8.28,106.29
3007,946,33611,23761049,481,3.98,3.66,469,3.88,4.3,565,4.67,4.85,0.76,0.73,0.51,0.51,12.21,105.35
3008,1071,4931107,6033336398,476,3.75,3.04,472,3.72,2.46,578,4.55,4.34,0.73,0.7,0.5,0.48,7.15,104.6
3009,1158,25832,17818459,558,3.85,3.22,533,3.68,2.44,670,4.62,4.63,0.75,0.73,0.5,0.5,7.68,112.95
3010,1265,62323,52836010,574,4.13,3.66,533,3.83,2.57,729,5.24,5.53,0.75,0.73,0.51,0.5,8.04,102.7
3011,1401,823080,1062061857,648,4.5,3.7,627,4.35,2.92,787,5.47,5.1,0.74,0.72,0.5,0.49,8.57,107.97
3012,1223,47041,26705705,538,4.08,3.69,471,3.57,2.09,668,5.06,4.94,0.69,0.66,0.48,0.45,13.25,108.36
3013,1375,555977,716380248,617,4.23,3.73,597,4.09,2.97,765,5.24,5.19,0.74,0.72,0.48,0.47,11.92,113.79
3014,1647,58932,44039583,706,5.01,3.98,665,4.72,2.57,900,6.38,6.41,0.81,0.76,0.42,0.42,9.3,134.83
3015,1470,51020,31083330,650,4.92,3.37,694,5.26,4.07,742,5.62,4.43,0.88,0.85,0.38,0.41,8.16,154.31
3016,1291,844979,1146262908,605,4.69,3.32,572,4.43,1.92,687,5.33,4.14,0.85,0.81,0.39,0.38,6.68,153.65
3017,1255,35491,24498114,586,4.51,3.49,548,4.22,2.09,672,5.17,4.37,0.83,0.8,0.44,0.46,10.0,155.21
3018,1600,30085,26148416,641,4.27,3.1,611,4.07,1.82,744,4.96,4.32,0.86,0.82,0.38,0.39,7.93,147.12
3019,1313,925860,1250642730,587,4.77,3.25,577,4.69,2.73,678,5.51,4.17,0.86,0.83,0.41,0.42,9.79,147.34
3020,1360,74205,68544710,545,4.54,3.09,553,4.61,2.78,620,5.17,3.99,0.83,0.77,0.37,0.37,9.04,153.39
3021,1401,1896115,2352255161,612,4.5,3.22,595,4.38,2.03,723,5.32,4.63,0.85,0.83,0.43,0.45,6.59,150.12
3022,1428,23918,13714632,614,4.32,3.15,601,4.23,1.93,685,4.82,4.1,0.85,0.81,0.38,0.39,7.64,156.7
3023,1354,32339,24330738,564,4.51,3.41,560,4.48,2.72,658,5.26,4.65,0.86,0.83,0.39,0.42,5.82,154.13
3024,1589,51891,28081574,622,4.64,3.41,594,4.43,2.08,718,5.36,4.68,0.86,0.83,0.38,0.4,5.98,160.32
3025,1347,21665,12626252,583,4.7,3.36,527,4.25,1.88,671,5.41,4.52,0.81,0.75,0.37,0.38,3.4,153.39
3026,1133,48374,48515786,466,4.09,3.22,446,3.91,2.02,559,4.9,4.08,0.81,0.78,0.45,0.45,3.2,137.96
3027,1298,23362,18657705,532,3.94,3.13,479,3.55,1.74,612,4.53,4.13,0.83,0.79,0.45,0.46,3.92,142.66
3028,1238,25538,21142248,523,3.87,3.24,469,3.47,1.73,582,4.31,4.05,0.85,0.82,0.46,0.46,5.17,143.64
3029,1012,13323,7709068,459,3.64,2.61,414,3.29,1.51,501,3.98,3.19,0.82,0.79,0.45,0.45,4.58,139.38
3030,898,24045,11202500,427,3.78,2.57,382,3.38,1.54,495,4.38,3.3,0.79,0.76,0.44,0.42,8.89,127.06
3031,969,3250401,3641189399,467,3.71,2.39,434,3.44,1.45,539,4.28,2.94,0.8,0.78,0.46,0.45,5.64,142.93
3032,898,322281,408619405,480,3.78,2.71,460,3.62,1.66,581,4.57,3.65,0.82,0.79,0.47,0.47,6.12,138.16
3033,1057,148661,156291498,499,3.93,2.55,496,3.91,2.05,611,4.81,3.54,0.8,0.78,0.47,0.46,9.79,136.27
3034,1295,93442,58311112,541,3.98,2.91,526,3.87,1.8,666,4.9,3.76,0.83,0.8,0.43,0.42,7.2,146.2
3035,1493,167509,197116769,572,4.43,2.97,542,4.2,2.01,743,5.76,4.55,0.8,0.76,0.43,0.45,6.33,145.9
3036,1023,82650,24615396,543,4.53,3.2,606,5.05,3.75,674,5.62,4.59,0.8,0.79,0.46,0.49,11.42,128.86
3037,978,44832,41599256,518,4.39,3.79,592,5.02,4.7,621,5.26,4.81,0.77,0.75,0.48,0.51,7.33,108.56
3038,808,223277,256152641,460,3.68,2.47,483,3.86,2.58,552,4.42,3.24,0.8,0.79,0.46,0.5,10.22,134.64
3039,1420,1592902,196913059,458,3.82,2.61,471,3.92,2.53,624,5.2,4.61,0.82,0.78,0.43,0.46,9.92,146.2
3040,6436,3399359,3620318100,593,4.43,2.96,554,4.13,2.64,735,5.49,5.22,0.79,0.76,0.48,0.5,8.04,139.01
3041,2655,1429485,1677504263,751,5.29,3.45,722,5.08,3.23,917,6.46,5.34,0.81,0.79,0.41,0.43,6.3,149.97
3042,4867,3136795,3204158371,715,5.0,3.52,629,4.4,2.34,902,6.31,6.21,0.8,0.78,0.44,0.46,8.88,148.16
3043,1828,17251,10206208,683,4.91,3.12,692,4.98,3.36,825,5.94,4.23,0.8,0.78,0.42,0.43,8.13,148.16
3044,1418,39876,39191628,754,4.99,2.94,894,5.92,4.24,870,5.76,3.76,0.84,0.81,0.42,0.45,4.68,148.25
3045,1357,3501376,2396909934,729,5.06,2.95,788,5.47,3.6,845,5.87,3.77,0.86,0.83,0.41,0.45,6.09,152.2
3046,1572,353301,356523316,787,5.39,3.29,873,5.98,4.34,916,6.27,3.89,0.85,0.82,0.36,0.4,5.29,166.51
3047,1559,328181,323690829,761,5.11,2.89,822,5.52,3.47,885,5.94,3.9,0.85,0.82,0.36,0.41,4.22,163.53
3048,1569,20955,7940979,683,4.27,2.71,728,4.55,2.91,784,4.9,3.44,0.83,0.79,0.41,0.45,5.13,157.93
3049,1067,14760,8985751,508,3.94,3.12,497,3.85,2.12,598,4.64,3.81,0.81,0.79,0.43,0.46,6.12,153.18
3050,738,7800,1573666,426,3.77,2.68,452,4.0,2.68,491,4.35,3.35,0.84,0.82,0.47,0.52,5.73,146.98
3051,805,10478,1923787,455,3.99,2.95,444,3.89,1.86,539,4.73,3.65,0.84,0.81,0.44,0.48,6.47,157.19
3052,944,11692,8960983,487,3.93,2.93,473,3.81,2.09,555,4.48,3.47,0.85,0.82,0.48,0.5,5.2,141.15
3053,778,5022,622329,403,3.42,2.46,384,3.25,1.51,464,3.93,2.88,0.83,0.81,0.48,0.51,4.21,144.42
3054,861,12725,9664313,470,3.46,2.51,456,3.35,1.94,532,3.91,3.14,0.89,0.88,0.54,0.57,5.16,136.75
3055,993,21023,15380346,511,3.79,2.68,467,3.46,1.57,587,4.35,3.34,0.8,0.76,0.48,0.5,5.83,144.72
3056,1576,32370,27708011,462,4.28,3.62,382,3.54,1.53,567,5.25,5.49,0.78,0.76,0.49,0.53,8.27,139.06
3057,1310,8581254,10187116148,509,4.17,3.19,450,3.69,2.01,624,5.11,4.53,0.81,0.8,0.51,0.53,7.91,134.98
3058,1496,63410,62895830,628,4.45,3.27,598,4.24,3.08,762,5.4,4.62,0.78,0.75,0.47,0.48,7.81,137.99
3059,1113,2204204,2368722714,561,4.49,3.46,497,3.98,2.51,681,5.45,4.42,0.79,0.78,0.5,0.52,13.28,133.24
3060,1174,1277911,1230011129,614,4.51,3.42,588,4.32,3.01,762,5.6,4.52,0.72,0.7,0.51,0.53,10.12,122.47
3061,1075,1129878,1223219350,579,4.52,3.72,547,4.27,3.39,702,5.48,5.08,0.72,0.7,0.5,0.52,11.69,100.83
3062,1103,1951725,2073103206,609,4.29,3.41,614,4.32,3.0,724,5.1,4.31,0.78,0.73,0.49,0.52,9.53,122.61
3063,1101,1523447,1706919601,584,4.39,3.14,588,4.42,2.11,700,5.26,4.0,0.84,0.79,0.43,0.45,7.43,154.87
3064,1275,305357,395995107,670,4.69,3.38,719,5.03,3.19,793,5.55,4.23,0.86,0.82,0.39,0.44,6.33,159.33
3065,1424,60900,52306443,705,4.58,3.02,711,4.62,2.33,832,5.4,4.28,0.86,0.83,0.4,0.42,9.2,149.94
3066,1515,73383,66499003,697,4.41,2.74,803,5.08,3.27,834,5.28,3.5,0.87,0.84,0.43,0.46,5.88,146.58
3067,1474,2316875,2690834547,708,4.32,2.6,736,4.49,2.62,897,5.47,3.86,0.82,0.78,0.41,0.45,5.87,150.05
3068,1534,978471,1035498855,743,4.64,2.98,811,5.07,3.71,928,5.8,4.12,0.81,0.77,0.39,0.43,6.69,156.91
3069,1459,981526,1053279122,650,4.45,2.97,730,5.0,2.97,840,5.75,4.12,0.89,0.86,0.4,0.43,6.52,147.74
3070,1670,177301,116415830,682,4.21,2.91,794,4.9,3.18,857,5.29,3.79,0.87,0.84,0.42,0.46,5.02,153.52
3071,1572,29991,9407995,650,4.28,2.99,710,4.67,3.33,821,5.4,4.59,0.87,0.84,0.45,0.49,5.23,150.31
3072,1826,15711,4434867,743,4.61,3.57,835,5.19,4.2,963,5.98,4.91,0.82,0.78,0.44,0.47,4.02,151.41
3073,1624,19518,16351301,692,4.35,3.18,720,4.53,2.35,853,5.36,4.19,0.83,0.79,0.41,0.44,4.84,155.93
3074,1625,16982,5018260,698,4.45,2.94,694,4.42,1.93,838,5.34,3.9,0.83,0.8,0.44,0.48,5.01,156.19
3075,1453,17662,11586163,704,4.76,3.58,698,4.72,2.33,838,5.66,4.49,0.85,0.81,0.35,0.38,3.41,170.55
3076,1352,84358,84352496,627,4.79,3.15,645,4.92,2.82,769,5.87,4.87,0.84,0.81,0.42,0.45,4.57,155.75
3077,1147,25795,22624934,590,4.44,3.19,594,4.47,2.55,702,5.28,4.11,0.82,0.78,0.46,0.5,4.39,147.67
3078,1108,27371,20354235,565,4.04,3.26,559,3.99,2.14,672,4.8,4.11,0.84,0.81,0.49,0.52,7.68,144.38
3079,1005,1865945,2104498409,519,4.25,2.99,533,4.37,2.76,601,4.93,3.94,0.85,0.82,0.44,0.46,7.26,146.37
3080,863,687282,854088431,508,3.65,2.14,481,3.46,1.53,576,4.14,2.7,0.81,0.78,0.44,0.47,11.18,153.65
3081,878,7267720,9160208960,505,3.63,2.33,528,3.8,2.04,583,4.19,2.73,0.8,0.77,0.45,0.5,10.16,141.28
3082,1216,91700,35400553,632,4.16,2.51,642,4.22,2.33,745,4.9,3.14,0.84,0.81,0.45,0.48,7.74,142.9
3083,919,1426057,1077420193,499,3.51,2.75,472,3.32,2.0,583,4.11,3.38,0.8,0.77,0.48,0.51,11.21,139.79
3084,1008,1630733,1579656277,559,4.17,2.72,564,4.21,2.44,686,5.12,3.7,0.83,0.8,0.44,0.48,9.86,144.43
3085,1081,393914,428182528,626,4.23,2.84,597,4.03,2.32,747,5.05,4.04,0.81,0.79,0.46,0.47,9.54,126.54
3086,1034,146958,116889193,606,4.66,3.13,586,4.51,2.65,717,5.52,4.25,0.82,0.79,0.45,0.47,7.57,121.35
3087,1061,145252,81993808,666,4.76,3.3,647,4.62,2.72,766,5.47,4.13,0.82,0.79,0.44,0.46,9.43,125.73
3088,1195,15515,5200408,681,4.42,2.89,664,4.31,2.21,836,5.43,4.03,0.8,0.77,0.43,0.46,7.91,131.79
3089,1259,29916,11088996,628,4.62,3.06,607,4.46,2.26,768,5.65,4.4,0.81,0.78,0.45,0.46,10.43,129.36
3090,1607,6067954,6289335679,695,4.83,3.47,701,4.87,2.89,838,5.82,4.8,0.8,0.78,0.47,0.48,12.1,125.74
3091,1443,204207,170484170,786,5.07,3.52,867,5.59,4.36,957,6.17,4.71,0.8,0.76,0.45,0.47,7.21,129.77
3092,1372,3956306,4038161780,756,5.32,3.61,779,5.49,3.35,922,6.49,5.29,0.8,0.77,0.46,0.47,10.5,127.0
3093,1403,2111586,2111549193,771,5.43,3.45,792,5.58,3.45,923,6.5,4.93,0.82,0.78,0.44,0.47,11.8,126.9
3094,1485,1189660,1255709075,769,5.27,3.2,845,5.79,3.58,915,6.27,4.42,0.81,0.77,0.45,0.49,8.15,130.77
3095,1382,105287,91854231,756,4.91,3.15,776,5.04,2.83,908,5.9,4.62,0.8,0.77,0.47,0.48,7.35,134.66
3096,1186,40748,22880334,641,4.42,3.11,635,4.38,2.9,772,5.32,4.16,0.79,0.77,0.46,0.48,8.21,120.53
3097,868,20326,2432623,516,4.1,2.92,504,4.0,2.45,606,4.81,3.84,0.79,0.79,0.47,0.48,10.87,122.11
3098,967,983579,1240231000,557,4.22,2.95,576,4.36,2.57,668,5.06,4.04,0.82,0.79,0.47,0.5,6.56,120.85
3099,842,43542,34019600,480,3.53,2.96,486,3.57,2.41,582,4.28,3.94,0.81,0.79,0.51,0.53,7.27,104.82
3100,683,20466,12274650,373,3.55,3.21,388,3.7,2.97,466,4.44,4.73,0.8,0.79,0.52,0.53,8.65,104.14
3101,820,21616,5048104,429,3.43,2.89,536,4.29,3.9,526,4.21,3.67,0.78,0.77,0.53,0.54,7.02,93.67
3102,643,194501,250114371,398,3.4,2.5,406,3.47,2.23,470,4.02,3.36,0.79,0.79,0.52,0.52,8.19,103.86
3103,713,264735,305695729,417,3.5,2.62,404,3.39,2.34,498,4.18,3.38,0.71,0.69,0.52,0.54,9.02,102.63
3104,583,112473,128777598,352,3.35,2.95,335,3.19,2.25,406,3.87,3.84,0.75,0.73,0.52,0.55,22.66,87.54
3105,736,300503,350448253,459,3.59,3.09,421,3.29,2.23,540,4.22,4.01,0.77,0.76,0.53,0.54,20.97,102.49
3106,659,189107,242884259,402,3.44,2.82,371,3.17,1.92,483,4.13,3.51,0.77,0.76,0.54,0.55,19.26,98.07
3107,690,43666,37757616,409,3.44,2.68,413,3.47,2.24,472,3.97,3.31,0.77,0.75,0.5,0.51,16.98,100.58
3108,715,73286,68904493,420,3.53,2.85,400,3.36,2.28,512,4.3,3.75,0.73,0.71,0.54,0.56,15.4,95.81
3109,847,1111015,1496603389,470,3.82,3.28,431,3.5,2.92,581,4.72,4.46,0.77,0.75,0.52,0.54,14.9,102.5
3110,800,409431,397343833,474,3.59,3.19,448,3.39,2.43,568,4.3,4.1,0.69,0.67,0.54,0.57,12.57,103.29
3111,910,161372,185435426,500,4.03,3.35,483,3.9,3.44,637,5.14,4.91,0.73,0.7,0.48,0.5,11.92,109.91
3112,11641,2299790,1034039427,2255,18.95,88.84,405,3.4,2.16,7927,66.61,366.51,0.73,0.7,0.52,0.54,14.76,111.97
3113,10044,629889,208839269,2029,14.49,74.24,509,3.64,2.41,6854,48.96,303.52,0.74,0.7,0.52,0.53,9.12,106.82
3114,28703,3120913,1303877373,4497,31.23,131.0,631,4.38,2.47,18501,128.48,599.55,0.76,0.73,0.47,0.52,8.95,112.28
3115,15031,462166,307743056,3125,19.9,84.2,680,4.33,2.9,9755,62.13,316.38,0.78,0.75,0.51,0.54,8.9,112.2
3116,5020,1193733,1113269978,1500,11.28,47.38,549,4.13,2.68,3387,25.47,136.53,0.73,0.7,0.52,0.55,10.31,114.88
3117,7582,848968,373554041,1976,13.82,59.53,586,4.1,3.22,5047,35.29,184.1,0.68,0.64,0.52,0.57,7.19,106.26
3118,10099,393362,267572313,2620,18.71,69.35,662,4.73,3.16,6804,48.6,207.48,0.74,0.7,0.5,0.53,8.07,109.4
3119,6688,274023,212002816,1963,13.26,51.78,632,4.27,3.2,4635,31.32,146.35,0.73,0.7,0.53,0.58,6.72,110.08
3120,9283,378942,281623526,2497,16.54,62.0,738,4.89,3.93,6293,41.68,182.32,0.71,0.67,0.5,0.54,10.0,110.17
3121,6678,257193,177321078,2093,15.06,56.15,577,4.15,2.97,4870,35.04,147.5,0.7,0.65,0.5,0.53,7.76,107.0
3122,4843,258911,232963488,1573,12.58,51.13,452,3.62,2.73,3568,28.54,138.2,0.74,0.72,0.51,0.54,9.6,99.99
3123,5264,254607,221331307,1799,14.51,51.52,405,3.27,2.33,3904,31.48,125.8,0.67,0.64,0.52,0.55,7.39,106.54
3124,4764,236037,198916240,1611,13.77,48.82,348,2.97,2.18,3553,30.37,119.93,0.7,0.68,0.59,0.61,8.89,96.58
3125,3875,168504,124565898,1410,11.28,41.71,390,3.12,1.94,2932,23.46,99.92,0.72,0.69,0.55,0.59,12.42,109.92
3126,4273,169444,122954542,1536,13.36,46.48,308,2.68,1.61,3250,28.26,108.87,0.64,0.62,0.6,0.59,13.2,100.65
3127,4490,189187,141716840,1575,13.24,45.44,354,2.97,1.61,3375,28.36,110.29,0.71,0.68,0.53,0.56,14.38,106.34
3128,4959,182373,127737391,1606,13.97,54.5,335,2.91,1.61,3743,32.55,151.78,0.73,0.7,0.55,0.58,14.52,108.45
3129,923,943933,1191958803,479,3.68,3.37,408,3.14,1.98,576,4.43,4.59,0.73,0.69,0.52,0.55,16.13,110.49
3130,883,25265,7743270,472,3.75,2.99,430,3.41,2.18,544,4.32,3.49,0.72,0.68,0.53,0.57,7.35,113.3
3131,747,577676,40517707,346,3.15,2.53,304,2.76,1.56,426,3.87,3.51,0.75,0.72,0.53,0.54,14.55,116.32
3132,858,1421033,1851675586,432,3.35,2.82,392,3.04,1.87,505,3.91,3.64,0.72,0.7,0.53,0.54,9.05,109.74
3133,1121,1389313,1819390755,542,4.01,3.1,554,4.1,4.42,640,4.74,4.13,0.76,0.72,0.48,0.52,10.32,114.46
3134,5210,1854431,703958214,1363,9.88,57.11,571,4.14,5.06,3592,26.03,214.59,0.76,0.73,0.5,0.53,11.98,109.59
3135,21867,760927,482579178,4061,28.4,119.74,541,3.78,2.35,14547,101.73,472.66,0.74,0.68,0.49,0.54,7.28,112.28
3136,6460,1603465,1977281129,1503,10.89,59.08,496,3.59,2.07,4121,29.86,210.43,0.73,0.7,0.49,0.52,9.07,123.33
3137,1092,1368957,1778486849,634,4.5,3.8,581,4.12,2.76,777,5.51,5.25,0.71,0.67,0.47,0.5,9.19,118.21
3138,1083,47884,40035058,588,4.14,3.46,574,4.04,3.07,694,4.89,4.54,0.75,0.71,0.49,0.54,11.37,114.29
3139,1079,1406474,1845665353,595,4.08,3.02,602,4.12,3.1,735,5.03,4.18,0.71,0.67,0.52,0.56,11.3,113.59
3140,1131,4566672,4920690021,640,4.51,3.29,653,4.6,2.95,775,5.46,4.64,0.76,0.72,0.46,0.52,10.3,124.48
3141,1182,2862154,3383503334,698,4.62,3.58,683,4.52,2.78,829,5.49,4.61,0.72,0.68,0.5,0.54,10.53,116.52
3142,1058,1286171,1235694260,629,4.4,3.34,606,4.24,2.4,741,5.18,4.52,0.74,0.69,0.45,0.49,13.15,115.48
3143,1086,4324510,4800139775,654,4.3,2.72,648,4.26,2.16,778,5.12,3.74,0.73,0.69,0.45,0.49,10.5,120.85
3144,1133,1205266,1098006855,671,4.44,3.45,652,4.32,2.84,807,5.34,4.79,0.74,0.71,0.45,0.5,9.6,114.85
3145,1095,25298,3584709,676,4.39,3.38,631,4.1,2.23,810,5.26,4.53,0.73,0.7,0.47,0.5,6.72,117.01
3146,844,377809,25396522,474,3.79,2.94,430,3.44,1.94,563,4.5,4.05,0.73,0.69,0.48,0.5,5.63,117.24
3147,621,10271,1588057,375,3.41,3.26,339,3.08,1.75,449,4.08,4.05,0.71,0.69,0.56,0.58,9.91,114.88
3148,697,852988,1086815563,424,3.66,2.79,417,3.59,2.26,520,4.48,3.77,0.75,0.72,0.53,0.58,10.8,112.48
3149,629,826674,1061229033,384,3.4,2.5,367,3.25,2.63,446,3.95,3.18,0.65,0.62,0.57,0.61,9.1,108.86
3150,694,169577,208169117,446,3.4,2.75,417,3.18,2.12,535,4.08,3.78,0.7,0.68,0.53,0.58,9.52,112.82
3151,677,13651,2026761,403,3.36,2.99,381,3.18,2.37,481,4.01,3.8,0.71,0.67,0.54,0.57,8.72,112.22
3152,654,349142,434938605,391,3.55,2.81,369,3.35,2.09,464,4.22,3.89,0.74,0.72,0.52,0.55,13.18,108.48
3153,647,19114,4774819,390,3.36,2.85,370,3.19,2.24,467,4.03,3.85,0.7,0.68,0.59,0.63,9.72,112.4
3154,790,344139,423319347,494,3.66,2.79,453,3.36,2.19,562,4.16,3.4,0.7,0.67,0.51,0.55,8.82,116.78
3155,1056,53938,47143475,667,4.33,3.38,629,4.08,2.3,770,5.0,4.56,0.77,0.73,0.46,0.51,10.28,124.29
3156,1025,438664,374357630,607,3.99,3.27,558,3.67,2.22,718,4.72,4.14,0.71,0.68,0.48,0.51,8.52,123.86
3157,883,24906,10905048,495,3.96,3.12,505,4.04,3.15,623,4.98,4.37,0.7,0.67,0.53,0.57,9.9,97.59
3158,658,26183,7535997,393,3.25,2.7,373,3.08,2.08,482,3.98,3.66,0.66,0.63,0.57,0.62,7.61,112.6
3159,671,23328,9981977,389,3.54,3.25,357,3.25,1.99,475,4.32,4.57,0.69,0.64,0.52,0.56,11.49,109.32
3160,696,10549,5878814,418,3.43,2.9,373,3.06,2.04,487,3.99,3.73,0.77,0.74,0.52,0.56,5.43,109.0
3161,685,67979,12096344,429,3.46,2.83,392,3.16,2.07,498,4.02,3.69,0.74,0.73,0.57,0.6,11.63,106.41
3162,662,1609879,1492025473,416,3.3,3.1,400,3.17,2.05,484,3.84,3.84,0.73,0.7,0.57,0.6,10.09,112.96
3163,653,337272,43783139,396,3.36,2.74,383,3.25,2.22,483,4.09,3.52,0.65,0.64,0.51,0.54,14.73,105.01
3164,701,2215188,2197298477,423,3.58,2.84,400,3.39,2.89,502,4.25,3.63,0.64,0.62,0.57,0.59,15.28,97.49
3165,804,907973,808632555,447,3.55,2.52,459,3.64,2.66,544,4.32,3.47,0.71,0.68,0.5,0.5,9.14,97.86
3166,1015,167382,56039063,578,4.04,3.24,575,4.02,2.91,723,5.06,4.39,0.67,0.63,0.47,0.52,9.57,105.39
3167,1219,53927,30055155,586,4.1,3.0,722,5.05,7.69,844,5.9,7.44,0.72,0.68,0.48,0.52,10.38,114.74
3168,1016,14643,1672007,632,4.16,3.08,603,3.97,2.64,745,4.9,4.27,0.72,0.67,0.5,0.53,8.06,111.1
3169,1290,69823,9436595,682,4.34,3.42,695,4.43,2.94,802,5.11,4.41,0.73,0.7,0.46,0.52,9.96,122.05
3170,790,43893,43878671,432,3.35,2.9,405,3.14,1.84,542,4.2,4.36,0.72,0.69,0.53,0.54,8.82,112.46
3171,671,31073,22436764,375,3.35,3.24,342,3.05,1.82,456,4.07,4.5,0.63,0.59,0.55,0.58,8.68,95.55
3172,596,10222,3343491,357,3.08,2.7,323,2.78,1.53,428,3.69,3.56,0.69,0.66,0.53,0.57,11.49,105.04
3173,688,15105,4742969,448,3.76,3.27,397,3.34,2.32,523,4.39,4.28,0.66,0.63,0.52,0.55,7.92,115.34
3174,625,11784,2502547,372,3.21,2.93,325,2.8,1.74,444,3.83,3.89,0.64,0.61,0.59,0.62,8.09,98.83
3175,673,13624,4755117,375,3.15,2.49,358,3.01,2.39,456,3.83,3.74,0.72,0.68,0.56,0.58,9.48,97.79
3176,638,11852,1560347,393,3.36,2.76,357,3.05,1.98,456,3.9,3.54,0.67,0.62,0.52,0.54,12.9,112.63
3177,596,33751,15520535,337,2.98,2.6,301,2.66,1.68,396,3.5,3.43,0.67,0.65,0.6,0.63,11.05,96.58
3178,753,38153,7287059,470,3.33,2.57,441,3.13,1.9,552,3.91,3.28,0.68,0.65,0.55,0.59,13.2,109.17
3179,1133,49035,20480516,548,4.18,3.44,513,3.92,2.42,693,5.29,4.93,0.69,0.66,0.49,0.51,11.14,114.2
3180,1099,104576,85001356,567,3.97,2.83,538,3.76,2.43,703,4.92,4.01,0.71,0.68,0.5,0.5,9.14,104.42
3181,998,16286,4256773,527,3.63,3.12,492,3.39,2.11,651,4.49,4.43,0.67,0.64,0.5,0.53,8.52,106.96
3182,1007,586230,765211623,594,4.01,2.93,586,3.96,2.61,722,4.88,3.84,0.71,0.67,0.49,0.52,10.11,105.92
3183,1021,154398,178331047,606,4.12,3.17,610,4.15,3.54,733,4.99,4.46,0.73,0.71,0.51,0.54,12.58,115.1
3184,1130,149628,179551010,657,4.11,3.26,630,3.94,2.78,815,5.09,4.89,0.7,0.65,0.49,0.52,8.95,107.81
3185,1084,26637,5354046,631,4.54,3.02,674,4.85,3.62,782,5.63,4.34,0.74,0.7,0.44,0.48,8.29,120.86
3186,1045,124863,156634883,619,4.07,2.88,620,4.08,2.6,735,4.84,4.1,0.74,0.71,0.45,0.48,7.88,119.16
3187,979,724715,712172302,591,4.31,3.2,572,4.18,2.82,715,5.22,4.3,0.72,0.68,0.47,0.51,9.95,121.83
3188,1072,27889,4742208,648,4.15,2.89,652,4.18,2.78,783,5.02,4.2,0.71,0.68,0.47,0.51,9.76,113.48
3189,1100,6371632,9507494139,640,4.27,3.1,652,4.35,3.11,786,5.24,4.52,0.73,0.7,0.5,0.54,10.38,105.03
3190,1175,43202,21368039,657,4.47,3.27,684,4.65,3.36,824,5.61,4.65,0.72,0.69,0.48,0.51,8.97,110.15
3191,1055,20625,2754079,569,4.06,3.2,561,4.01,2.95,711,5.08,4.62,0.7,0.67,0.5,0.53,7.54,107.66
3192,970,14536,1671676,526,3.98,3.13,559,4.23,3.63,650,4.92,4.06,0.71,0.68,0.47,0.51,6.37,104.2
3193,825,8357,1826960,467,3.54,2.57,456,3.45,2.2,567,4.3,3.63,0.66,0.62,0.49,0.53,6.38,99.07
3194,950,12070,1741941,554,4.1,3.07,564,4.18,3.5,656,4.86,3.98,0.71,0.67,0.51,0.53,6.4,109.0
3195,926,15478,2590566,560,3.71,2.95,514,3.4,1.87,659,4.36,3.82,0.69,0.66,0.49,0.53,7.7,114.03
3196,851,11336,1604312,479,3.63,3.06,458,3.47,2.14,601,4.55,4.45,0.69,0.65,0.51,0.54,5.38,101.04
3197,735,9267,2544474,400,3.28,2.83,377,3.09,2.17,491,4.02,3.86,0.67,0.64,0.55,0.57,6.51,101.78
3198,732,18406,3042088,450,3.66,3.01,431,3.5,2.45,543,4.41,4.0,0.71,0.69,0.53,0.57,10.13,102.05
3199,589,508648,495309328,360,3.05,2.85,321,2.72,1.77,431,3.65,3.76,0.67,0.65,0.54,0.59,12.38,96.18
3200,697,219135,295401043,387,3.25,2.84,362,3.04,1.98,486,4.08,3.89,0.71,0.68,0.53,0.57,15.16,100.98
3201,825,186585,200576610,465,3.63,3.19,415,3.24,1.98,572,4.47,4.14,0.69,0.67,0.52,0.52,12.94,105.06
3202,894,1792315,1841584140,465,3.78,3.37,441,3.59,2.3,576,4.68,4.35,0.76,0.74,0.5,0.5,13.24,99.82
3203,766,2945704,3985551976,423,3.58,2.97,391,3.31,2.54,527,4.47,4.28,0.71,0.69,0.52,0.52,13.45,93.74
3204,741,273620,363658202,411,3.61,3.08,386,3.39,2.42,495,4.34,4.06,0.76,0.74,0.53,0.53,8.71,94.44
3205,783,985121,1316718244,410,3.8,3.04,390,3.61,2.47,525,4.86,4.64,0.77,0.75,0.47,0.5,10.83,100.41
3206,850,257798,247074254,434,3.62,3.01,499,4.16,4.33,541,4.51,4.23,0.82,0.8,0.49,0.51,13.1,104.92
3207,964,150195,99806521,512,3.97,3.3,575,4.46,5.02,620,4.81,4.65,0.78,0.75,0.48,0.48,10.07,105.66
3208,1070,2358030,3004787245,590,4.61,3.62,657,5.13,5.43,702,5.48,4.64,0.74,0.72,0.49,0.54,13.12,95.98
3209,1207,28392,8241466,620,4.63,3.83,767,5.72,7.0,773,5.77,5.29,0.79,0.77,0.47,0.5,7.84,94.82
3210,1071,38841,24034418,516,4.13,3.53,618,4.94,6.19,637,5.1,4.91,0.8,0.77,0.52,0.54,12.28,96.48
3211,1243,849849,950716234,592,4.26,3.55,752,5.41,6.0,751,5.4,4.89,0.77,0.75,0.45,0.48,10.49,94.13
3212,1322,25768,5652617,602,4.1,3.23,798,5.43,5.68,791,5.38,4.79,0.76,0.73,0.48,0.5,8.5,101.45
3213,1286,86463,13316961,590,4.15,3.43,838,5.9,6.81,747,5.26,4.71,0.75,0.73,0.5,0.54,11.47,102.09
3214,1325,224396,154592677,614,4.12,3.35,811,5.44,5.98,779,5.23,4.79,0.7,0.66,0.49,0.52,9.23,96.28
3215,1338,384406,366434492,648,4.44,3.66,769,5.27,6.09,826,5.66,5.11,0.68,0.64,0.46,0.49,11.59,101.18
3216,1353,76795,12929920,701,4.55,3.17,826,5.36,5.18,854,5.55,4.44,0.7,0.67,0.45,0.48,11.44,107.7
3217,1338,20995,3226039,658,4.19,2.95,809,5.15,5.29,822,5.24,4.23,0.67,0.65,0.47,0.5,11.81,104.11
3218,919,24768,12266241,516,3.88,3.31,530,3.98,4.0,619,4.65,4.66,0.65,0.64,0.51,0.53,7.29,105.84
3219,862,46323,38378476,440,3.61,3.39,484,3.97,4.5,535,4.39,4.63,0.65,0.63,0.52,0.57,8.55,88.17
3220,828,14155,2706221,460,3.36,2.36,514,3.75,4.1,538,3.93,3.33,0.67,0.65,0.55,0.58,14.56,94.08
3221,749,63939,79530113,420,3.36,2.72,478,3.82,3.4,500,4.0,3.59,0.75,0.73,0.51,0.54,8.02,106.54
3222,754,16248,3052072,435,3.78,2.94,436,3.79,3.14,511,4.44,3.77,0.7,0.69,0.53,0.56,9.67,94.8
3223,696,24313,16846403,438,3.2,2.61,437,3.19,2.54,500,3.65,3.31,0.69,0.67,0.56,0.58,12.36,97.19
3224,730,193133,256364838,424,3.45,2.76,417,3.39,2.71,496,4.03,3.52,0.66,0.63,0.53,0.55,9.11,96.3
3225,609,66151,70619689,355,2.96,2.4,362,3.02,2.46,429,3.58,2.98,0.72,0.7,0.54,0.58,11.53,96.79
3226,958,50533,40036496,524,3.69,3.16,507,3.57,2.52,622,4.38,3.99,0.71,0.68,0.51,0.52,9.47,100.05
3227,815,129079,141306427,444,3.47,2.89,418,3.27,1.96,561,4.38,3.98,0.72,0.71,0.52,0.54,14.28,107.12
3228,686,85274,78473845,420,3.36,2.8,394,3.15,1.66,493,3.94,3.78,0.76,0.75,0.52,0.54,9.93,96.19
3229,669,63080,68076147,390,3.33,2.94,338,2.89,1.85,473,4.04,4.44,0.76,0.74,0.56,0.56,10.01,99.73
3230,656,933481,1201911688,393,3.05,2.51,380,2.95,1.71,460,3.57,3.1,0.72,0.7,0.54,0.55,10.34,100.2
3231,843,62350,67156217,482,3.86,2.83,534,4.27,3.21,545,4.36,3.53,0.78,0.74,0.52,0.53,9.29,113.89
3232,817,341068,350532165,487,3.75,3.02,541,4.16,3.21,537,4.13,3.69,0.79,0.77,0.53,0.53,9.45,114.51
3233,816,13943,3620116,497,3.77,2.59,514,3.89,2.24,548,4.15,3.22,0.75,0.73,0.48,0.48,6.03,117.01
3234,866,126206,163216371,500,3.6,2.47,551,3.96,2.8,570,4.1,3.14,0.72,0.69,0.52,0.53,8.13,113.12
3235,979,344138,434031729,531,4.02,2.76,533,4.04,2.81,637,4.83,4.08,0.7,0.67,0.51,0.53,7.28,114.87
3236,1150,95870,72819902,594,4.12,2.62,681,4.73,3.08,686,4.76,3.63,0.78,0.76,0.46,0.47,6.32,117.92
3237,1236,37817,11131764,734,4.27,3.03,714,4.15,2.25,812,4.72,3.89,0.77,0.74,0.45,0.48,7.1,125.24
3238,1252,36526,14510901,748,4.79,3.25,724,4.64,2.27,849,5.44,4.39,0.78,0.75,0.44,0.47,7.64,126.32
3239,1334,4633398,6017053741,783,4.8,3.09,768,4.71,2.05,897,5.5,4.45,0.79,0.76,0.46,0.48,6.22,131.4
3240,1631,28504,9482802,852,5.26,3.29,981,6.06,3.54,997,6.15,4.66,0.81,0.79,0.41,0.45,8.34,124.45
3241,1651,775346,705132970,814,5.22,3.24,1004,6.44,3.89,960,6.15,4.67,0.77,0.73,0.38,0.4,8.4,119.43
3242,903,59370,44861361,527,3.82,2.73,512,3.71,1.73,607,4.4,3.43,0.74,0.71,0.46,0.49,8.09,120.86
3243,891,30510,9492307,525,4.01,3.11,551,4.21,4.31,619,4.73,4.28,0.72,0.7,0.47,0.49,9.5,116.31
3244,853,41445,19817794,491,3.69,2.81,471,3.54,2.5,601,4.52,4.27,0.71,0.69,0.5,0.52,11.26,107.82
3245,795,47516,31072710,471,3.71,2.74,478,3.76,2.58,556,4.38,3.84,0.73,0.71,0.45,0.48,9.37,115.63
3246,667,28121,17817405,410,3.33,2.47,398,3.24,1.77,467,3.8,3.11,0.73,0.71,0.5,0.52,10.24,115.77
3247,785,37688,38664051,499,3.78,2.63,476,3.61,1.81,599,4.54,3.71,0.75,0.72,0.56,0.57,11.32,115.88
3248,814,290886,356231267,522,3.68,2.69,524,3.69,2.42,611,4.3,3.59,0.81,0.79,0.53,0.56,11.34,108.32
3249,839,9541350,13268657642,548,3.83,2.59,550,3.85,2.49,634,4.43,3.35,0.83,0.84,0.57,0.59,10.95,99.87
3250,850,9915375,13562520843,518,3.84,2.77,561,4.16,3.27,594,4.4,3.45,0.81,0.8,0.52,0.55,9.09,91.99
3251,767,299187,383938438,475,3.65,2.7,483,3.72,2.3,569,4.38,3.54,0.81,0.81,0.53,0.54,13.32,96.7
3252,723,298528,379328640,433,3.33,2.33,449,3.45,1.99,525,4.04,3.1,0.8,0.8,0.56,0.59,12.57,96.83
3253,803,80130,90399602,505,3.46,2.51,503,3.45,1.92,595,4.08,3.39,0.83,0.82,0.52,0.53,12.89,100.74
3254,716,9262601,13525010687,451,3.47,2.92,421,3.24,1.77,527,4.05,4.04,0.82,0.81,0.53,0.53,13.82,103.17
3255,766,2463941,3327701769,484,3.51,2.94,456,3.3,1.92,563,4.08,4.01,0.77,0.75,0.54,0.56,10.19,98.73
3256,662,119055,143604042,414,3.26,2.55,379,2.98,1.57,475,3.74,3.73,0.81,0.79,0.52,0.54,17.75,96.86
3257,773,31999,14048076,468,3.74,2.77,457,3.66,1.93,544,4.35,3.86,0.87,0.87,0.57,0.58,12.69,91.25
3258,777,58804,38452058,468,3.66,2.79,478,3.73,2.61,569,4.45,3.84,0.83,0.82,0.55,0.58,13.5,101.9
3259,1479,62905,48569546,676,4.57,3.27,844,5.7,3.9,818,5.53,4.49,0.85,0.84,0.5,0.52,9.33,105.91
3260,2021,5461600,7831627965,743,4.79,3.43,827,5.34,3.64,911,5.88,4.79,0.82,0.81,0.47,0.49,9.66,107.59
3261,2172,835124,857297784,827,5.37,3.58,918,5.96,4.07,990,6.43,4.79,0.85,0.83,0.46,0.49,9.79,105.32
3262,2173,48954,18823360,807,4.8,3.48,897,5.34,3.37,998,5.94,4.65,0.83,0.81,0.46,0.5,8.28,113.45
3263,2107,36447,14773135,708,4.6,3.3,849,5.51,3.86,888,5.77,4.74,0.81,0.8,0.46,0.48,9.11,108.66
3264,2149,21563,3723082,753,4.83,2.84,871,5.58,3.73,930,5.96,4.1,0.8,0.78,0.46,0.48,8.65,110.88
3265,2097,66954,64103387,775,4.94,3.28,839,5.34,3.09,944,6.01,5.01,0.85,0.84,0.49,0.51,8.24,111.31
3266,1506,19652,3834049,570,4.07,3.03,602,4.3,3.2,668,4.77,4.27,0.83,0.82,0.49,0.5,9.39,113.82
3267,1324,39520,25339925,529,3.7,2.51,557,3.9,2.07,626,4.38,3.77,0.85,0.83,0.46,0.49,7.68,107.6
3268,1170,11462,1364110,473,3.7,2.57,472,3.69,2.04,560,4.38,3.28,0.8,0.8,0.49,0.51,10.41,104.31
3269,1035,16882,2689256,422,3.17,2.73,410,3.08,2.05,484,3.64,3.38,0.79,0.79,0.53,0.55,11.35,100.95
3270,882,21181,13661565,354,3.19,2.57,354,3.19,1.92,401,3.61,3.13,0.82,0.81,0.54,0.56,8.26,104.23
3271,1153,21484,5678687,497,3.63,2.23,512,3.74,1.98,578,4.22,2.85,0.78,0.77,0.51,0.53,8.5,105.2
3272,1145,5093509,6962452194,496,3.49,2.55,519,3.65,2.38,581,4.09,3.44,0.77,0.75,0.46,0.48,13.17,102.59
3273,1203,17021,3843948,505,3.32,2.46,515,3.39,2.0,592,3.89,3.1,0.83,0.82,0.52,0.56,9.56,101.51
3274,1217,1828133,2007380662,520,3.61,2.62,539,3.74,2.15,616,4.28,3.59,0.82,0.82,0.55,0.57,5.01,110.66
3275,1551,242509,252947611,625,4.11,2.57,644,4.24,2.43,763,5.02,3.68,0.86,0.86,0.5,0.51,9.89,113.51
3276,1505,10977843,14910996097,593,4.03,2.97,607,4.13,2.38,726,4.94,4.11,0.83,0.81,0.47,0.51,7.89,110.04
3277,1598,282364,301325458,582,4.25,3.3,590,4.31,2.53,702,5.12,4.46,0.85,0.83,0.5,0.53,11.2,115.25
3278,1290,71349,56076737,614,4.32,3.39,605,4.26,2.52,723,5.09,4.53,0.85,0.84,0.48,0.51,17.81,104.49
3279,1252,217638,228826963,718,4.66,3.36,757,4.92,3.04,882,5.73,4.59,0.81,0.8,0.47,0.5,9.34,108.77
3280,1166,894389,1026203667,664,4.26,3.1,720,4.62,4.31,805,5.16,4.45,0.84,0.83,0.46,0.47,8.88,104.69
3281,1236,42606,28996968,707,4.62,3.21,786,5.14,4.45,877,5.73,4.33,0.82,0.79,0.46,0.49,9.1,106.56
3282,1494,115603,117178764,875,5.4,3.58,953,5.88,4.13,1003,6.19,4.56,0.86,0.84,0.44,0.47,9.95,123.92
3283,1407,75100,70225389,811,5.1,3.17,861,5.42,3.36,962,6.05,4.43,0.86,0.83,0.47,0.5,7.63,125.21
3284,1551,40855,14101910,842,5.3,3.4,981,6.17,4.3,1021,6.42,4.77,0.88,0.86,0.46,0.5,8.1,118.03
3285,1518,103328,113276901,861,5.19,3.02,940,5.66,2.99,1024,6.17,4.26,0.86,0.84,0.46,0.48,7.72,117.68
3286,1570,34217,14796066,900,5.42,3.08,989,5.96,3.03,1076,6.48,3.95,0.84,0.83,0.46,0.48,8.54,126.58
3287,1603,159980,193226412,943,5.97,3.64,1017,6.44,3.5,1108,7.01,5.09,0.88,0.86,0.45,0.47,7.91,125.72
3288,1731,24882,3892366,975,6.06,3.25,1150,7.14,2.95,1277,7.93,4.59,0.86,0.84,0.44,0.46,7.52,133.03
3289,1873,22410,3256947,986,6.28,3.32,1208,7.69,2.96,1304,8.31,4.56,0.88,0.87,0.35,0.39,4.78,159.18
3290,1481,20174,3069746,873,5.53,2.9,1039,6.58,2.81,1111,7.03,3.95,0.9,0.88,0.42,0.46,5.68,152.26
3291,1148,23795,18709261,644,4.41,3.09,755,5.17,2.37,859,5.88,3.97,0.88,0.86,0.48,0.49,4.93,137.51
3292,1117,13467,2335978,677,4.51,2.65,763,5.09,2.35,843,5.62,3.4,0.86,0.83,0.43,0.44,6.29,129.61
3293,1033,19249,3809184,646,4.09,2.67,673,4.26,2.33,756,4.78,3.49,0.8,0.78,0.49,0.5,7.63,115.5
3294,759,16922,6035237,482,3.74,2.52,474,3.67,1.98,549,4.26,3.5,0.84,0.82,0.51,0.52,8.06,118.69
3295,906,462518,513315559,585,4.03,2.72,611,4.21,2.49,679,4.68,3.44,0.78,0.76,0.48,0.51,10.57,117.6
3296,785,25056,6348402,471,3.54,2.54,512,3.85,3.52,574,4.32,3.29,0.72,0.71,0.53,0.54,8.51,98.21
3297,792,1301110,1279466047,522,3.81,2.79,542,3.96,2.42,611,4.46,3.58,0.81,0.8,0.5,0.53,10.41,102.18
3298,754,434269,337726836,473,3.94,3.0,475,3.96,2.23,568,4.73,3.99,0.84,0.83,0.53,0.57,12.1,92.66
3299,1096,448774,339784592,633,4.37,3.1,690,4.76,2.72,771,5.32,4.12,0.83,0.82,0.5,0.52,12.09,99.51
3300,1197,131687,156462501,674,4.49,3.29,736,4.91,2.91,801,5.34,4.75,0.83,0.82,0.51,0.53,9.06,102.87
3301,1303,16074975,22977444698,769,4.58,3.14,775,4.61,2.62,935,5.57,4.46,0.83,0.81,0.48,0.5,10.55,106.66
3302,1311,624911,750288764,803,4.67,2.99,850,4.94,2.79,944,5.49,3.97,0.85,0.84,0.48,0.49,10.3,111.65
3303,1284,42064,21170250,774,4.87,3.31,824,5.18,3.11,923,5.81,4.23,0.83,0.82,0.5,0.52,5.58,98.31
3304,1356,91373,65541191,738,4.58,3.14,819,5.09,3.15,927,5.76,4.56,0.82,0.81,0.5,0.51,8.03,100.92
3305,1414,658162,731347215,814,4.85,3.59,872,5.19,3.94,989,5.89,5.17,0.83,0.82,0.52,0.54,9.91,104.63
3306,1322,209127,246987155,742,4.64,3.5,791,4.94,3.3,908,5.68,4.78,0.81,0.8,0.47,0.49,9.21,102.1
3307,1383,48887,13977955,760,4.55,3.1,859,5.14,3.41,929,5.56,4.61,0.82,0.81,0.48,0.5,8.15,105.96
3308,1297,51200,31404528,781,4.49,3.08,840,4.83,2.85,935,5.37,4.3,0.82,0.82,0.5,0.51,11.46,100.19
3309,1514,55026,36816358,816,5.04,3.35,1000,6.17,5.02,997,6.15,4.42,0.8,0.78,0.48,0.5,10.83,98.56
3310,1460,41006,15320471,772,4.86,3.22,1014,6.38,5.05,917,5.77,4.43,0.86,0.84,0.48,0.52,9.01,102.53
3311,1569,38530,9851934,880,5.4,3.29,1051,6.45,4.89,1044,6.4,4.53,0.83,0.81,0.47,0.49,8.65,109.25
3312,1595,23378,3981226,841,5.43,4.15,1001,6.46,5.27,1031,6.65,5.77,0.85,0.83,0.45,0.45,7.3,100.22
3313,1562,24780,4771651,846,5.1,3.62,967,5.83,4.35,1009,6.08,5.11,0.83,0.81,0.46,0.48,8.34,104.45
3314,1477,55536,41941153,843,4.93,3.75,945,5.53,3.96,978,5.72,4.75,0.82,0.8,0.51,0.54,7.57,106.11
3315,1534,35887,14927580,824,4.99,3.59,1030,6.24,4.98,989,5.99,4.91,0.87,0.85,0.47,0.48,8.45,108.13
3316,1430,25862,4627688,734,4.83,3.61,927,6.1,4.37,913,6.01,5.13,0.83,0.81,0.47,0.51,8.81,100.56
3317,1380,22665,3494973,720,4.71,3.26,891,5.82,3.72,852,5.57,4.29,0.85,0.84,0.46,0.49,10.17,107.69
3318,1355,427493,446190747,747,4.76,3.08,901,5.74,3.92,907,5.78,4.17,0.79,0.77,0.45,0.47,8.87,103.0
3319,1374,160513,163681211,738,4.61,3.7,860,5.38,5.5,882,5.51,4.99,0.79,0.76,0.48,0.5,8.3,95.06
3320,1213,25394,4238676,692,4.35,3.51,721,4.53,2.97,836,5.26,4.56,0.79,0.78,0.48,0.5,10.72,99.15
3321,1097,20701,3027400,647,4.04,2.95,665,4.16,2.61,780,4.88,3.86,0.83,0.82,0.48,0.5,9.3,107.25
3322,1074,33731,18176099,628,4.05,2.77,658,4.25,2.36,778,5.02,3.75,0.84,0.83,0.47,0.5,8.81,111.3
3323,1073,19855,2990431,619,4.21,2.89,627,4.27,2.38,752,5.12,3.87,0.8,0.79,0.5,0.52,9.31,103.61
3324,1036,982064,1032246810,561,4.01,3.41,603,4.31,2.82,676,4.83,4.62,0.84,0.82,0.51,0.53,9.48,99.0
3325,1098,5205755,7418559955,626,4.09,3.0,648,4.24,2.73,754,4.93,4.35,0.8,0.78,0.5,0.51,8.51,103.91
3326,973,317048,325315373,538,3.82,2.99,578,4.1,2.78,668,4.74,4.05,0.83,0.82,0.54,0.57,12.06,97.94
3327,1070,19543,4425981,601,3.98,2.81,675,4.47,2.89,746,4.94,3.81,0.76,0.75,0.5,0.51,9.55,97.79
3328,1112,19159,3134460,588,4.0,3.05,703,4.78,3.27,785,5.34,4.53,0.82,0.82,0.5,0.51,7.84,106.27
3329,1368,33658,7552092,714,4.67,3.2,878,5.74,4.36,931,6.08,4.96,0.82,0.8,0.49,0.52,8.75,102.0
3330,1381,157918,152325895,703,4.39,3.15,845,5.28,4.21,937,5.86,5.02,0.84,0.83,0.47,0.47,11.53,103.97
3331,1355,761104,772865469,709,4.46,3.53,880,5.53,4.28,944,5.94,5.56,0.81,0.8,0.52,0.53,8.93,96.81
3332,1495,881734,889177871,787,4.68,3.22,911,5.42,3.61,1036,6.17,4.83,0.83,0.83,0.46,0.48,6.37,94.44
3333,1403,577283,594602677,780,4.7,3.1,891,5.37,4.24,970,5.84,4.57,0.81,0.79,0.47,0.47,7.23,103.6
3334,1407,40470,14567257,775,4.73,3.41,878,5.35,3.87,966,5.89,4.82,0.84,0.81,0.48,0.49,7.06,102.49
3335,1396,27491,3870934,728,4.79,3.84,860,5.66,5.16,857,5.64,5.23,0.79,0.79,0.45,0.47,8.59,104.96
3336,1404,31513,4360346,788,4.8,3.08,864,5.27,3.48,935,5.7,4.27,0.8,0.79,0.45,0.48,7.75,104.54
3337,1398,29201,8706226,787,4.8,3.3,830,5.06,2.93,924,5.63,4.44,0.8,0.78,0.48,0.49,7.09,104.45
3338,1417,26443,6567944,791,5.1,3.38,885,5.71,3.78,976,6.3,5.17,0.83,0.81,0.47,0.47,8.98,106.82
3339,1450,32101,6314869,824,4.88,3.57,855,5.06,3.16,986,5.83,4.88,0.8,0.78,0.48,0.48,7.17,107.04
3340,1363,26386,3195478,781,4.57,3.2,848,4.96,3.29,942,5.51,4.44,0.78,0.76,0.45,0.47,5.42,105.68
3341,1331,24826,3425457,738,4.73,3.5,786,5.04,3.33,886,5.68,4.84,0.83,0.82,0.48,0.5,7.37,104.89
3342,1411,30729,9618883,791,4.65,3.46,879,5.17,3.49,943,5.55,4.83,0.85,0.84,0.49,0.49,6.91,106.9
3343,1361,26354,7933157,739,4.8,3.52,783,5.08,3.18,887,5.76,4.78,0.82,0.8,0.47,0.48,7.63,105.83
3344,934,275250,317883265,543,3.88,2.85,581,4.15,2.67,638,4.56,3.62,0.8,0.8,0.52,0.55,9.24,103.54
3345,992,103890,91844509,597,4.12,2.81,632,4.36,2.8,699,4.82,3.76,0.83,0.81,0.53,0.54,10.73,101.98
3346,1002,34430,22475913,589,3.98,2.67,625,4.22,2.44,681,4.6,3.61,0.79,0.77,0.51,0.53,7.85,101.43
3347,971,25955,10999345,588,3.92,2.79,618,4.12,2.79,680,4.53,3.68,0.81,0.79,0.52,0.52,9.47,101.2
3348,1076,31327,10400535,618,4.04,2.94,659,4.31,3.1,746,4.88,4.03,0.78,0.76,0.51,0.53,9.78,102.86
3349,1281,31121,13943938,677,4.34,3.22,773,4.96,3.62,838,5.37,4.39,0.8,0.79,0.52,0.54,6.06,103.25
3350,1289,98140,102813792,634,4.23,3.11,824,5.49,4.76,769,5.13,4.12,0.81,0.8,0.51,0.53,7.68,96.82
3351,1159,111722,136487292,631,4.18,3.15,773,5.12,4.34,756,5.01,4.09,0.83,0.83,0.49,0.51,8.27,97.3
3352,1380,46273,15493533,771,4.64,3.2,848,5.11,3.46,937,5.64,4.54,0.83,0.82,0.48,0.5,8.28,97.32
3353,1458,134289,123932665,806,5.01,3.44,927,5.76,4.21,983,6.11,4.47,0.82,0.81,0.5,0.52,10.58,101.6
3354,1364,615206,737597163,790,4.7,3.43,876,5.21,3.31,947,5.64,4.52,0.85,0.84,0.48,0.49,7.82,105.51
3355,1432,31491,11096530,764,4.69,3.47,907,5.56,4.72,945,5.8,4.76,0.81,0.79,0.53,0.55,9.27,99.04
3356,1327,26017,5296349,730,4.53,3.14,872,5.42,3.97,873,5.42,4.11,0.82,0.81,0.5,0.52,7.83,100.62
3357,1437,53218,32578695,844,5.24,3.67,915,5.68,4.03,995,6.18,4.82,0.81,0.78,0.49,0.51,8.19,108.35
3358,1406,29196,5912805,783,5.08,3.35,906,5.88,3.69,937,6.08,4.29,0.83,0.8,0.48,0.49,7.87,100.97
3359,1634,31169,5202169,898,5.38,3.49,1050,6.29,4.4,1090,6.53,4.81,0.84,0.83,0.45,0.46,4.57,103.01
3360,1711,23676,5160737,896,5.09,3.51,1104,6.27,5.24,1113,6.32,5.02,0.79,0.76,0.44,0.45,7.69,101.53
3361,1519,34711,12136248,883,5.19,3.22,989,5.82,3.52,1064,6.26,4.44,0.82,0.8,0.47,0.48,8.25,102.36
3362,1540,46285,29305462,807,5.04,3.62,890,5.56,3.7,1015,6.34,5.48,0.81,0.79,0.48,0.49,5.76,106.73
3363,1527,29924,12561053,851,5.04,3.83,960,5.68,3.86,1028,6.08,5.34,0.82,0.81,0.5,0.52,7.13,103.78
3364,1155,25807,10456850,658,4.16,3.07,759,4.8,6.62,786,4.97,4.01,0.79,0.78,0.49,0.5,6.89,103.93
3365,908,33365,7661170,564,3.84,2.96,565,3.84,2.31,662,4.5,4.04,0.8,0.79,0.52,0.53,7.36,101.48
3366,901,586249,484888666,567,3.99,2.54,586,4.13,2.54,634,4.46,3.25,0.84,0.83,0.53,0.53,8.62,106.19
3367,970,104680,117485303,582,4.07,3.08,563,3.94,2.62,671,4.69,3.85,0.82,0.82,0.52,0.53,8.69,100.2
3368,969,97857,92694356,581,4.03,2.92,587,4.08,2.58,683,4.74,3.79,0.79,0.78,0.53,0.54,8.38,97.96
3369,876,338216,325384212,525,3.78,2.43,529,3.81,2.25,604,4.35,3.14,0.86,0.86,0.54,0.57,14.51,99.74
3370,767,3342236,4356295363,441,3.5,2.66,460,3.65,2.74,528,4.19,3.55,0.77,0.78,0.56,0.56,12.75,91.14
3371,735,23598,4746228,421,3.26,2.44,431,3.34,2.1,521,4.04,3.32,0.78,0.78,0.55,0.54,9.38,95.89
3372,776,180428,160522809,444,3.5,2.65,439,3.46,2.15,518,4.08,3.44,0.77,0.72,0.51,0.48,10.75,92.45
3373,804,221798,62432663,432,3.27,2.7,458,3.47,2.65,526,3.98,3.84,0.77,0.76,0.51,0.51,11.89,93.46
3374,865,337705,315059948,526,3.84,2.87,511,3.73,2.15,614,4.48,3.54,0.81,0.78,0.49,0.5,10.74,106.58
3375,864,8764118,11991675482,521,3.62,2.84,487,3.38,2.01,602,4.18,3.56,0.81,0.8,0.5,0.51,11.99,106.36
3376,871,175156,168172251,515,3.71,2.88,494,3.55,2.51,609,4.38,3.91,0.78,0.77,0.53,0.52,9.7,101.77
3377,1140,303223,347302309,651,4.43,3.13,644,4.38,2.63,762,5.18,4.43,0.84,0.83,0.5,0.5,6.14,103.68
3378,1278,191060,198690801,701,4.41,3.41,775,4.87,4.76,838,5.27,4.77,0.81,0.8,0.5,0.52,10.71,101.71
3379,1367,56818,41777468,722,4.54,2.75,773,4.86,3.16,862,5.42,4.3,0.81,0.8,0.48,0.49,7.71,100.27
3380,1511,45362,12899859,859,5.11,3.3,911,5.42,3.53,1023,6.09,4.23,0.76,0.76,0.49,0.5,7.66,104.58
3381,1345,42373,9255749,762,4.65,3.1,797,4.86,2.95,872,5.32,3.95,0.78,0.77,0.48,0.49,9.99,103.31
3382,1287,31799,9467410,710,4.55,3.13,760,4.87,3.31,832,5.33,4.1,0.78,0.78,0.49,0.51,6.89,105.67
3383,1541,29277,4904683,853,5.08,3.45,915,5.45,3.61,1031,6.14,4.88,0.8,0.79,0.47,0.48,7.88,100.62
3384,1735,31910,7515191,976,5.84,3.53,1109,6.64,4.58,1183,7.08,4.86,0.81,0.8,0.45,0.45,6.46,107.28
3385,1721,31186,5804969,954,5.68,3.75,1063,6.33,4.86,1138,6.77,5.22,0.77,0.77,0.46,0.48,8.15,107.97
3386,1477,24834,4753150,854,5.02,3.43,909,5.35,3.31,1047,6.16,4.91,0.78,0.78,0.47,0.48,6.36,102.29
3387,1628,43290,20917536,941,5.35,3.7,1049,5.96,3.8,1154,6.56,5.13,0.85,0.83,0.43,0.42,7.88,110.33
3388,1579,33534,10049472,832,5.27,3.66,1099,6.96,6.18,1009,6.39,4.79,0.83,0.82,0.47,0.49,6.28,105.22
3389,1303,27754,9309042,650,4.3,3.24,826,5.47,5.4,796,5.27,4.41,0.83,0.82,0.5,0.52,7.59,102.18
3390,1009,16910,3165664,539,4.15,3.04,651,5.01,4.68,643,4.95,3.88,0.82,0.81,0.49,0.49,7.93,103.44
3391,759,40697,34212019,474,3.89,3.1,439,3.6,2.22,555,4.55,3.95,0.79,0.79,0.51,0.51,9.91,95.25
3392,712,81073,87571204,439,3.38,2.45,420,3.23,2.02,525,4.04,3.34,0.77,0.75,0.55,0.59,9.77,93.97
3393,663,63045,67338646,406,3.15,2.32,387,3.0,1.75,477,3.7,3.18,0.83,0.82,0.54,0.55,16.66,99.58
3394,626,245788,250093785,392,3.41,2.74,361,3.14,1.7,441,3.83,3.29,0.84,0.83,0.56,0.57,9.36,102.56
3395,670,23008,14575517,446,3.16,2.33,418,2.96,1.72,509,3.61,3.19,0.82,0.82,0.55,0.55,8.57,108.79
3396,673,515678,27604782,440,3.38,2.64,446,3.43,2.61,491,3.78,3.21,0.78,0.75,0.52,0.52,9.35,113.17
3397,783,984312,1211373946,488,3.46,2.52,467,3.31,1.88,580,4.11,3.39,0.83,0.82,0.5,0.51,7.73,108.82
3398,935,31458,14086308,530,3.53,2.77,530,3.53,2.54,652,4.35,3.83,0.75,0.73,0.53,0.56,9.12,103.41
3399,1126,2265802,3176077864,635,4.02,3.25,601,3.8,2.45,748,4.73,4.19,0.81,0.79,0.51,0.55,10.22,108.46
3400,1113,653326,819451824,591,4.1,3.3,601,4.17,2.66,711,4.94,4.81,0.8,0.79,0.49,0.51,8.62,113.35
3401,1324,918877,1225136085,729,4.5,3.13,742,4.58,2.89,887,5.48,4.37,0.82,0.82,0.51,0.52,9.32,109.73
3402,1188,38507,22675807,662,4.24,2.92,715,4.58,2.86,816,5.23,4.14,0.82,0.81,0.5,0.52,10.32,116.15
3403,1257,3566786,4559956825,685,4.6,3.04,764,5.13,3.52,850,5.7,4.07,0.84,0.83,0.48,0.51,11.03,106.89
3404,1248,36496,13119149,682,4.32,3.19,713,4.51,2.74,835,5.28,4.44,0.81,0.79,0.5,0.53,7.72,108.49
3405,1329,41435,23827487,726,4.62,3.28,800,5.1,3.99,910,5.8,4.32,0.8,0.79,0.51,0.53,5.56,103.65
3406,1279,3885228,5122142467,702,4.53,3.44,737,4.75,3.0,829,5.35,4.64,0.82,0.82,0.49,0.5,6.88,105.78
3407,1399,273437,297531912,828,5.21,3.22,863,5.43,3.36,971,6.11,4.49,0.8,0.78,0.45,0.47,6.86,115.63
3408,1520,547346,583044953,858,4.85,3.43,926,5.23,3.15,1034,5.84,4.7,0.77,0.75,0.46,0.5,6.15,113.82
3409,1666,34744,17681650,920,5.38,3.46,951,5.56,2.7,1089,6.37,4.92,0.78,0.76,0.39,0.39,6.84,123.43
3410,1384,740223,806866469,786,4.73,3.15,816,4.92,2.43,945,5.69,4.31,0.83,0.81,0.46,0.47,4.47,115.8
3411,1175,22155,9121728,719,4.67,3.26,717,4.66,2.47,841,5.46,4.25,0.79,0.76,0.47,0.48,6.81,117.3
3412,1042,27868,11084472,649,4.21,3.06,656,4.26,2.37,749,4.86,3.9,0.8,0.77,0.47,0.49,7.18,115.55
3413,955,292348,308326681,581,3.85,2.91,580,3.84,2.22,683,4.52,3.66,0.8,0.78,0.5,0.52,9.03,108.01
3414,880,785504,84030134,543,3.72,2.77,548,3.75,2.46,637,4.36,3.37,0.76,0.75,0.51,0.53,9.41,108.8
3415,895,37171,13534661,562,4.07,2.97,567,4.11,2.53,645,4.67,3.7,0.81,0.79,0.5,0.52,15.54,106.27
3416,847,77057,59755316,520,3.51,2.44,506,3.42,1.91,610,4.12,3.48,0.79,0.77,0.52,0.53,10.51,110.05
3417,776,548612,569551697,500,3.62,2.62,479,3.47,2.08,590,4.28,3.61,0.81,0.8,0.54,0.57,13.57,103.94
3418,652,272072,279640308,425,3.4,2.65,408,3.26,1.86,487,3.9,3.36,0.85,0.85,0.52,0.52,10.51,103.09
3419,750,552623,631636861,481,3.59,2.73,469,3.5,2.25,546,4.07,3.4,0.76,0.75,0.54,0.55,10.08,104.48
3420,825,308055,308164362,498,3.74,3.05,486,3.65,2.15,578,4.35,3.54,0.82,0.81,0.52,0.54,13.39,101.89
3421,861,307462,47449094,481,3.51,2.58,482,3.52,2.62,562,4.1,3.38,0.76,0.74,0.48,0.5,10.81,109.75
3422,679,16180,3591850,435,3.18,2.22,423,3.09,1.81,500,3.65,2.88,0.79,0.78,0.57,0.57,6.18,110.79
3423,724,140176,182417729,477,3.41,2.3,466,3.33,1.67,544,3.89,2.84,0.81,0.8,0.51,0.5,14.13,112.87
3424,826,492087,584724740,490,3.58,2.46,501,3.66,2.64,556,4.06,3.0,0.81,0.8,0.54,0.56,9.77,112.6
3425,904,30777,9376042,542,4.01,2.57,556,4.12,2.03,620,4.59,3.32,0.85,0.84,0.48,0.48,9.99,108.15
3426,888,31771,4321905,539,3.85,2.86,523,3.74,2.11,622,4.44,3.77,0.84,0.83,0.52,0.52,8.28,107.25
3427,983,458229,418699046,542,3.96,2.55,574,4.19,3.0,648,4.73,3.73,0.82,0.81,0.51,0.53,10.64,117.17
3428,1155,213361,256366667,619,4.15,2.88,687,4.61,4.31,727,4.88,3.82,0.83,0.83,0.47,0.49,12.16,114.55
3429,1171,38286,8253612,670,4.21,3.15,717,4.51,3.01,781,4.91,4.06,0.82,0.8,0.48,0.5,7.05,108.08
3430,1429,4890206,5849817931,736,4.81,3.39,798,5.22,3.53,863,5.64,4.69,0.87,0.86,0.44,0.45,7.63,114.18
3431,1468,290430,326693019,804,4.96,3.42,839,5.18,2.65,971,5.99,4.9,0.84,0.82,0.46,0.48,9.34,112.89
3432,1612,822381,948391013,899,5.29,3.59,937,5.51,3.18,1088,6.4,5.21,0.82,0.8,0.43,0.45,7.01,111.34
3433,1538,535807,642337391,852,5.23,3.7,908,5.57,3.21,1028,6.31,5.04,0.79,0.76,0.44,0.46,7.62,109.22
3434,1339,296379,331052314,751,4.69,3.42,736,4.6,2.34,914,5.71,4.76,0.74,0.72,0.46,0.47,10.11,112.2
3435,836,273406,320208403,520,3.8,3.06,495,3.61,1.89,601,4.39,3.86,0.78,0.77,0.48,0.5,8.31,109.77
3436,851,814531,960763204,519,3.68,2.8,497,3.52,1.99,599,4.25,3.46,0.81,0.8,0.48,0.48,6.87,106.73
3437,715,31267,23071331,412,3.1,2.54,394,2.96,1.72,488,3.67,3.31,0.75,0.74,0.57,0.57,9.53,99.15
3438,707,167018,172688479,453,3.54,2.78,427,3.34,1.93,510,3.98,3.39,0.81,0.79,0.51,0.53,7.37,108.16
3439,743,21914,6480406,467,3.54,2.43,441,3.34,1.62,529,4.01,3.11,0.82,0.81,0.5,0.51,7.83,109.71
3440,751,26586,6335812,486,3.5,2.57,479,3.45,1.86,564,4.06,3.2,0.83,0.81,0.53,0.56,11.97,104.56
3441,840,1425137,1517622989,517,3.57,2.74,491,3.39,2.3,599,4.13,3.46,0.79,0.78,0.52,0.54,9.68,104.99
3442,804,1346442,1750827570,447,3.29,2.88,486,3.57,3.59,514,3.78,3.65,0.82,0.82,0.54,0.54,9.49,95.6
3443,949,108164,82006880,544,3.83,3.13,546,3.85,2.61,635,4.47,3.95,0.82,0.81,0.51,0.53,7.07,99.53
3444,981,124368,71417955,630,4.41,2.71,621,4.34,2.41,706,4.94,3.35,0.85,0.84,0.49,0.52,9.94,108.38
3445,943,147461,135279641,554,3.99,3.15,527,3.79,2.45,661,4.76,4.21,0.81,0.79,0.55,0.59,9.12,102.32
3446,1163,782463,992216166,640,4.48,3.15,633,4.43,2.38,769,5.38,4.43,0.84,0.82,0.5,0.53,11.74,109.24
3447,1092,71865,65352350,641,4.01,3.33,595,3.72,2.24,741,4.63,4.72,0.83,0.82,0.51,0.51,10.63,114.01
3448,1175,75302,47818671,655,4.55,3.79,663,4.6,3.77,778,5.4,4.84,0.81,0.8,0.47,0.49,12.09,111.92
3449,1147,40949,12937426,637,4.39,3.35,631,4.35,2.58,752,5.19,4.68,0.8,0.78,0.46,0.48,10.01,115.7
3450,1048,23111,4604743,605,4.26,3.32,558,3.93,2.08,710,5.0,4.74,0.81,0.79,0.48,0.51,9.59,112.71
3451,1068,879788,867887983,632,4.24,2.7,614,4.12,2.12,730,4.9,3.8,0.82,0.81,0.47,0.5,13.7,115.93
3452,1264,159429,149145792,626,4.44,3.4,776,5.5,4.95,743,5.27,4.44,0.85,0.84,0.48,0.51,8.97,108.18
3453,1154,28539,10683398,636,4.3,3.37,629,4.25,2.53,765,5.17,4.44,0.85,0.84,0.51,0.53,8.11,108.06
3454,1133,34534,12098076,626,4.32,2.86,656,4.52,2.8,763,5.26,4.29,0.86,0.84,0.48,0.5,9.34,107.46
3455,1118,28702,12006885,662,4.5,3.17,649,4.41,2.38,788,5.36,4.25,0.8,0.78,0.48,0.49,8.04,117.19
3456,1108,24553,6554529,619,4.33,3.35,603,4.22,2.54,731,5.11,4.76,0.86,0.84,0.49,0.51,9.6,112.95
3457,1258,18649,5986905,669,4.46,3.01,719,4.79,3.22,818,5.45,4.3,0.76,0.73,0.45,0.45,5.33,113.44
3458,1172,53479,45901647,668,4.42,3.39,669,4.43,2.56,819,5.42,4.48,0.79,0.76,0.46,0.47,7.8,111.82
3459,1388,96545,80154799,729,4.76,3.37,765,5.0,3.24,906,5.92,4.63,0.74,0.71,0.5,0.51,8.42,110.36
3460,1299,27990,6529728,727,4.72,3.45,790,5.13,3.6,873,5.67,4.35,0.81,0.79,0.45,0.46,7.72,118.38
3461,1214,138958,158825644,657,4.13,3.1,679,4.27,2.74,777,4.89,4.19,0.77,0.74,0.5,0.51,7.79,117.25
3462,1013,26585,10932727,580,4.26,3.22,576,4.24,2.33,697,5.12,4.38,0.79,0.78,0.5,0.5,9.68,104.16
3463,909,88703,95340795,462,3.42,2.83,572,4.24,4.7,538,3.99,3.51,0.78,0.76,0.52,0.54,7.7,102.7
3464,940,141847,157924148,536,3.72,2.48,538,3.74,2.81,593,4.12,3.02,0.78,0.75,0.47,0.48,10.44,105.56
3465,1424,2063195,2600250299,489,3.54,2.59,454,3.29,1.84,577,4.18,3.35,0.75,0.74,0.53,0.54,10.79,103.28
3466,835,453604,549714483,497,3.68,2.99,486,3.6,2.1,577,4.27,3.93,0.8,0.78,0.52,0.55,13.83,97.8
3467,975,392120,365535958,525,3.6,2.53,611,4.18,4.06,602,4.12,3.37,0.78,0.76,0.5,0.52,12.31,102.1
3468,829,31282,8530948,492,3.51,2.64,467,3.34,2.23,573,4.09,3.07,0.73,0.71,0.55,0.57,18.92,104.43
3469,817,1675850,2290588262,478,3.85,2.84,474,3.82,2.52,567,4.57,3.77,0.78,0.77,0.51,0.52,14.68,107.17
3470,760,217884,209136876,470,3.59,2.53,452,3.45,2.13,549,4.19,3.49,0.76,0.75,0.51,0.5,8.44,108.36
3471,809,272122,323015307,482,3.8,2.39,474,3.73,1.9,580,4.57,3.25,0.81,0.79,0.45,0.47,6.33,124.36
3472,846,17689,4877272,531,3.77,2.45,528,3.74,2.19,593,4.21,3.06,0.83,0.82,0.49,0.5,10.66,130.26
3473,1011,26464,14214975,644,4.54,2.84,666,4.69,2.15,723,5.09,3.42,0.82,0.8,0.46,0.47,9.63,117.71
3474,1016,87167,71453248,629,4.43,2.89,620,4.37,2.27,758,5.34,3.96,0.79,0.76,0.44,0.46,13.11,126.1
3475,880,40824,28384716,511,3.73,2.62,487,3.55,1.97,602,4.39,3.56,0.76,0.73,0.48,0.49,9.05,125.04
3476,1066,17727,8290609,578,4.48,2.96,570,4.42,2.21,662,5.13,3.84,0.87,0.85,0.48,0.49,11.97,126.75
3477,867,23240,9744566,528,4.06,2.6,519,3.99,2.05,599,4.61,3.57,0.82,0.81,0.51,0.53,7.5,122.8
3478,1509,122014,138967989,843,5.3,3.1,940,5.91,4.35,983,6.18,3.99,0.82,0.8,0.43,0.45,7.2,125.77
3479,1539,31937,13061796,908,5.57,3.74,948,5.82,3.1,1056,6.48,4.86,0.82,0.81,0.43,0.47,4.79,128.7
3480,1585,34717,18179585,903,5.61,3.48,949,5.89,3.21,1048,6.51,4.39,0.84,0.83,0.44,0.45,6.86,122.51
3481,1698,34183,8921226,1007,5.85,3.49,995,5.78,2.6,1174,6.83,4.73,0.83,0.81,0.42,0.44,6.49,132.83
3482,1383,28062,4600417,833,5.37,3.51,855,5.52,3.3,962,6.21,4.43,0.82,0.79,0.44,0.45,5.51,126.55
3483,805,23748,5711428,538,4.14,2.86,493,3.79,1.87,593,4.56,3.58,0.84,0.82,0.5,0.51,7.36,119.75
3484,810,34707,4413449,544,4.15,2.72,523,3.99,2.06,613,4.68,3.31,0.83,0.81,0.49,0.51,8.66,126.23
3485,865,15148,2559992,578,3.64,2.63,555,3.49,1.85,664,4.18,3.59,0.78,0.76,0.5,0.5,6.48,114.61
3486,710,34020236,45907406004,447,3.15,2.32,447,3.15,1.93,505,3.56,2.81,0.83,0.81,0.53,0.55,11.21,113.25
3487,766,50230,33970024,441,3.45,2.43,475,3.71,2.92,514,4.02,3.27,0.85,0.83,0.49,0.5,12.89,107.38
3488,794,44776,34658348,528,3.47,2.35,505,3.32,1.87,605,3.98,2.97,0.78,0.77,0.49,0.5,10.23,105.95
3489,860,17376,7229646,539,3.55,2.1,557,3.66,2.17,620,4.08,2.78,0.82,0.81,0.49,0.5,6.44,110.91
3490,808,28461,8440453,488,3.44,2.61,471,3.32,1.91,569,4.01,3.34,0.82,0.81,0.48,0.5,14.87,101.98
3491,1148,587509,824552375,709,4.63,3.11,671,4.39,2.4,833,5.44,4.15,0.78,0.77,0.45,0.46,8.5,115.79
3492,703,27472,6232387,439,3.57,2.6,397,3.23,1.74,503,4.09,3.36,0.78,0.76,0.55,0.55,7.04,97.75
3493,739,33930,5738209,463,3.31,2.6,446,3.19,1.9,529,3.78,3.05,0.74,0.72,0.51,0.52,13.16,100.9
3494,771,367909,508465669,447,3.52,2.47,448,3.53,1.88,539,4.24,3.39,0.77,0.75,0.48,0.5,16.25,107.68
3495,776,5172650,6704831512,496,3.57,2.79,475,3.42,1.9,560,4.03,3.4,0.81,0.79,0.52,0.53,13.72,105.7
3496,623,717370,1023400445,393,3.25,2.45,385,3.18,2.09,455,3.76,3.13,0.8,0.79,0.53,0.52,11.94,97.94
3497,692,374013,338726105,443,3.72,2.6,417,3.5,2.07,502,4.22,3.21,0.73,0.73,0.5,0.51,8.94,105.05
3498,779,52081,17464512,473,3.35,2.47,471,3.34,1.85,572,4.06,3.31,0.81,0.79,0.51,0.53,13.89,104.57
3499,962,66666,48880124,500,3.52,2.62,624,4.39,4.09,578,4.07,3.33,0.78,0.77,0.54,0.54,13.78,107.02
3500,1151,60792,59741573,677,4.4,3.33,661,4.29,2.8,801,5.2,4.19,0.82,0.81,0.52,0.54,8.77,109.21
3501,1323,41649,14335597,784,4.69,3.34,806,4.83,2.87,924,5.53,4.26,0.79,0.77,0.49,0.51,8.19,104.72
3502,1383,4585508,6022048974,730,4.45,3.08,810,4.94,3.13,924,5.63,4.54,0.79,0.78,0.49,0.52,8.65,106.78
3503,1382,29818,11001152,769,4.63,3.19,811,4.89,2.67,907,5.46,4.65,0.82,0.8,0.46,0.46,5.07,114.56
3504,1343,35638,15407723,784,5.16,3.33,777,5.11,2.87,907,5.97,4.51,0.83,0.82,0.44,0.44,4.71,118.62
3505,1513,28202,10709769,822,4.98,3.85,845,5.12,3.25,965,5.85,5.13,0.82,0.81,0.49,0.51,6.67,119.55
3506,1483,44580,22329309,817,5.07,3.67,831,5.16,2.89,937,5.82,4.95,0.84,0.82,0.45,0.46,6.45,113.12
3507,1497,54567,23837295,840,5.35,3.91,879,5.6,3.53,977,6.22,5.51,0.81,0.79,0.47,0.48,6.29,124.67
3508,1492,39651,18175893,838,4.96,3.74,810,4.79,2.74,962,5.69,5.13,0.78,0.74,0.46,0.44,6.65,119.86
3509,852,17854,3738767,502,3.59,2.72,475,3.39,1.86,585,4.18,3.93,0.76,0.74,0.53,0.53,9.06,110.2
3510,957,26349,5288170,586,4.04,3.03,582,4.01,2.65,684,4.72,3.94,0.78,0.76,0.5,0.5,7.65,113.84
3511,1163,34418,5918758,664,4.68,3.51,651,4.58,3.12,794,5.59,5.28,0.79,0.77,0.5,0.5,9.17,111.18
3512,1097,26306,13776269,660,4.55,2.95,671,4.63,2.43,806,5.56,4.44,0.82,0.8,0.44,0.44,7.48,120.8
3513,1089,24501,8211694,629,4.25,3.05,622,4.2,2.4,747,5.05,4.29,0.83,0.82,0.49,0.52,9.01,116.68
3514,988,31495,20570626,582,3.99,3.01,577,3.95,2.27,692,4.74,4.08,0.83,0.81,0.47,0.47,9.89,113.8
3515,905,60230,39424910,547,3.99,3.22,512,3.74,2.03,660,4.82,4.27,0.83,0.82,0.48,0.5,11.91,111.14
3516,852,39624,33111736,502,3.8,2.73,492,3.73,2.1,613,4.64,3.9,0.74,0.73,0.53,0.55,9.84,99.24
3517,991,89479,76423820,596,4.11,2.86,595,4.1,2.15,697,4.81,3.78,0.87,0.84,0.47,0.48,8.12,113.09
3518,1182,258845,326269878,654,4.36,2.96,676,4.51,2.51,774,5.16,3.8,0.84,0.82,0.44,0.46,13.12,128.04
3519,1262,53881,43530838,622,4.15,3.16,746,4.97,5.11,884,5.89,5.53,0.78,0.75,0.43,0.45,9.14,122.55
3520,1269,176728,214974548,679,4.3,3.11,820,5.19,5.29,944,5.97,5.52,0.8,0.78,0.47,0.48,8.33,122.69
3521,1208,329336,387582103,559,4.08,3.02,733,5.35,5.92,834,6.09,5.92,0.81,0.79,0.47,0.49,9.15,119.17
3522,1286,36011,19358764,613,3.72,2.87,781,4.73,4.8,893,5.41,5.33,0.85,0.84,0.49,0.5,12.99,123.78
3523,1509,24265,3823973,725,4.59,3.46,954,6.04,6.9,1049,6.64,7.0,0.83,0.81,0.47,0.52,6.85,127.35
3524,1590,27193,5437385,731,4.54,3.33,982,6.1,6.76,1063,6.6,6.19,0.84,0.82,0.47,0.5,8.99,118.44
3525,1685,25664,6477281,800,4.82,3.26,1048,6.31,6.65,1131,6.81,6.37,0.82,0.79,0.48,0.51,9.98,128.17
3526,1671,23416,5271174,861,5.28,3.5,1027,6.3,4.96,1149,7.05,5.84,0.83,0.8,0.45,0.48,5.22,120.34
3527,1454,38180,28754971,824,5.12,3.57,943,5.86,3.94,1062,6.6,5.47,0.83,0.81,0.43,0.45,7.78,122.85
3528,1283,19247,3828518,694,4.45,3.18,809,5.19,4.73,865,5.54,4.68,0.8,0.78,0.45,0.47,7.07,111.92
3529,988,16229,3301363,586,3.81,2.69,588,3.82,1.97,683,4.44,3.43,0.76,0.74,0.47,0.49,8.15,127.55
3530,857,9520,3199312,538,4.01,3.4,504,3.76,1.92,629,4.69,4.49,0.77,0.75,0.49,0.5,6.0,118.33
3531,928,18415,3303798,576,3.97,3.3,615,4.24,3.63,656,4.52,4.09,0.79,0.77,0.48,0.5,6.26,112.14
3532,856,20107,6616021,556,3.81,3.16,535,3.66,1.84,647,4.43,4.23,0.8,0.78,0.47,0.49,8.01,116.41
3533,844,93395,112619431,534,3.63,3.25,479,3.26,1.69,609,4.14,4.1,0.78,0.77,0.48,0.49,8.37,121.33
3534,712,17094,4443168,473,3.61,2.88,435,3.32,1.79,550,4.2,3.48,0.73,0.71,0.52,0.53,11.26,113.26
3535,740,50906,50723022,476,3.28,2.66,457,3.15,2.46,555,3.83,3.54,0.76,0.74,0.51,0.55,11.69,109.93
3536,691,16917,6302809,474,3.43,2.6,448,3.25,1.87,546,3.96,3.33,0.77,0.75,0.53,0.55,10.49,108.43
3537,985,5630087,5645068598,619,4.13,3.09,569,3.79,2.17,739,4.93,4.26,0.78,0.77,0.49,0.51,11.01,108.47
3538,1012,25300,6916299,604,3.85,2.73,570,3.63,1.82,683,4.35,3.51,0.78,0.75,0.47,0.5,11.94,116.01
3539,976,93708,62493519,634,4.17,3.25,603,3.97,2.2,733,4.82,4.34,0.82,0.8,0.51,0.53,15.7,118.14
3540,1085,37582,10319129,704,4.6,3.44,663,4.33,2.49,814,5.32,4.56,0.83,0.8,0.46,0.48,10.54,118.44
3541,936,35254,9933715,583,4.26,2.95,541,3.95,2.09,687,5.01,4.15,0.8,0.78,0.51,0.51,9.99,115.76
3542,1015,712058,747447648,631,4.44,3.19,625,4.4,2.38,749,5.27,4.18,0.81,0.79,0.49,0.5,11.69,118.57
3543,1058,72015,52086294,660,4.37,3.16,630,4.17,2.06,777,5.15,4.21,0.83,0.81,0.48,0.53,11.74,114.62
3544,1242,35394,13672781,681,4.54,3.29,689,4.59,3.06,810,5.4,4.44,0.82,0.79,0.48,0.51,11.01,114.3
3545,1250,58586,23939362,685,4.23,3.16,645,3.98,2.11,817,5.04,4.52,0.78,0.76,0.51,0.54,12.12,112.68
3546,1269,24642,5066628,665,4.16,3.14,632,3.95,2.23,815,5.09,4.43,0.76,0.75,0.44,0.46,10.52,113.32
3547,1379,25479,6400299,781,4.7,3.39,784,4.72,2.46,954,5.75,4.58,0.77,0.74,0.47,0.5,11.67,120.53
3548,1320,31391,5051259,687,4.4,3.47,670,4.29,2.37,815,5.22,4.6,0.79,0.77,0.48,0.51,12.71,118.27
3549,1429,38672,19163677,742,4.76,3.4,782,5.01,3.82,888,5.69,4.54,0.78,0.76,0.48,0.5,12.3,110.23
3550,1403,36705,18778442,769,4.66,3.51,743,4.5,2.51,898,5.44,4.83,0.78,0.76,0.47,0.49,9.07,109.7
3551,1317,25894,11901212,765,4.61,3.24,782,4.71,2.93,882,5.31,4.17,0.8,0.79,0.46,0.47,8.22,107.64
3552,1424,16813,4012430,807,4.64,3.36,782,4.49,2.43,939,5.4,4.35,0.76,0.75,0.44,0.45,7.55,113.82
3553,1490,25180,4217869,893,4.91,3.38,886,4.87,2.5,1035,5.69,4.41,0.79,0.77,0.42,0.44,7.72,121.27
3554,1298,18852,4607291,722,4.57,3.81,714,4.52,2.17,858,5.43,5.16,0.82,0.8,0.44,0.45,6.2,124.29
3555,1259,13900,2509198,679,4.12,2.87,665,4.03,2.13,796,4.82,4.01,0.81,0.79,0.48,0.51,7.59,116.03
3556,1110,16789,2324844,597,4.09,3.62,573,3.92,2.25,722,4.95,5.1,0.75,0.74,0.46,0.48,7.19,114.6
3557,1008,14310,1947042,574,3.99,3.26,536,3.72,2.04,663,4.6,4.21,0.77,0.75,0.48,0.49,7.04,118.58
3558,990,65943,64215833,554,3.93,3.05,531,3.77,1.83,650,4.61,4.18,0.82,0.8,0.46,0.48,7.48,121.28
3559,993,175960,225715342,570,4.32,3.77,522,3.95,2.24,667,5.05,5.21,0.75,0.74,0.48,0.52,12.17,110.76
3560,1028,1260617,1284786232,587,3.89,3.2,555,3.68,2.23,681,4.51,4.36,0.8,0.79,0.47,0.5,12.06,119.65
3561,749,5820713,7278174182,446,3.72,2.58,412,3.43,2.07,518,4.32,3.12,0.82,0.81,0.51,0.52,14.58,111.17
3562,663,390917,508548577,415,3.4,2.74,399,3.27,2.0,480,3.93,3.33,0.79,0.76,0.53,0.55,9.93,106.59
3563,709,60008,47158223,419,3.43,2.52,414,3.39,2.31,475,3.89,3.3,0.87,0.87,0.51,0.55,14.19,109.27
3564,691,22879,4280613,393,3.28,2.5,409,3.41,2.73,449,3.74,3.14,0.79,0.77,0.53,0.56,12.55,104.66
3565,679,17565,6982004,441,3.47,2.8,408,3.21,1.97,493,3.88,3.44,0.8,0.78,0.5,0.54,10.4,116.29
3566,867,3005407,3419791922,489,3.85,3.0,459,3.61,2.11,580,4.57,4.07,0.79,0.78,0.52,0.53,15.31,109.18
3567,717,2176543,3069193555,427,3.53,2.7,399,3.3,1.98,495,4.09,3.46,0.82,0.81,0.54,0.58,13.52,111.29
3568,744,357753,364627538,472,3.45,2.67,487,3.55,2.25,537,3.92,3.26,0.8,0.78,0.55,0.57,17.82,101.79
3569,863,303056,334889842,543,3.99,2.59,540,3.97,2.1,635,4.67,3.41,0.8,0.79,0.5,0.51,13.85,106.5
3570,902,1173900,1240715812,558,4.04,2.71,577,4.18,2.72,633,4.59,3.25,0.83,0.82,0.5,0.52,13.8,110.45
3571,927,349716,367310260,600,4.03,2.97,574,3.85,2.1,678,4.55,3.8,0.84,0.83,0.5,0.52,14.14,106.09
3572,923,1460848,1685289205,609,3.88,2.82,597,3.8,2.19,708,4.51,3.52,0.79,0.78,0.52,0.55,11.59,105.3
3573,918,912563,967280149,601,4.17,2.78,593,4.12,2.17,688,4.78,3.49,0.82,0.8,0.5,0.53,9.86,105.77
3574,1014,346361,54675709,637,4.14,3.04,673,4.37,2.92,744,4.83,3.81,0.87,0.86,0.48,0.51,7.12,115.47
3575,1011,4106840,5196099984,638,4.25,3.0,652,4.35,2.26,734,4.89,3.9,0.81,0.8,0.5,0.52,6.86,111.54
3576,1187,329756,348061782,721,4.84,3.62,753,5.05,3.31,850,5.7,4.74,0.79,0.78,0.46,0.49,7.86,110.95
3577,1231,30012,6977269,753,4.56,3.19,791,4.79,3.13,874,5.3,4.25,0.82,0.81,0.49,0.51,7.86,117.25
3578,1016,32501,24243118,643,4.32,2.77,659,4.42,2.34,740,4.97,3.66,0.85,0.84,0.46,0.5,9.35,125.74
3579,953,1131931,1331208815,607,4.1,2.62,621,4.2,2.49,694,4.69,3.55,0.83,0.81,0.5,0.53,8.15,114.82
3580,874,12012,1871412,561,3.98,2.71,590,4.18,2.42,666,4.72,3.94,0.83,0.82,0.47,0.49,6.37,120.82
3581,916,10027,1510361,591,3.81,2.69,623,4.02,2.45,669,4.32,3.41,0.81,0.8,0.49,0.5,6.52,117.22
3582,746,1555471,2013208964,494,3.48,2.3,514,3.62,2.08,566,3.99,2.89,0.8,0.79,0.54,0.56,11.58,116.29
3583,802,59016,46052751,494,3.63,2.64,516,3.79,2.88,572,4.21,3.52,0.83,0.8,0.52,0.54,10.74,111.05
3584,807,7944906,9506637227,524,3.77,2.52,545,3.92,2.28,585,4.21,3.19,0.85,0.84,0.55,0.57,13.3,116.35
3585,828,4113718,5333656381,581,4.06,2.73,563,3.94,2.1,656,4.59,3.58,0.84,0.83,0.5,0.52,11.42,119.38
3586,1021,299760,349365746,658,4.36,3.02,643,4.26,2.43,760,5.03,4.04,0.86,0.85,0.46,0.49,9.6,122.59
3587,1110,899047,979224522,719,4.49,2.86,708,4.42,2.3,816,5.1,3.53,0.82,0.79,0.48,0.52,11.18,122.55
3588,1173,86895,42391194,756,4.7,3.21,753,4.68,2.4,878,5.45,4.05,0.84,0.82,0.48,0.51,10.2,128.16
3589,1314,5669141,7276612759,837,5.04,3.06,856,5.16,2.61,934,5.63,3.75,0.86,0.83,0.44,0.46,7.8,134.97
3590,1389,583161,659014614,844,5.21,3.41,814,5.02,2.8,984,6.07,4.56,0.76,0.74,0.47,0.5,9.91,127.24
3591,1118,613015,720961081,692,4.38,3.55,695,4.4,2.55,795,5.03,4.62,0.84,0.83,0.47,0.49,14.36,113.52
3592,1270,503346,473521426,739,4.77,3.79,818,5.28,5.78,851,5.49,4.97,0.84,0.82,0.48,0.51,12.52,117.13
3593,1284,5549270,6826639183,765,4.81,3.18,760,4.78,3.25,882,5.55,4.11,0.78,0.76,0.49,0.51,11.38,112.55
3594,1187,1489070,1910121156,712,4.62,3.34,721,4.68,2.9,842,5.47,4.31,0.77,0.76,0.48,0.51,12.61,113.68
3595,1279,1567992,2019514300,776,4.91,3.35,790,5.0,2.47,888,5.62,4.37,0.81,0.78,0.47,0.47,11.96,119.51
3596,1249,21605849,28271658650,743,4.73,3.78,713,4.54,2.7,887,5.65,5.05,0.77,0.75,0.5,0.53,13.57,114.49
3597,1138,9206319,12159676319,723,4.52,3.31,706,4.41,2.8,828,5.18,4.26,0.77,0.76,0.52,0.54,11.5,110.49
3598,1175,49222,32039862,733,4.76,3.19,706,4.58,2.12,866,5.62,4.36,0.81,0.79,0.48,0.5,7.76,113.34
3599,1307,34789,21656663,767,5.11,3.66,786,5.24,4.07,916,6.11,5.1,0.8,0.79,0.48,0.5,7.09,112.01
3600,1311,45836,23461981,752,4.98,3.62,785,5.2,3.87,914,6.05,5.13,0.8,0.78,0.47,0.49,7.79,117.47
3601,1358,44651,21139409,798,5.15,3.59,829,5.35,3.92,959,6.19,5.26,0.78,0.76,0.48,0.51,9.97,118.97
3602,1420,1555205,2014125650,790,4.76,3.45,867,5.22,4.28,952,5.73,5.0,0.77,0.71,0.47,0.47,6.06,114.5
3603,1400,1576297,2014078078,799,4.84,3.71,880,5.33,4.7,978,5.93,5.49,0.8,0.77,0.48,0.5,7.29,126.38
3604,1272,1532078,1979804215,743,4.73,3.39,805,5.13,3.6,913,5.82,4.94,0.8,0.77,0.47,0.49,7.84,121.14
3605,1017,1628594,2000140428,622,4.29,3.48,637,4.39,3.51,747,5.15,5.17,0.76,0.73,0.5,0.51,8.49,108.95
3606,1000,2823841,3655924164,615,4.33,3.33,658,4.63,3.33,724,5.1,4.46,0.79,0.77,0.47,0.5,12.16,115.99
3607,789,39646,15749618,514,4.11,3.13,515,4.12,2.78,588,4.7,3.97,0.86,0.84,0.5,0.52,8.76,108.48
3608,727,11298036,14373788361,451,3.7,2.79,519,4.25,4.43,536,4.39,3.65,0.79,0.77,0.51,0.54,10.04,110.97
3609,885,834300,984442816,492,3.73,3.12,637,4.83,5.53,579,4.39,4.04,0.77,0.75,0.52,0.52,7.16,108.39
3610,724,310695,342722458,399,3.47,2.79,518,4.5,6.08,455,3.96,3.71,0.78,0.76,0.57,0.61,11.31,106.48
3611,800,603459,683157287,401,3.23,2.81,539,4.35,8.04,455,3.67,3.56,0.76,0.74,0.53,0.55,9.74,102.39
3612,854,2990199,2701038248,440,3.73,3.22,591,5.01,7.3,502,4.25,3.77,0.78,0.77,0.53,0.57,15.92,107.36
3613,2649,9942355,12828452009,920,7.73,32.89,551,4.63,5.97,1960,16.47,100.23,0.79,0.77,0.49,0.53,12.47,108.74
3614,20359,970774,805681722,3515,24.24,114.68,614,4.23,4.92,14691,101.32,560.06,0.8,0.78,0.5,0.53,9.85,109.31
3615,32122,7007289,3224860700,4898,35.49,152.05,593,4.3,3.54,22336,161.86,772.32,0.73,0.71,0.52,0.55,11.81,109.8
3616,47491,31112151,38846938009,6006,41.71,180.58,689,4.78,3.14,29942,207.93,980.38,0.79,0.76,0.46,0.49,13.21,117.19
3617,46344,4017911,1986178932,5854,37.77,166.22,771,4.97,3.0,28601,184.52,896.54,0.83,0.81,0.48,0.51,11.81,120.02
3618,45408,8661986,9025357323,5863,36.87,163.42,803,5.05,3.02,28273,177.82,875.45,0.81,0.79,0.48,0.52,9.9,121.31
3619,43402,8500389,10042214195,5695,35.37,158.17,802,4.98,3.44,25858,160.61,794.27,0.79,0.77,0.49,0.51,8.51,118.12
3620,45702,9332611,6439975237,5922,35.46,160.28,1005,6.02,5.32,27156,162.61,815.86,0.82,0.8,0.46,0.49,9.92,107.79
3621,42802,4591705,4685567285,5991,36.53,163.69,913,5.57,3.99,26012,158.61,789.69,0.8,0.79,0.45,0.47,10.86,111.57
3622,40704,10160887,10767948795,5753,35.29,154.71,1067,6.55,5.28,24972,153.2,753.96,0.82,0.8,0.45,0.48,7.61,116.77
3623,44389,7837194,9095231536,6192,36.21,161.72,1244,7.27,5.48,26575,155.41,782.92,0.83,0.8,0.44,0.46,5.8,113.39
3624,43965,2978248,2689471944,5992,33.29,152.84,1132,6.29,3.86,25726,142.92,746.36,0.83,0.8,0.44,0.45,6.74,118.48
3625,40451,2311557,1984210984,5711,34.4,155.65,858,5.17,3.13,24360,146.75,735.59,0.77,0.74,0.47,0.5,7.54,119.76
3626,36649,12099518,14881946177,5443,35.58,156.29,721,4.71,2.68,22826,149.19,718.36,0.79,0.76,0.48,0.51,7.64,113.78
3627,37022,3355691,2331948175,5455,34.75,152.03,861,5.48,3.83,22923,146.01,708.84,0.76,0.73,0.48,0.5,6.77,112.89
3628,32765,7709456,9090577051,5170,34.01,146.7,911,5.99,6.24,20843,137.12,656.01,0.83,0.81,0.46,0.47,8.45,114.02
3629,26579,6802855,7610518805,4725,31.93,138.13,844,5.7,6.29,17948,121.27,579.97,0.77,0.75,0.48,0.51,8.12,108.98
3630,19872,1285568,1059165401,3925,30.66,126.44,537,4.2,5.22,14324,111.91,494.54,0.76,0.75,0.51,0.53,10.98,103.54
3631,19422,5592533,5561217961,3951,26.7,115.01,591,3.99,3.58,13981,94.47,444.01,0.73,0.71,0.54,0.57,14.12,99.95
3632,21186,5267558,5274375954,4131,29.72,123.84,611,4.4,3.2,15123,108.8,494.82,0.77,0.75,0.53,0.56,19.27,103.44
3633,21031,4798377,5658506594,4148,31.91,128.14,588,4.52,3.07,15021,115.55,509.07,0.81,0.79,0.44,0.47,9.38,113.99
3634,19267,11462614,14657527163,3994,28.33,118.37,608,4.31,2.97,13918,98.71,453.79,0.83,0.8,0.49,0.52,17.65,106.95
3635,17618,3479236,3793411836,3709,28.31,114.26,509,3.89,2.42,12796,97.68,432.91,0.77,0.75,0.48,0.5,12.96,110.81
3636,3265,750239,202534655,1010,7.54,41.58,546,4.07,2.47,2390,17.84,152.38,0.78,0.76,0.47,0.52,18.41,113.4
3637,770,1535708,2005376651,486,3.83,2.9,490,3.86,2.64,571,4.5,3.74,0.8,0.78,0.52,0.56,13.83,119.21
3638,1273,647102,392284475,591,4.25,2.82,619,4.45,2.74,709,5.1,3.94,0.81,0.79,0.49,0.53,11.92,114.48
3639,917,4832311,5908184260,578,4.1,3.11,570,4.04,2.28,692,4.91,4.18,0.81,0.79,0.49,0.51,12.19,118.54
3640,1087,25855811,32715838031,560,4.44,3.4,750,5.95,5.63,647,5.13,4.4,0.8,0.77,0.46,0.47,16.56,133.58
3641,750,71559,16071949,488,4.03,3.18,435,3.6,1.86,538,4.45,4.18,0.8,0.77,0.44,0.47,9.66,139.91
3642,959,356272,405906496,551,4.02,2.77,539,3.93,2.29,623,4.55,3.34,0.79,0.77,0.48,0.51,13.08,118.8
3643,1522,9583980,11965998605,867,5.22,3.66,1012,6.1,4.79,1043,6.28,5.07,0.85,0.82,0.44,0.47,8.76,126.25
3644,1431,8715878,10981850660,833,5.31,4.0,956,6.09,5.04,992,6.32,5.35,0.81,0.78,0.43,0.47,9.22,125.26
3645,1370,5845071,7501112582,837,5.51,3.71,846,5.57,3.59,993,6.53,4.98,0.82,0.79,0.44,0.46,9.16,123.8
3646,1199,3588592,4217500411,734,4.77,3.32,754,4.9,2.83,851,5.53,4.36,0.84,0.81,0.49,0.52,11.23,117.62
3647,1271,4169872,4970131714,764,5.23,3.91,786,5.38,2.91,896,6.14,5.45,0.82,0.8,0.43,0.47,9.3,128.65
3648,1242,3084866,3670082384,770,4.94,3.28,784,5.03,3.02,899,5.76,4.61,0.83,0.81,0.43,0.45,10.98,128.67
3649,1175,5670896,6701631996,690,4.73,3.32,699,4.79,2.96,814,5.58,4.6,0.77,0.76,0.43,0.46,8.11,128.74
3650,1814,328161,348032944,884,6.5,19.91,583,4.29,2.65,1380,10.15,43.05,0.81,0.79,0.48,0.5,7.32,109.12
3651,2726,361489,388026940,947,7.07,33.47,535,3.99,2.11,1940,14.48,107.03,0.78,0.76,0.44,0.45,14.44,107.01
3652,916,289898,327583885,597,4.39,3.17,620,4.56,3.26,680,5.0,4.06,0.85,0.83,0.51,0.54,12.44,114.72
3653,901,3834219,4556501697,547,3.99,2.8,535,3.91,1.97,658,4.8,4.15,0.79,0.78,0.48,0.51,8.05,119.99
3654,1073,8660553,10348547508,622,4.64,8.6,550,4.1,2.33,807,6.02,16.46,0.82,0.82,0.5,0.53,7.83,109.39
3655,924,2933573,3487279236,559,4.17,4.76,530,3.96,2.25,688,5.13,7.48,0.8,0.78,0.51,0.53,12.54,110.5
3656,8846,637093,600518572,2252,17.73,72.5,473,3.72,2.18,6336,49.89,240.88,0.76,0.74,0.49,0.5,10.45,107.22
3657,16421,1863816,1122509193,3398,24.62,104.14,507,3.67,2.32,11344,82.2,399.67,0.76,0.74,0.48,0.5,11.92,113.32
3658,14398,824547,754929604,3304,21.88,90.32,692,4.58,2.98,9749,64.56,310.3,0.8,0.79,0.5,0.51,7.59,112.01
3659,12593,18329926,23437617502,3132,19.7,78.82,829,5.21,3.25,8756,55.07,267.24,0.8,0.77,0.45,0.47,9.9,109.09
3660,12792,1566747,825507024,3165,20.82,82.94,711,4.68,3.04,8925,58.72,267.42,0.81,0.78,0.46,0.47,9.86,103.99
3661,12306,1375536,1394035506,2751,19.37,81.73,703,4.95,4.81,8331,58.67,290.73,0.78,0.75,0.46,0.47,12.34,113.38
3662,20409,11386388,14361447606,3858,25.05,101.82,870,5.65,5.36,12605,81.85,381.04,0.77,0.74,0.47,0.5,11.49,120.5
3663,29172,3886232,3419495633,4601,31.3,134.13,678,4.61,2.62,17911,121.84,590.57,0.81,0.8,0.48,0.52,14.23,116.27
3664,35209,9862924,11606468229,5056,31.8,141.19,709,4.46,2.79,21149,133.01,653.33,0.77,0.74,0.48,0.49,12.84,120.31
3665,34567,6590893,6788849764,5120,32.82,143.41,742,4.76,3.29,20932,134.18,649.14,0.78,0.76,0.5,0.51,14.13,107.01
3666,35575,6393005,5638753191,5267,30.27,137.16,915,5.26,3.4,21661,124.49,634.45,0.82,0.8,0.45,0.47,15.29,109.82
3667,43124,5955964,6606194935,5753,33.06,151.18,962,5.53,3.51,25296,145.38,745.3,0.8,0.79,0.45,0.47,12.38,114.08
3668,36763,3038130,1925298527,5435,33.55,148.04,1212,7.48,20.63,22023,135.94,672.67,0.81,0.78,0.48,0.51,14.94,114.19
3669,34185,4917512,3860792831,5209,34.27,147.55,814,5.36,3.53,20923,137.65,655.76,0.81,0.79,0.43,0.46,11.15,110.79
3670,35537,1965990,1362005207,5511,32.8,145.92,1050,6.25,5.2,21962,130.73,650.6,0.79,0.76,0.43,0.44,10.55,110.53
3671,36645,4847223,3822552134,5396,35.5,153.39,772,5.08,2.96,21981,144.61,691.13,0.77,0.73,0.45,0.47,9.29,115.79
3672,27704,13301892,15068700205,4518,30.32,130.71,805,5.4,3.58,16809,112.81,564.44,0.8,0.78,0.46,0.49,9.58,117.17
3673,14163,3925773,3146148540,3311,20.69,82.32,944,5.9,4.35,9384,58.65,272.64,0.82,0.79,0.46,0.47,7.79,102.93
3674,8000,4129383,4478862501,2462,16.64,63.59,635,4.29,3.43,6028,40.73,179.31,0.8,0.76,0.5,0.52,7.91,112.52
3675,18987,3285938,3025849010,3904,27.69,117.25,501,3.55,2.23,13553,96.12,442.09,0.77,0.76,0.56,0.59,7.8,106.01
3676,17692,6352172,7311105757,3646,31.16,124.24,429,3.67,2.53,12772,109.16,475.94,0.81,0.78,0.52,0.53,10.71,108.54
3677,17950,1174958,1124220019,3804,27.97,115.05,523,3.85,2.93,12985,95.48,429.53,0.74,0.73,0.52,0.53,8.46,106.58
3678,18090,1711731,1059188648,3828,29.91,120.52,499,3.9,2.91,13128,102.56,448.69,0.79,0.78,0.47,0.49,7.73,114.39
3679,18876,3717187,4137870409,3834,28.61,119.63,431,3.22,1.86,13688,102.15,458.93,0.76,0.74,0.5,0.51,8.7,115.37
3680,21411,1071765,936856071,3894,29.73,121.28,496,3.79,2.91,13723,104.76,463.4,0.75,0.73,0.53,0.53,8.02,103.02
3681,21617,9751247,10010458706,3963,27.52,114.13,696,4.83,4.23,13035,90.52,415.1,0.78,0.76,0.48,0.48,6.9,108.05
3682,25998,4488682,4389622408,4146,30.49,123.25,710,5.22,3.91,14661,107.8,487.49,0.84,0.81,0.5,0.5,10.22,105.53
3683,28896,12327911,15494281996,4705,30.55,130.94,818,5.31,3.54,18305,118.86,567.8,0.77,0.73,0.47,0.48,13.35,102.81
3684,29397,9294244,11205047525,4853,30.91,134.51,808,5.15,3.1,18633,118.68,575.67,0.79,0.76,0.49,0.48,9.95,105.78
3685,29475,2276770,1676987459,4711,31.41,134.62,756,5.04,3.03,18638,124.25,599.44,0.8,0.78,0.49,0.51,13.69,116.42
3686,28747,1219687,943151934,4593,31.68,136.09,610,4.21,2.73,18416,127.01,596.76,0.83,0.82,0.51,0.51,16.66,106.43
3687,28133,3834297,4127779103,4705,31.79,136.06,693,4.68,3.29,18128,122.49,576.66,0.84,0.83,0.49,0.5,15.76,109.61
3688,30650,3864547,4119966483,4726,31.3,135.04,733,4.85,3.14,19203,127.17,603.38,0.8,0.78,0.49,0.5,10.31,104.79
3689,28203,5654098,6591795410,4458,31.17,133.29,672,4.7,2.65,18092,126.52,620.74,0.8,0.78,0.5,0.51,13.58,111.51
3690,29443,4826269,4756059715,4624,32.79,138.04,652,4.62,3.3,18528,131.4,605.07,0.82,0.79,0.47,0.47,10.92,108.51
3691,30698,4178564,4522820521,4792,32.16,136.82,832,5.58,5.49,19393,130.15,613.28,0.84,0.81,0.49,0.51,9.51,104.01
3692,31952,1379334,1112735157,4930,33.31,143.83,747,5.05,3.94,20160,136.22,641.62,0.77,0.75,0.5,0.51,8.07,109.25
3693,28562,3899588,1993511710,4895,30.59,135.37,785,4.91,3.49,18579,116.12,567.23,0.75,0.73,0.47,0.48,10.26,106.67
3694,29310,3193496,1625763884,4720,33.96,143.57,623,4.48,2.84,18742,134.83,618.45,0.8,0.78,0.48,0.51,11.39,104.87
3695,28790,2067460,1291576680,4704,31.15,135.62,680,4.5,3.19,18177,120.38,575.99,0.78,0.75,0.45,0.48,8.18,109.4
3696,19630,1136726,1057570008,3879,30.07,123.51,438,3.4,2.22,13972,108.31,476.76,0.81,0.78,0.5,0.51,6.54,105.79
3697,20131,3531217,1533775573,3950,32.92,131.05,437,3.64,2.53,14239,118.66,504.32,0.79,0.76,0.51,0.53,10.18,110.87
3698,17761,878106,700653585,3761,27.65,114.96,525,3.86,2.59,12829,94.33,426.01,0.79,0.77,0.51,0.52,9.87,106.59
3699,18287,2552362,1269261002,3854,28.76,118.28,566,4.22,3.16,13249,98.87,441.19,0.8,0.79,0.53,0.56,11.68,96.41
3700,18299,832429,668914240,3866,30.68,122.31,509,4.04,2.66,13308,105.62,457.39,0.8,0.79,0.5,0.51,7.13,100.79
3701,15662,1177426,1118325093,3546,30.83,119.01,434,3.77,3.31,11618,101.03,418.1,0.71,0.67,0.49,0.48,11.49,91.66
3702,15870,2093647,2391873233,3564,26.6,109.53,461,3.44,2.2,11869,88.57,395.72,0.76,0.74,0.52,0.54,10.32,104.19
3703,14698,1501870,1334317226,3446,28.25,110.43,482,3.95,2.74,11021,90.34,384.86,0.79,0.78,0.52,0.54,8.89,99.85
3704,17749,18479180,22343897443,3725,26.42,109.49,597,4.23,3.04,12923,91.65,425.4,0.79,0.79,0.5,0.5,9.48,105.72
3705,18432,22305210,25033958274,3715,26.16,111.37,552,3.89,2.75,13205,92.99,432.88,0.84,0.82,0.47,0.49,15.82,105.93
3706,14969,22282094,28182905364,3241,24.74,100.94,486,3.71,2.54,10921,83.37,391.04,0.77,0.76,0.5,0.5,15.04,98.73
3707,25656,18931694,21397430574,4384,32.24,133.36,550,4.04,2.65,17372,127.74,581.73,0.74,0.72,0.47,0.5,9.18,110.89
3708,28512,21731252,23788573482,4638,33.85,142.2,581,4.24,3.0,18897,137.93,629.79,0.79,0.77,0.5,0.53,10.57,109.33
3709,29019,30453681,32402385005,4756,29.72,134.11,667,4.17,3.3,18881,118.01,579.71,0.77,0.76,0.53,0.56,12.47,101.8
3710,28041,2557892,1334483473,4564,29.26,129.35,661,4.24,2.83,18198,116.65,564.6,0.78,0.74,0.52,0.54,9.26,105.95
3711,29858,3316370,2264641477,4724,32.58,138.93,653,4.5,3.64,19117,131.84,616.28,0.8,0.79,0.49,0.5,11.26,104.57
3712,34195,16875913,20715361744,4985,32.37,144.74,604,3.92,2.69,21396,138.94,672.7,0.76,0.75,0.49,0.5,11.23,103.35
3713,35995,1353860,977531038,5238,32.53,144.7,752,4.67,3.27,22271,138.33,680.11,0.77,0.74,0.46,0.46,10.08,115.42
3714,33018,29269967,36324203786,4974,32.72,142.65,671,4.41,3.34,20789,136.77,655.28,0.78,0.76,0.51,0.53,9.58,97.03
3715,30317,4353345,1746171555,4750,30.65,133.74,774,4.99,4.44,19238,124.12,600.21,0.8,0.78,0.47,0.48,8.44,113.41
3716,30100,2531728,1292349457,4830,29.27,130.15,736,4.46,2.83,19314,117.05,580.58,0.79,0.77,0.49,0.51,5.88,114.21
3717,32408,1380626,1037950844,5207,31.37,140.75,786,4.73,3.42,20558,123.84,615.99,0.77,0.75,0.48,0.49,9.17,109.95
3718,33416,2938873,1632905664,5446,31.85,143.11,880,5.15,3.46,21265,124.36,627.16,0.75,0.75,0.44,0.45,7.85,110.93
3719,33823,2696161,1612298569,5458,32.11,142.13,960,5.65,3.6,21422,126.01,630.59,0.74,0.71,0.45,0.46,5.21,111.98
3720,16427,675404,496606692,3195,19.72,95.67,696,4.3,3.15,10769,66.48,407.03,0.71,0.69,0.47,0.47,5.54,105.85
3721,9865,1673415,701446252,2638,19.4,75.19,537,3.95,2.45,7288,53.59,233.81,0.79,0.78,0.48,0.5,4.96,101.2
3722,11952,1711086,712237606,2937,22.77,90.87,424,3.29,2.18,8690,67.36,301.31,0.77,0.75,0.53,0.54,7.11,105.53
3723,21624,960395,773504831,4198,33.85,136.7,430,3.47,2.16,15405,124.23,537.36,0.71,0.69,0.49,0.5,7.6,104.54
3724,20055,897603,722878261,3934,34.21,134.03,373,3.24,2.2,14450,125.65,523.74,0.74,0.72,0.52,0.53,8.79,94.18
3725,5390,205598,155175505,1476,11.71,60.68,402,3.19,2.03,3922,31.13,217.52,0.77,0.76,0.47,0.46,7.32,98.12
3726,1622,93187,91030844,686,5.28,22.47,418,3.22,2.03,1197,9.21,60.4,0.75,0.73,0.51,0.52,11.7,94.54
3727,6566,1208733,465676847,1983,15.02,59.54,561,4.25,3.71,5053,38.28,174.13,0.78,0.77,0.5,0.51,5.27,99.21
3728,8325,528718,276154991,2344,18.46,69.93,441,3.47,2.69,6343,49.94,208.94,0.77,0.76,0.57,0.57,9.79,93.93
3729,10808,473134,350355381,2676,20.27,78.86,544,4.12,3.21,7673,58.13,251.92,0.78,0.76,0.5,0.52,12.69,104.06
3730,20021,2032835,1056419130,3874,26.0,112.67,529,3.55,2.47,13976,93.8,445.71,0.78,0.76,0.5,0.51,9.53,103.16
3731,24213,1453004,909884280,4335,30.74,130.39,589,4.18,3.27,16417,116.43,535.99,0.82,0.81,0.53,0.56,9.47,102.62
3732,24030,1241409,1076734503,4157,30.79,128.73,509,3.77,2.72,15925,117.96,533.4,0.77,0.76,0.51,0.52,10.96,102.35
3733,27517,1050309,789102310,4595,30.84,132.01,643,4.32,2.7,17895,120.1,565.42,0.79,0.76,0.51,0.51,10.76,109.22
3734,26588,1975235,1063029202,4496,29.01,126.38,847,5.46,7.49,17349,111.93,537.69,0.76,0.74,0.51,0.52,7.08,107.97
3735,25352,2730627,1096355028,4237,32.34,131.4,821,6.27,11.81,16775,128.05,560.95,0.8,0.78,0.45,0.46,11.16,118.74
3736,24888,2238355,1330476537,4342,31.24,129.55,698,5.02,5.19,16491,118.64,536.44,0.75,0.73,0.45,0.47,10.0,109.22
3737,24821,2205418,1149165777,4262,31.57,129.09,701,5.19,4.1,16263,120.47,538.46,0.82,0.81,0.46,0.48,7.29,114.8
3738,26662,3404572,1593723293,4415,31.09,129.84,744,5.24,4.22,17188,121.04,555.76,0.77,0.76,0.46,0.47,7.78,112.86
3739,30957,1309856,1059633507,4803,33.12,140.26,809,5.58,4.31,19376,133.63,628.97,0.8,0.79,0.46,0.49,9.59,113.27
3740,35393,2652007,1498525569,5263,35.09,151.75,763,5.09,3.47,21756,145.04,687.31,0.79,0.77,0.47,0.47,8.01,109.64
3741,33569,1776466,1533469988,5316,36.41,156.21,707,4.84,3.05,21363,146.32,684.25,0.8,0.79,0.45,0.46,9.42,113.2
3742,35548,2807571,1845775852,5367,33.34,148.34,832,5.17,4.13,22340,138.76,680.22,0.76,0.73,0.47,0.49,9.68,104.82
3743,34097,2576223,1566529123,5390,34.55,151.22,808,5.18,3.47,21505,137.85,665.67,0.75,0.72,0.47,0.49,7.02,114.59
3744,26913,2228776,1320873664,4594,30.42,130.67,841,5.57,4.39,17077,113.09,552.35,0.75,0.7,0.43,0.44,7.3,117.45
3745,9915,1243658,1302340779,2376,15.84,70.02,836,5.57,3.59,6516,43.44,241.51,0.8,0.77,0.43,0.47,7.58,116.81
3746,11575,1545559,915711652,2555,17.15,78.44,755,5.07,3.43,7634,51.23,283.49,0.8,0.79,0.44,0.47,7.55,121.74
3747,16544,2126059,1265848330,3579,25.38,100.58,711,5.04,3.29,10856,76.99,342.51,0.79,0.76,0.45,0.48,9.06,118.46
3748,14557,727866,600679592,3228,23.91,92.78,670,4.96,3.32,9824,72.77,317.53,0.79,0.78,0.47,0.48,7.09,119.45
3749,14482,1514510,733427970,3421,23.43,94.68,657,4.5,2.6,9954,68.18,310.46,0.79,0.78,0.45,0.46,7.46,120.55
3750,12637,500799,423480517,3038,22.84,88.92,556,4.18,2.35,9006,67.71,293.98,0.81,0.8,0.47,0.48,7.67,104.83
3751,10413,3852508,4632081902,2781,20.01,80.06,592,4.26,2.76,7527,54.15,248.56,0.8,0.78,0.51,0.55,11.79,111.58
3752,1020,109510,54283232,640,4.64,3.5,636,4.61,3.01,787,5.7,4.61,0.77,0.76,0.48,0.5,12.47,113.1
3753,1068,81202,40207681,607,4.56,3.39,637,4.79,2.97,728,5.47,4.64,0.81,0.81,0.5,0.52,13.57,113.08
3754,979,273040,300717592,583,4.16,3.24,574,4.1,2.48,698,4.99,4.48,0.81,0.8,0.51,0.53,12.36,111.27
3755,1034,141965,97083639,587,4.45,3.45,566,4.29,2.99,730,5.53,4.94,0.81,0.8,0.5,0.5,10.91,113.61
3756,1100,44628,41399281,625,4.4,3.13,628,4.42,2.84,768,5.41,4.83,0.78,0.77,0.5,0.53,9.53,119.41
3757,1123,57460,32033988,632,4.65,3.18,617,4.54,2.46,784,5.76,4.53,0.78,0.76,0.48,0.5,8.21,113.47
3758,867,1613483,1635086133,493,3.82,2.99,492,3.81,2.34,608,4.71,4.36,0.8,0.78,0.51,0.53,11.79,105.81
3759,920,82058,44557514,551,3.96,3.07,524,3.77,2.38,649,4.67,3.91,0.76,0.73,0.53,0.55,12.24,115.13
3760,1405,66876,53364753,837,5.23,3.72,875,5.47,3.17,1008,6.3,4.71,0.81,0.79,0.47,0.5,9.51,113.9
3761,1313,246682,261791307,734,4.74,3.32,757,4.88,2.67,901,5.81,4.93,0.81,0.8,0.48,0.51,8.26,117.52
3762,1339,93022,82806375,804,4.99,3.45,806,5.01,2.86,957,5.94,4.6,0.79,0.78,0.43,0.46,6.51,110.58
3763,1382,32539,19349691,786,5.1,3.42,839,5.45,3.22,947,6.15,4.73,0.79,0.77,0.47,0.5,6.61,112.66
3764,698,117033,100636865,440,3.49,2.36,435,3.45,2.0,513,4.07,3.05,0.8,0.79,0.53,0.54,7.08,110.06
3765,730,16531,7192353,399,3.47,2.43,396,3.44,1.9,478,4.16,3.16,0.75,0.74,0.49,0.51,6.73,115.85
3766,1621,36373,20898925,748,5.09,2.85,975,6.63,2.76,1048,7.13,4.2,0.85,0.82,0.37,0.41,3.78,166.54
3767,1442,22304,12865361,788,5.22,3.25,939,6.22,2.93,1049,6.95,4.45,0.8,0.76,0.39,0.41,6.71,157.49
3768,1572,30211,13867970,858,5.43,3.86,912,5.77,4.02,1085,6.87,5.8,0.75,0.72,0.46,0.49,5.23,115.5
3769,1749,26090,12883890,910,5.52,3.76,966,5.85,3.26,1119,6.78,5.08,0.75,0.75,0.45,0.49,5.94,135.18
3770,1674,24666,10739563,935,5.84,3.78,1043,6.52,4.39,1152,7.2,5.43,0.77,0.73,0.42,0.44,6.25,120.4
3771,1625,23116,15456301,847,5.2,3.83,937,5.75,4.18,1060,6.5,5.87,0.77,0.75,0.47,0.5,4.77,112.25
3772,1359,19471,12637462,751,4.69,3.18,768,4.8,3.15,934,5.84,5.07,0.77,0.76,0.48,0.5,4.37,111.22
3773,1136,25100,12635876,661,4.47,3.31,633,4.28,2.74,782,5.28,4.72,0.78,0.77,0.49,0.51,6.68,110.84
3774,1000,174784,170938912,607,4.22,3.16,593,4.12,2.38,721,5.01,4.41,0.77,0.74,0.5,0.51,9.82,112.82
3775,1075,84315,60749574,604,4.47,3.57,582,4.31,2.62,764,5.66,5.2,0.78,0.77,0.52,0.55,11.22,104.9
3776,991,244271,279852771,628,4.03,3.13,599,3.84,2.37,754,4.83,4.28,0.76,0.76,0.52,0.55,14.01,108.63
3777,1227,176071,202913912,679,4.32,3.26,751,4.78,4.28,857,5.46,5.19,0.81,0.79,0.52,0.55,9.35,109.01
3778,1072,2774610,3973743886,611,4.3,3.3,626,4.41,3.63,752,5.3,5.07,0.78,0.76,0.5,0.53,12.32,105.91
3779,1232,2783834,2805317413,656,4.52,3.53,777,5.36,4.37,854,5.89,5.22,0.76,0.73,0.52,0.55,12.0,98.03
3780,1317,2187121,2715933518,715,4.86,3.96,796,5.41,4.22,884,6.01,5.47,0.81,0.8,0.51,0.54,12.53,102.48
3781,1150,56230,29287319,620,4.53,3.14,629,4.59,2.68,753,5.5,4.39,0.78,0.76,0.47,0.52,10.99,116.08
3782,832,4937234,7280910845,503,4.12,3.3,506,4.15,2.66,604,4.95,4.23,0.8,0.77,0.49,0.51,14.35,117.94
3783,849,74257,60110989,515,4.29,3.1,537,4.47,2.59,614,5.12,4.08,0.74,0.73,0.45,0.47,8.74,116.35
3784,967,37494,27191294,523,4.29,2.94,566,4.64,2.98,630,5.16,4.26,0.74,0.73,0.49,0.5,11.23,113.48
3785,855,388451,425201940,442,3.81,3.08,461,3.97,5.16,539,4.65,4.39,0.73,0.71,0.46,0.48,12.56,113.27
3786,718,252013,248742217,414,3.8,3.01,400,3.67,1.95,490,4.5,4.02,0.75,0.72,0.47,0.5,9.68,121.32
3787,823,27687,20839649,491,4.09,3.08,550,4.58,3.7,611,5.09,4.24,0.75,0.73,0.49,0.51,9.0,107.81
3788,840,410779,419031991,537,4.23,2.84,550,4.33,2.67,627,4.94,3.74,0.81,0.8,0.52,0.55,10.17,121.31
3789,1034,247858,253672189,531,4.54,3.25,503,4.3,2.71,781,6.68,8.26,0.72,0.71,0.45,0.48,20.65,120.54
3790,1804,3910236,5285595006,852,6.09,4.13,842,6.01,4.21,1258,8.99,11.61,0.77,0.76,0.4,0.43,17.03,136.78
3791,2246,912454,1236984464,1039,6.49,4.2,1053,6.58,4.21,1552,9.7,12.12,0.76,0.74,0.36,0.39,15.78,133.29
3792,2245,3085036,4051420317,1008,6.46,4.47,1097,7.03,5.3,1585,10.16,13.97,0.81,0.78,0.43,0.48,17.34,138.86
3793,2444,8134920,11306200428,1093,6.66,4.85,1231,7.51,7.2,1730,10.55,13.77,0.77,0.74,0.4,0.44,15.8,136.17
3794,1661,1607281,1845694103,768,5.82,4.42,684,5.18,2.99,1200,9.09,12.91,0.75,0.73,0.42,0.46,15.7,132.59
3795,1213,13671,3806042,646,5.17,3.89,576,4.61,3.0,953,7.62,10.09,0.73,0.72,0.46,0.47,16.56,117.96
3796,1026,76382,5506873,515,4.72,3.6,455,4.17,2.63,789,7.24,10.25,0.76,0.75,0.5,0.52,15.83,118.51
3797,958,18666,10461979,513,4.17,3.82,428,3.48,2.35,745,6.06,9.21,0.69,0.68,0.5,0.52,18.3,126.29
3798,948,2087572,2522962928,529,4.23,3.35,470,3.76,2.33,782,6.26,9.27,0.77,0.77,0.47,0.49,24.66,106.84
3799,1010,1901727,2668547697,526,4.38,3.6,427,3.56,2.27,811,6.76,9.81,0.71,0.69,0.47,0.52,21.14,113.62
3800,1045,1844452,2556030635,519,4.15,3.52,426,3.41,2.2,825,6.6,9.61,0.7,0.68,0.49,0.5,22.86,101.06
3801,1093,145665,100237915,592,4.11,3.65,529,3.67,2.59,871,6.05,8.69,0.73,0.71,0.5,0.51,20.35,106.87
3802,1085,933168,1233925180,566,4.19,3.69,502,3.72,2.81,887,6.57,9.7,0.69,0.68,0.53,0.56,24.05,104.25
3803,1773,2861954,3742440971,832,5.82,4.82,811,5.67,4.99,1287,9.0,12.71,0.74,0.72,0.51,0.53,19.15,110.89
3804,1697,3811740,4720259682,809,5.7,5.12,657,4.63,2.99,1226,8.63,13.23,0.74,0.73,0.44,0.46,20.86,116.46
3805,1980,10277165,12800265927,869,5.87,5.11,751,5.07,3.69,1360,9.19,14.24,0.8,0.79,0.44,0.47,19.92,119.79
3806,1836,89932,84798422,887,5.72,5.06,769,4.96,3.56,1356,8.75,14.21,0.76,0.75,0.45,0.48,17.24,116.86
3807,2048,2506998,3368991314,919,5.74,4.95,926,5.79,6.82,1517,9.48,15.16,0.75,0.74,0.47,0.5,16.12,118.02
3808,2080,3289976,4339414807,957,5.8,4.94,970,5.88,4.84,1532,9.28,14.02,0.76,0.73,0.47,0.51,16.87,122.24
3809,1825,2598720,3662504811,903,5.68,4.58,788,4.96,2.76,1380,8.68,13.34,0.76,0.74,0.46,0.49,18.89,115.38
3810,1711,3123991,4126757019,850,5.48,4.98,726,4.68,2.76,1308,8.44,13.4,0.75,0.74,0.47,0.49,20.45,120.11
3811,2135,861168,1184395621,1010,6.2,5.26,985,6.04,4.82,1575,9.66,15.74,0.73,0.7,0.42,0.45,15.04,122.07
3812,1937,2471357,3503968507,930,6.12,4.97,833,5.48,4.1,1429,9.4,14.02,0.77,0.75,0.42,0.45,16.55,123.47
3813,1950,3219238,4236675684,1037,5.89,4.68,1039,5.9,4.49,1428,8.11,9.12,0.74,0.7,0.43,0.46,12.03,115.81
3814,1847,3864484,4842372264,980,5.98,4.79,1002,6.11,4.91,1263,7.7,7.42,0.78,0.76,0.43,0.46,14.6,117.11
3815,1962,1617218,2288475102,1000,5.88,4.36,1153,6.78,5.37,1321,7.77,6.96,0.79,0.77,0.43,0.44,12.11,121.79
3816,1767,1678121,2411491374,968,5.63,3.92,1024,5.95,4.81,1199,6.97,6.04,0.79,0.78,0.44,0.47,11.52,116.5
3817,1610,3721418,4550294256,947,6.03,4.05,921,5.87,3.76,1143,7.28,5.71,0.79,0.76,0.42,0.44,10.57,135.01
3818,1495,867756,1216504343,870,6.08,4.25,820,5.73,2.8,1042,7.29,5.54,0.78,0.77,0.43,0.46,10.8,132.39
3819,1404,877833,1218932472,797,5.86,4.37,840,6.18,4.63,977,7.18,6.13,0.81,0.79,0.41,0.43,10.9,131.94
3820,771,844960,1236264321,492,4.03,3.22,447,3.66,2.06,580,4.75,4.24,0.75,0.72,0.45,0.48,7.93,124.79
3821,859,9960,3518429,546,4.27,3.37,505,3.95,2.19,629,4.91,4.14,0.78,0.77,0.49,0.51,8.42,127.8
3822,747,32641,29288002,438,4.21,3.47,409,3.93,2.41,520,5.0,4.46,0.74,0.71,0.46,0.48,9.74,121.91
3823,801,64775,12287197,481,4.41,3.43,465,4.27,2.97,552,5.06,4.23,0.8,0.8,0.49,0.52,11.57,119.19
3824,727,21210,12295624,472,3.93,3.01,456,3.8,2.09,541,4.51,3.8,0.77,0.75,0.46,0.47,15.01,124.02
3825,1005,1749650,2444721587,610,4.39,3.19,669,4.81,3.53,748,5.38,4.43,0.79,0.77,0.49,0.52,8.41,120.55
3826,810,860409,1200865571,499,4.16,2.97,483,4.03,2.39,599,4.99,4.16,0.81,0.79,0.49,0.51,6.89,118.79
3827,926,1740731,2387457369,574,4.45,3.5,578,4.48,3.31,675,5.23,4.46,0.83,0.82,0.49,0.52,10.7,119.39
3828,1728,3417867,4548014068,913,5.71,3.69,1006,6.29,4.08,1151,7.19,5.47,0.83,0.8,0.45,0.48,11.05,124.2
3829,1445,38795,17520620,864,5.43,3.88,858,5.4,3.09,1006,6.33,5.1,0.82,0.8,0.42,0.44,10.37,128.29
3830,1449,2309370,2934511951,795,4.91,3.84,836,5.16,5.61,964,5.95,5.02,0.76,0.73,0.41,0.44,9.08,131.84
3831,1473,995358,1285549517,893,5.35,4.07,858,5.14,2.76,1049,6.28,5.1,0.79,0.75,0.45,0.48,8.03,127.06
3832,1413,26471,13778547,818,5.68,4.19,842,5.85,3.94,956,6.64,5.55,0.85,0.84,0.44,0.46,7.91,134.87
3833,1457,2441460,3454266208,783,5.05,4.42,837,5.4,4.4,956,6.17,5.96,0.81,0.79,0.44,0.45,8.33,105.84
3834,1212,189249,221929082,718,4.79,4.2,727,4.85,4.03,871,5.81,5.46,0.74,0.74,0.43,0.43,8.06,97.4
3835,1237,122141,101258974,651,4.68,3.9,656,4.72,3.5,834,6.0,5.78,0.78,0.77,0.46,0.47,9.08,106.61
3836,1470,897365,1204590293,777,5.01,4.06,867,5.59,5.68,971,6.26,5.75,0.73,0.7,0.48,0.5,9.95,112.9
3837,1522,40715,24388658,824,5.25,4.31,852,5.43,4.04,1042,6.64,5.93,0.77,0.75,0.45,0.45,7.36,110.85
3838,1418,2965098,3935801507,790,5.37,4.68,843,5.73,4.74,994,6.76,6.59,0.81,0.8,0.46,0.47,7.18,109.48
3839,1258,1712567,2411991091,713,5.02,3.89,682,4.8,2.6,887,6.25,5.54,0.77,0.75,0.43,0.43,10.34,117.8
3840,1383,983555,1381946784,722,4.88,4.23,706,4.77,3.24,912,6.16,5.91,0.77,0.75,0.46,0.46,12.99,104.24
3841,1407,2847919,3246438590,754,4.8,3.82,759,4.83,3.96,941,5.99,5.53,0.76,0.74,0.45,0.46,10.9,113.27
3842,1390,14537,3802646,789,5.19,4.25,871,5.73,5.3,995,6.55,6.19,0.83,0.82,0.47,0.47,10.64,111.84
3843,1314,94065,26880079,688,5.1,4.87,674,4.99,3.78,840,6.22,6.55,0.76,0.72,0.47,0.48,11.28,105.28
3844,797,919000,1343571934,484,3.59,3.23,452,3.35,2.31,574,4.25,4.4,0.76,0.75,0.52,0.53,10.06,97.03
3845,835,1705172,2292469090,500,3.5,3.03,495,3.46,2.31,604,4.22,4.03,0.78,0.74,0.51,0.52,11.99,97.61
3846,789,53138,52529443,486,3.74,3.58,474,3.65,2.66,591,4.55,4.76,0.78,0.77,0.5,0.51,9.52,98.17
3847,794,17338,11953741,463,3.7,3.38,443,3.54,2.39,564,4.51,4.22,0.71,0.7,0.5,0.51,8.37,100.24
3848,862,942407,1312704596,525,3.95,2.92,500,3.76,2.17,637,4.79,4.01,0.74,0.74,0.47,0.49,10.16,102.97
3849,831,966157,1339819295,486,3.63,2.8,486,3.63,2.24,602,4.49,3.97,0.77,0.76,0.52,0.54,13.1,105.41
3850,878,32112,19993365,546,3.99,3.08,553,4.04,2.81,675,4.93,3.99,0.78,0.77,0.51,0.52,8.23,107.24
3851,645,9143,1631241,384,3.52,2.89,361,3.31,2.36,463,4.25,3.98,0.73,0.72,0.54,0.57,10.88,100.02
3852,1339,3660297,4327000514,757,4.85,3.71,744,4.77,2.9,920,5.9,5.31,0.76,0.74,0.48,0.5,10.42,118.42
3853,1461,100666,90697164,799,4.84,3.69,876,5.31,4.24,993,6.02,4.91,0.85,0.82,0.48,0.49,12.12,116.29
3854,1465,3578206,5053859943,754,5.13,4.34,865,5.88,4.48,969,6.59,6.13,0.84,0.82,0.45,0.49,14.44,115.06
3855,1545,128221,96538325,820,5.06,3.69,943,5.82,4.99,1032,6.37,5.13,0.79,0.77,0.47,0.5,7.67,115.61
3856,1511,984963,1373161890,859,5.14,4.32,910,5.45,3.96,1045,6.26,5.54,0.79,0.76,0.42,0.44,10.39,113.23
3857,1381,2471605,3173708863,784,4.93,3.84,781,4.91,2.67,968,6.09,5.15,0.77,0.76,0.43,0.43,10.81,115.14
3858,1403,4097389,5212538454,809,5.12,4.08,881,5.58,3.99,990,6.27,5.69,0.79,0.77,0.46,0.48,13.21,115.19
3859,1625,3345545,4422964444,883,5.42,3.68,1054,6.47,4.3,1110,6.81,4.97,0.82,0.81,0.44,0.46,11.09,101.74
3860,1958,1723857,2409896596,1084,6.23,4.29,1301,7.48,4.82,1343,7.72,5.93,0.81,0.79,0.44,0.45,7.85,105.62
3861,1848,3657351,4677439572,928,5.69,4.29,1050,6.44,3.88,1113,6.83,5.56,0.81,0.77,0.43,0.44,8.71,112.67
3862,1606,1568109,1876985141,913,5.71,4.1,982,6.14,4.1,1088,6.8,5.82,0.84,0.81,0.45,0.45,10.78,109.55
3863,1813,32873,13330914,942,5.92,5.08,1097,6.9,5.47,1223,7.69,6.76,0.81,0.79,0.46,0.46,11.98,111.86
3864,1608,40261,20184497,859,5.44,4.43,911,5.77,4.23,1117,7.07,6.41,0.76,0.74,0.48,0.49,8.23,113.67
3865,1678,4216549,5991929941,884,5.46,4.13,959,5.92,3.91,1120,6.91,6.31,0.81,0.79,0.43,0.45,7.64,115.18
3866,1721,1853830,2621892702,945,5.83,4.58,1017,6.28,4.18,1181,7.29,6.82,0.81,0.78,0.42,0.43,8.79,115.54
3867,1727,963768,1348300637,857,5.39,4.3,972,6.11,4.28,1165,7.33,6.49,0.76,0.74,0.44,0.45,9.35,117.77
3868,784,852727,1245310545,493,3.88,3.4,470,3.7,2.18,594,4.68,4.44,0.74,0.73,0.46,0.48,8.21,112.04
3869,710,1794466,2540710484,434,3.71,3.07,424,3.62,2.22,501,4.28,4.15,0.79,0.78,0.5,0.52,8.64,109.58
3870,688,871016,1215379431,438,3.88,3.01,455,4.03,2.62,522,4.62,3.54,0.81,0.79,0.55,0.57,10.35,102.3
3871,707,128662,126530808,459,3.7,3.01,457,3.69,2.99,536,4.32,3.75,0.78,0.77,0.55,0.57,15.02,107.06
3872,700,7048491,9042524259,455,3.37,3.12,431,3.19,2.23,533,3.95,3.77,0.75,0.74,0.52,0.56,17.37,104.29
3873,599,979360,1344932034,388,3.26,3.18,353,2.97,2.18,432,3.63,3.64,0.77,0.76,0.55,0.57,14.88,111.85
3874,608,942462,1324460178,407,3.42,2.92,402,3.38,2.36,484,4.07,3.82,0.76,0.74,0.52,0.53,15.31,109.66
3875,639,944909,1334750196,421,3.73,3.09,401,3.55,2.46,484,4.28,3.84,0.81,0.8,0.54,0.56,11.98,99.95
3876,1099,2529441,3278428916,599,4.28,3.83,680,4.86,4.46,720,5.14,4.98,0.78,0.77,0.53,0.57,11.89,120.44
3877,1283,891205,1231864377,678,4.46,3.34,770,5.07,3.87,801,5.27,4.18,0.8,0.78,0.52,0.54,10.07,109.53
3878,1438,816187,1036268772,758,4.46,3.31,811,4.77,3.7,926,5.45,4.59,0.8,0.77,0.49,0.51,10.88,114.71
3879,1270,1463172,1695976138,691,4.64,3.81,727,4.88,4.03,840,5.64,5.22,0.79,0.78,0.5,0.52,15.0,119.44
3880,1403,888140,1243910944,722,4.69,4.38,738,4.79,3.41,872,5.66,5.8,0.77,0.76,0.47,0.49,8.92,115.6
3881,1407,66153,41774860,756,4.82,3.63,857,5.46,4.2,983,6.26,5.16,0.79,0.77,0.48,0.51,11.01,112.12
3882,1238,2054382,2649414577,732,4.88,3.73,752,5.01,3.69,894,5.96,5.03,0.79,0.77,0.44,0.47,12.36,116.05
3883,1259,42185,18129298,707,4.94,3.79,753,5.27,4.27,890,6.22,5.17,0.75,0.75,0.5,0.52,10.6,107.11
3884,1338,904088,1228978244,757,5.22,3.91,818,5.64,4.06,945,6.52,5.62,0.84,0.83,0.5,0.54,14.5,113.34
3885,1402,1715504,2454020084,737,4.79,3.81,794,5.16,3.74,943,6.12,5.33,0.74,0.73,0.47,0.49,12.77,103.05
3886,1529,2648502,3825085249,786,4.65,3.92,813,4.81,3.58,991,5.86,5.44,0.76,0.76,0.51,0.53,11.68,108.05
3887,1429,2672011,3793611155,785,4.51,3.74,944,5.43,4.86,982,5.64,5.06,0.75,0.73,0.5,0.51,10.19,116.0
3888,1392,28528,18144091,825,4.97,3.7,876,5.28,3.56,966,5.82,5.09,0.81,0.8,0.5,0.51,8.76,115.76
3889,1591,919619,1271496714,834,4.69,4.15,936,5.26,4.76,1045,5.87,5.78,0.7,0.7,0.48,0.5,8.8,116.34
3890,1306,76098,77553227,736,4.43,3.33,827,4.98,3.22,896,5.4,4.53,0.75,0.74,0.44,0.45,9.41,103.39
3891,1165,1838660,2595718357,676,4.33,3.75,631,4.04,2.49,814,5.22,5.95,0.71,0.68,0.49,0.49,8.77,107.95
3892,1064,17772,5270833,657,4.08,3.46,644,4.0,2.73,760,4.72,4.66,0.73,0.72,0.48,0.48,9.59,112.97
3893,1013,16976,6406396,635,4.23,2.67,651,4.34,2.52,741,4.94,3.48,0.74,0.72,0.47,0.48,10.44,108.88
3894,1021,11782941,14584951590,600,4.32,3.23,647,4.65,3.45,746,5.37,4.46,0.77,0.76,0.49,0.51,9.66,109.11
3895,1100,9816224,12102572663,655,4.58,3.5,698,4.88,3.38,793,5.55,4.36,0.78,0.77,0.52,0.54,13.67,110.58
3896,1062,91330,87910549,664,4.43,3.57,661,4.41,3.13,780,5.2,4.52,0.75,0.72,0.46,0.48,13.2,114.66
3897,1125,1198484,1657298796,643,4.07,3.19,692,4.38,3.22,770,4.87,4.39,0.79,0.77,0.53,0.56,13.61,111.2
3898,1105,899277,1221337516,665,4.52,3.29,707,4.81,3.42,806,5.48,4.55,0.77,0.75,0.48,0.48,14.89,113.29
3899,1051,40989,29307846,631,4.26,2.87,673,4.55,3.09,745,5.03,3.79,0.78,0.75,0.49,0.52,11.18,113.02
3900,1149,930923,1239132072,685,4.45,3.01,720,4.68,3.37,827,5.37,4.51,0.79,0.77,0.5,0.53,12.47,120.17
3901,1129,815196,1096482366,657,4.44,3.86,713,4.82,4.47,825,5.57,5.86,0.76,0.73,0.47,0.52,10.02,119.56
3902,798,2537198,151520464,475,3.47,2.78,480,3.5,2.28,563,4.11,3.42,0.77,0.76,0.54,0.56,13.39,107.76
3903,1091,8248459,10854035228,667,4.76,3.74,679,4.85,3.85,787,5.62,5.06,0.77,0.75,0.46,0.49,12.65,112.91
3904,1444,249534,328353713,796,5.07,3.99,920,5.86,5.52,1018,6.48,6.28,0.79,0.78,0.49,0.51,8.18,113.8
3905,1284,936449,1311258366,713,4.63,3.6,737,4.79,3.89,879,5.71,4.81,0.78,0.76,0.48,0.5,12.59,119.55
3906,1249,1955680,2733298430,709,4.32,3.62,711,4.34,3.05,889,5.42,4.93,0.74,0.73,0.47,0.48,10.45,117.79
3907,1390,1859570,2633646812,763,4.89,4.02,859,5.51,4.61,965,6.19,5.58,0.77,0.73,0.45,0.46,6.47,117.34
3908,1386,21753985,31027760900,748,4.83,3.64,767,4.95,4.0,957,6.17,5.31,0.79,0.77,0.47,0.49,14.64,115.3
3909,1270,1795148,2513795661,719,4.52,3.37,733,4.61,2.83,871,5.48,4.53,0.78,0.76,0.47,0.49,12.83,118.29
3910,1454,1696413,2399089142,818,5.11,3.66,913,5.71,3.6,1004,6.28,4.7,0.79,0.78,0.43,0.47,9.71,111.58
3911,813,1714849,2430506888,487,3.69,2.82,520,3.94,2.83,608,4.61,3.82,0.73,0.71,0.53,0.53,10.01,106.21
3912,734,1725729,2452221882,462,3.67,2.65,465,3.69,2.37,561,4.45,3.6,0.72,0.71,0.53,0.56,10.63,100.01
3913,734,108272,141641410,441,3.71,3.2,443,3.72,2.25,546,4.59,4.29,0.74,0.73,0.51,0.52,10.1,111.0
3914,1127,248053,294024089,658,4.63,3.58,734,5.17,3.84,811,5.71,4.63,0.75,0.73,0.47,0.51,9.31,111.98
3915,1047,936813,1323849368,605,4.23,3.54,612,4.28,2.65,757,5.29,4.99,0.75,0.73,0.51,0.54,12.7,119.36
3916,929,18545,5169549,534,3.84,3.4,548,3.94,2.38,637,4.58,4.22,0.76,0.75,0.5,0.52,9.9,110.26
3917,917,888203,1253482818,547,3.99,3.2,613,4.47,3.31,661,4.82,4.05,0.82,0.82,0.51,0.53,10.02,107.81
3918,899,966507,1350616513,552,3.86,2.66,625,4.37,2.92,656,4.59,3.93,0.82,0.82,0.51,0.55,9.2,108.48
3919,1113,1378716,1675502754,681,4.6,3.62,725,4.9,4.12,819,5.53,4.8,0.8,0.79,0.52,0.54,12.53,110.29
3920,983,1809211,2527304333,609,4.03,2.86,626,4.15,2.91,710,4.7,3.64,0.75,0.73,0.51,0.52,11.07,105.28
3921,885,1824432,2352735486,556,3.94,2.9,573,4.06,2.74,678,4.81,3.94,0.78,0.76,0.48,0.51,10.43,111.26
3922,924,1028311,1410506364,542,3.87,2.91,589,4.21,3.12,669,4.78,3.84,0.78,0.76,0.52,0.54,8.55,107.03
3923,869,1143832,1601914726,509,3.44,2.54,516,3.49,2.2,611,4.13,3.54,0.76,0.75,0.53,0.54,9.53,107.5
3924,906,3022782,3737791607,564,3.79,2.88,582,3.91,2.48,683,4.58,3.64,0.81,0.8,0.51,0.54,10.54,108.51
3925,1031,6912279,8248016952,633,4.14,2.92,693,4.53,3.46,782,5.11,3.72,0.8,0.78,0.52,0.54,12.76,103.47
3926,1307,616853,865688710,781,4.59,3.35,862,5.07,3.4,991,5.83,4.58,0.78,0.77,0.5,0.54,11.51,106.02
3927,1320,3140145,4337106483,753,4.54,3.56,891,5.37,5.13,924,5.57,4.91,0.85,0.84,0.49,0.52,10.84,115.71
3928,1146,940724,1280501689,695,4.4,3.36,690,4.37,2.69,843,5.34,4.39,0.79,0.78,0.45,0.48,13.56,118.13
3929,1193,1822153,2437072957,741,4.57,3.13,726,4.48,2.62,888,5.48,4.11,0.81,0.79,0.49,0.52,13.21,121.77
3930,1433,1930406,2558811457,817,4.49,3.01,940,5.16,3.6,1017,5.59,4.15,0.81,0.8,0.51,0.54,11.05,117.86
3931,1385,941983,1323846975,810,4.66,3.23,872,5.01,3.09,986,5.67,4.35,0.76,0.74,0.46,0.5,11.26,113.42
3932,1310,111200,31923067,758,4.77,3.37,773,4.86,3.1,910,5.72,4.82,0.75,0.72,0.49,0.51,11.62,122.08
3933,1504,1977528,2646755957,895,5.3,3.73,904,5.35,3.17,1091,6.46,5.55,0.79,0.77,0.47,0.51,13.51,116.27
3934,1461,110106,47016547,841,5.36,4.43,915,5.83,5.42,1052,6.7,6.94,0.78,0.76,0.47,0.52,10.82,128.16
3935,1647,1748331,2472568191,899,5.55,3.97,999,6.17,4.98,1154,7.12,6.0,0.8,0.78,0.46,0.47,9.81,123.53
3936,1401,2634900,3764591155,784,5.16,3.67,810,5.33,3.04,982,6.46,5.52,0.8,0.77,0.48,0.53,12.02,119.14
3937,1469,19334,5223702,788,5.36,4.16,822,5.59,4.15,1001,6.81,5.99,0.81,0.79,0.43,0.45,9.52,125.41
3938,1314,16564,5800903,699,4.76,3.96,743,5.05,4.02,884,6.01,5.33,0.76,0.74,0.47,0.49,12.41,115.06
3939,881,792626,1099834161,513,3.72,2.87,535,3.88,2.35,635,4.6,3.8,0.76,0.75,0.49,0.51,10.47,110.65
3940,806,867203,1191960952,491,3.72,3.31,498,3.77,2.37,584,4.42,4.2,0.79,0.77,0.5,0.52,10.56,106.46
3941,727,1742247,2421778679,466,3.67,3.18,419,3.3,2.08,547,4.31,4.11,0.73,0.7,0.5,0.53,19.58,111.04
3942,654,14163,3558473,424,3.29,2.39,425,3.29,2.43,491,3.81,2.87,0.74,0.72,0.53,0.53,9.34,109.84
3943,779,75596,22799773,519,3.63,3.1,516,3.61,2.32,619,4.33,4.16,0.8,0.79,0.51,0.53,10.83,100.18
3944,751,625984,731289965,506,3.89,2.92,488,3.75,2.43,605,4.65,3.62,0.77,0.78,0.57,0.58,14.92,99.12
3945,799,7935741,10303964507,474,3.49,2.94,453,3.33,2.11,563,4.14,3.65,0.82,0.81,0.52,0.53,9.71,100.87
3946,713,7377762,9676909405,456,3.12,2.37,504,3.45,2.39,555,3.8,3.02,0.77,0.76,0.53,0.55,10.17,100.02
3947,968,94817,87465793,615,4.27,3.02,646,4.49,2.99,723,5.02,3.6,0.8,0.78,0.51,0.54,14.43,110.78
3948,1012,4854090,6429354483,601,4.12,3.05,625,4.28,2.72,746,5.11,4.01,0.81,0.8,0.51,0.55,8.61,107.0
3949,1147,955557,1345362767,697,4.38,3.34,724,4.55,3.4,833,5.24,4.15,0.8,0.79,0.5,0.55,9.86,110.29
3950,1066,1453297,1751944914,644,3.95,3.75,610,3.74,2.42,767,4.71,4.57,0.75,0.72,0.5,0.54,11.17,117.84
3951,962,1001055,1370721241,568,4.06,3.21,559,3.99,2.79,673,4.81,4.24,0.81,0.8,0.48,0.5,9.97,116.29
3952,980,144528,106032224,612,4.08,3.31,633,4.22,2.81,727,4.85,4.21,0.77,0.74,0.49,0.53,12.36,112.95
3953,1177,955782,1329702774,672,4.51,3.31,698,4.68,2.92,827,5.55,4.33,0.78,0.75,0.44,0.46,9.3,126.4
3954,1474,2703251,3861378252,877,5.13,4.11,928,5.43,3.99,1066,6.23,5.38,0.82,0.8,0.48,0.51,9.93,119.32
3955,1581,3953367,5373015016,861,5.16,3.89,1016,6.08,5.47,1128,6.75,6.03,0.83,0.81,0.47,0.52,10.83,120.56
3956,1703,224897,172383532,950,5.4,4.22,1113,6.32,5.33,1218,6.92,5.85,0.8,0.78,0.49,0.52,9.98,116.48
3957,1701,120131,104218298,959,5.64,4.2,1059,6.23,4.26,1177,6.92,5.5,0.81,0.8,0.47,0.5,8.18,118.68
3958,1757,934347,1282785861,936,5.51,4.27,1039,6.11,4.59,1150,6.76,5.59,0.77,0.74,0.46,0.49,8.21,116.33
3959,1630,1816661,2596865054,928,5.36,3.78,1015,5.87,3.67,1169,6.76,5.24,0.79,0.77,0.44,0.47,5.94,129.31
3960,1737,32545,12447130,957,5.56,3.96,1110,6.45,5.2,1229,7.15,6.45,0.8,0.78,0.45,0.46,6.38,127.66
3961,1404,58497,8921695,752,4.64,3.59,892,5.51,5.29,968,5.98,5.47,0.76,0.74,0.45,0.47,6.65,118.3
3962,1145,908692,1270731436,703,4.31,3.11,693,4.25,2.65,839,5.15,4.16,0.76,0.75,0.48,0.51,10.23,116.66
3963,1121,904309,1265905468,638,4.25,3.42,664,4.43,3.16,765,5.1,4.71,0.76,0.76,0.49,0.5,7.22,114.96
3964,1091,73672,12766759,605,4.45,3.41,717,5.27,4.4,754,5.54,4.45,0.8,0.8,0.51,0.52,7.79,116.1
3965,1220,1887968,2643121093,656,4.43,3.19,827,5.59,6.9,780,5.27,4.37,0.76,0.73,0.47,0.49,8.52,118.76
3966,1321,67533,35738138,669,4.46,3.08,917,6.11,7.6,801,5.34,4.12,0.8,0.78,0.48,0.51,6.55,121.24
3967,1062,1889779,2554029969,643,4.34,3.15,712,4.81,4.45,733,4.95,3.96,0.78,0.76,0.48,0.52,9.29,116.33
3968,1085,3984341,5645299247,638,4.28,3.28,639,4.29,2.7,774,5.19,4.35,0.76,0.75,0.51,0.53,12.48,109.04
3969,1296,3394642,4127254293,727,4.66,3.52,838,5.37,5.19,937,6.01,4.99,0.8,0.77,0.5,0.53,10.13,113.23
3970,1340,2697995,3775758866,743,4.95,3.65,809,5.39,4.63,917,6.11,5.01,0.79,0.77,0.47,0.5,9.08,120.31
3971,972,3473592,4024368066,548,4.15,3.62,531,4.02,2.62,667,5.05,4.59,0.72,0.69,0.48,0.52,13.58,113.95
3972,1029,835138,1144376762,573,4.24,3.14,613,4.54,3.76,710,5.26,4.26,0.79,0.79,0.52,0.55,13.27,112.4
3973,891,3007493,3782850853,568,4.24,2.95,558,4.16,2.23,681,5.08,3.89,0.82,0.81,0.5,0.53,13.78,112.81
3974,954,7083749,10066059409,560,4.06,3.07,581,4.21,3.15,712,5.16,4.41,0.76,0.75,0.49,0.52,14.1,116.18
3975,784,937197,1235295256,496,3.59,2.96,474,3.43,2.01,593,4.3,3.75,0.74,0.72,0.54,0.56,7.95,117.47
3976,805,3412835,4932557595,490,3.66,3.47,451,3.37,2.51,584,4.36,4.41,0.75,0.73,0.51,0.54,8.97,110.4
3977,769,7570621,10672764344,474,3.65,3.0,484,3.72,2.43,564,4.34,3.74,0.76,0.75,0.54,0.55,15.29,112.84
3978,1336,1787097,2501249442,700,4.27,3.27,839,5.12,5.86,889,5.42,4.62,0.78,0.77,0.47,0.49,11.27,116.63
3979,1411,18551,4033238,715,4.8,3.8,885,5.94,5.01,919,6.17,5.61,0.85,0.83,0.41,0.44,9.27,147.64
3980,1311,1834662,2680362063,677,4.67,3.29,775,5.34,2.59,796,5.49,4.07,0.87,0.85,0.39,0.43,7.58,166.89
3981,1640,52815,6257247,852,5.1,3.26,1043,6.25,3.22,1042,6.24,4.34,0.92,0.91,0.38,0.41,7.07,158.68
3982,1466,11765,5067539,754,4.9,3.37,871,5.66,2.63,906,5.88,4.38,0.86,0.83,0.37,0.41,3.16,164.44
3983,1369,18861,11196035,689,4.85,3.22,785,5.53,2.86,838,5.9,4.36,0.81,0.8,0.4,0.43,4.71,166.51
3984,1348,14327,4406210,659,4.61,2.96,810,5.66,2.86,814,5.69,4.19,0.83,0.81,0.4,0.43,4.66,161.07
3985,1116,49277,7472390,617,4.75,3.03,708,5.45,2.41,718,5.52,4.0,0.86,0.84,0.42,0.45,5.68,151.42
3986,1007,77642,15543480,604,4.11,2.12,698,4.75,2.03,693,4.71,2.56,0.83,0.81,0.42,0.43,5.08,137.49
3987,965,8800,4767553,496,3.44,2.16,583,4.05,1.78,562,3.9,2.73,0.85,0.83,0.44,0.45,4.65,142.63
3988,1019,1113882,1514684830,541,3.58,2.5,620,4.11,2.56,611,4.05,3.33,0.85,0.83,0.43,0.45,4.81,135.23
3989,1089,13586,6514770,579,3.76,2.58,671,4.36,2.25,664,4.31,3.31,0.86,0.85,0.47,0.49,5.32,138.81
3990,887,49840,7603118,471,3.41,2.43,530,3.84,2.08,539,3.91,3.1,0.84,0.83,0.48,0.49,6.79,140.8
3991,846,1667476,2340293379,500,3.73,2.51,559,4.17,3.18,560,4.18,3.18,0.81,0.78,0.41,0.44,7.72,152.9
3992,786,847404,1182300661,452,3.56,2.05,490,3.86,1.88,536,4.22,3.0,0.77,0.74,0.42,0.45,7.35,152.09
3993,1035,13178,3721216,551,4.11,2.83,657,4.9,2.84,673,5.02,3.76,0.83,0.81,0.41,0.43,7.65,154.08
3994,1196,36309,10406453,622,4.26,3.02,713,4.88,2.27,747,5.12,3.85,0.85,0.81,0.4,0.43,8.25,167.37
3995,1270,17566,11756464,645,4.51,3.07,731,5.11,2.32,794,5.55,4.2,0.83,0.79,0.4,0.44,7.94,166.16
3996,1350,1324560,1858439105,665,4.75,3.49,799,5.71,3.51,791,5.65,4.58,0.85,0.82,0.42,0.45,4.76,164.47
3997,2056,4433856,6371211482,780,4.67,2.68,982,5.88,3.15,949,5.68,3.44,0.84,0.81,0.42,0.46,4.39,158.04
3998,2167,4706300,6689569906,817,5.04,3.4,1027,6.34,3.75,1009,6.23,4.4,0.84,0.81,0.41,0.44,4.64,159.95
3999,1811,4566039,6412566432,655,4.23,2.53,787,5.08,2.58,788,5.08,3.71,0.84,0.8,0.41,0.45,4.19,162.31
4000,2326,7479596,10605719578,744,4.59,2.82,943,5.82,4.35,890,5.49,3.78,0.88,0.85,0.41,0.44,6.8,166.09
4001,2220,4786183,6759536518,807,4.86,3.28,966,5.82,3.06,973,5.86,4.15,0.87,0.85,0.41,0.45,6.19,165.28
4002,1649,725332,988290978,801,4.85,2.87,1047,6.35,3.5,989,5.99,3.81,0.85,0.82,0.39,0.43,8.74,155.85
4003,1418,878599,1255545033,775,4.59,2.87,919,5.44,2.89,916,5.42,3.61,0.83,0.78,0.4,0.43,7.78,157.8
4004,1180,1716082,2390204780,637,4.33,2.83,725,4.93,2.2,756,5.14,3.82,0.87,0.85,0.39,0.42,8.59,164.04
4005,1244,1845920,2564471265,656,4.62,3.08,798,5.62,3.14,780,5.49,4.05,0.86,0.82,0.39,0.43,5.86,163.52
4006,1199,887005,1213427639,606,4.33,2.55,745,5.32,2.65,725,5.18,3.41,0.85,0.81,0.38,0.41,6.31,164.1
4007,1149,25090,15995116,621,4.85,3.57,705,5.51,2.46,713,5.57,4.1,0.86,0.84,0.41,0.43,8.31,159.04
4008,1133,836500,1213232128,560,4.52,2.87,668,5.39,3.04,669,5.4,3.83,0.85,0.81,0.39,0.43,7.98,163.37
4009,1178,851084,1203260149,607,4.74,3.23,702,5.48,2.67,720,5.62,4.48,0.86,0.84,0.4,0.43,5.18,168.26
4010,1484,879630,1215815652,696,4.35,2.94,857,5.36,2.41,813,5.08,3.86,0.87,0.86,0.41,0.43,5.84,157.85
4011,1726,21466,12626174,791,4.52,2.58,1005,5.74,2.96,967,5.53,3.52,0.87,0.84,0.41,0.42,3.85,152.79
4012,1690,877192,1211998151,751,4.37,3.02,963,5.6,2.71,890,5.17,3.69,0.88,0.86,0.44,0.48,4.09,155.47
4013,1436,13907,6876720,644,3.95,2.46,771,4.73,1.99,757,4.64,3.23,0.9,0.88,0.41,0.44,3.32,159.48
4014,1397,324222,428672289,716,4.65,3.18,879,5.71,3.73,868,5.64,4.1,0.83,0.8,0.44,0.48,4.32,148.69
4015,1265,1524344,2226524098,642,4.55,2.65,803,5.7,2.8,772,5.48,3.66,0.86,0.84,0.4,0.42,6.09,159.71
4016,1489,907382,1252015152,693,4.65,3.11,849,5.7,3.33,830,5.57,3.99,0.86,0.84,0.4,0.44,4.9,163.34
4017,1383,24511,10744224,682,4.8,2.86,858,6.04,4.0,863,6.08,4.05,0.87,0.85,0.4,0.43,4.77,158.26
4018,920,3612525,5290660319,510,3.92,2.84,565,4.35,2.15,610,4.69,3.55,0.83,0.81,0.44,0.46,5.47,152.94
4019,1076,1299580,1830824944,559,4.08,2.25,638,4.66,2.59,665,4.85,3.08,0.82,0.8,0.5,0.54,4.95,146.53
4020,1094,247672,338593476,580,4.11,2.52,676,4.79,2.44,699,4.96,3.26,0.83,0.82,0.46,0.5,7.09,149.74
4021,909,1860468,2616465513,542,4.3,2.79,587,4.66,2.38,639,5.07,3.71,0.79,0.76,0.44,0.47,8.99,150.87
4022,947,2198991,3030489258,527,3.9,2.34,586,4.34,2.22,649,4.81,3.23,0.84,0.82,0.41,0.43,9.66,151.32
4023,1090,2594071,3426010919,603,4.31,2.45,692,4.94,2.8,761,5.44,3.75,0.83,0.81,0.41,0.43,8.77,151.19
4024,1072,1324738,1700205067,540,3.86,2.74,678,4.84,2.8,692,4.94,3.51,0.87,0.86,0.42,0.43,7.55,151.6
4025,946,1902790,2644485899,528,3.91,2.54,616,4.56,2.25,646,4.79,3.22,0.84,0.82,0.48,0.52,8.32,138.27
4026,1167,3418671,4588529536,620,4.37,2.46,704,4.96,2.32,759,5.35,3.78,0.85,0.82,0.41,0.43,7.85,148.1
4027,1267,2337945,3059427581,639,4.44,2.86,741,5.15,2.59,790,5.49,3.93,0.86,0.85,0.44,0.46,5.97,155.87
4028,1281,4772115,6497202044,629,4.34,2.69,766,5.28,2.89,790,5.45,3.98,0.83,0.8,0.41,0.45,8.94,157.19
4029,1238,2581621,3617005844,639,4.56,2.64,772,5.51,3.27,752,5.37,3.34,0.86,0.85,0.41,0.44,6.79,161.79
4030,1264,991747,1397263352,639,4.26,2.76,757,5.05,2.29,779,5.19,3.43,0.8,0.77,0.4,0.43,7.72,158.28
4031,1343,906587,1273250021,682,4.34,3.12,810,5.16,2.81,826,5.26,4.15,0.81,0.78,0.41,0.44,5.47,160.51
4032,1321,1825670,2532264804,720,4.97,3.23,867,5.98,3.17,857,5.91,4.08,0.83,0.79,0.39,0.43,4.86,158.85
4033,1512,17571,11778496,752,4.98,3.08,900,5.96,2.96,899,5.95,4.34,0.9,0.89,0.41,0.44,3.06,155.38
4034,1693,999785,1353078161,797,4.74,3.2,990,5.89,3.39,956,5.69,4.58,0.88,0.85,0.4,0.43,3.87,154.16
4035,1723,870901,1267859124,810,4.55,2.98,992,5.57,3.12,988,5.55,4.13,0.86,0.84,0.42,0.44,5.17,151.26
4036,1276,17149,13153732,660,3.77,2.15,770,4.4,2.1,772,4.41,2.67,0.82,0.79,0.46,0.5,3.32,153.72
4037,1179,1849861,2508806689,637,3.86,2.41,725,4.39,2.13,740,4.48,3.08,0.83,0.79,0.43,0.46,7.59,147.3
4038,1021,2013457,2451676798,544,3.56,2.27,625,4.08,1.9,628,4.1,2.7,0.84,0.81,0.49,0.5,8.12,142.27
4039,1035,171933,172690841,594,3.83,2.48,663,4.28,2.07,660,4.26,3.04,0.86,0.84,0.48,0.5,9.72,142.0
4040,834,32343,10945970,489,3.35,2.07,522,3.58,1.7,536,3.67,2.49,0.85,0.83,0.49,0.52,7.85,143.23
4041,881,102913,87811823,463,3.19,2.27,513,3.54,1.68,525,3.62,2.67,0.83,0.81,0.47,0.48,9.42,141.5
4042,911,801956,876093036,516,3.31,2.1,580,3.72,1.66,583,3.74,2.7,0.85,0.83,0.5,0.52,9.92,147.72
4043,1052,21582622,28133133235,591,4.05,2.57,678,4.64,2.8,679,4.65,3.48,0.85,0.82,0.48,0.49,10.92,134.32
4044,1016,1060910,1355088498,560,3.66,2.15,661,4.32,2.13,643,4.2,2.8,0.84,0.81,0.47,0.49,10.86,141.19
4045,952,17214741,22028639465,569,3.84,2.88,629,4.25,3.2,651,4.4,3.86,0.82,0.81,0.5,0.51,9.14,138.35
4046,967,7595374,9882494205,633,4.37,3.16,624,4.3,2.84,737,5.08,3.99,0.81,0.78,0.48,0.5,17.79,129.45
4047,1004,1155025,1566081216,664,4.46,3.25,681,4.57,3.25,767,5.15,4.11,0.78,0.77,0.52,0.55,10.61,120.56
4048,1330,971355,1391442531,828,4.81,3.01,818,4.76,2.45,948,5.51,3.91,0.81,0.79,0.45,0.48,11.24,142.79
4049,1308,1264255,1684293469,850,5.59,3.21,840,5.53,3.04,958,6.3,4.03,0.83,0.81,0.43,0.45,9.78,140.11
4050,1259,6735040,8671556489,803,5.11,3.67,786,5.01,3.21,905,5.76,4.45,0.78,0.75,0.49,0.51,12.22,133.81
4051,1282,7877659,9850777092,848,5.11,2.98,846,5.1,2.71,970,5.84,3.78,0.79,0.74,0.43,0.47,9.96,139.13
4052,1300,6837746,8948686456,849,5.44,3.67,857,5.49,3.26,987,6.33,4.56,0.8,0.78,0.43,0.46,12.25,140.78
4053,1275,125330,88170590,762,4.85,3.5,758,4.83,3.51,906,5.77,4.53,0.78,0.75,0.45,0.46,9.82,127.13
4054,1296,11485944,14748649933,825,5.39,3.55,835,5.46,3.3,957,6.25,4.6,0.82,0.79,0.43,0.45,8.62,128.2
4055,1246,5054109,6577046543,738,5.2,3.68,734,5.17,3.36,893,6.29,5.07,0.81,0.78,0.42,0.45,8.79,137.37
4056,1264,6469434,8395381549,775,5.24,3.53,797,5.39,3.23,934,6.31,4.96,0.78,0.76,0.42,0.45,10.21,123.77
4057,1227,11483161,14780337386,705,5.0,3.85,711,5.04,3.71,858,6.09,5.14,0.76,0.74,0.47,0.5,9.07,136.77
4058,1218,6674314,8595555467,731,4.84,3.71,708,4.69,3.09,850,5.63,4.76,0.74,0.71,0.41,0.43,7.43,136.46
4059,1182,19591865,25272675787,724,4.89,3.96,676,4.57,2.3,841,5.68,5.29,0.79,0.76,0.45,0.48,11.56,134.07
4060,1124,896441,1250406133,690,4.63,3.32,661,4.44,2.67,812,5.45,4.27,0.77,0.74,0.42,0.43,7.81,139.23
4061,886,604094,829349388,564,3.79,2.81,530,3.56,1.89,663,4.45,3.97,0.77,0.75,0.5,0.53,10.54,119.77
4062,842,51739,8962332,477,3.67,2.81,488,3.75,2.64,602,4.63,4.26,0.73,0.71,0.54,0.55,11.83,105.97
4063,839,3695400,4769048635,517,3.8,3.76,514,3.78,2.73,609,4.48,4.68,0.78,0.77,0.5,0.51,13.5,113.97
4064,811,17594,5909049,495,3.51,2.69,474,3.36,1.91,599,4.25,3.51,0.73,0.71,0.51,0.54,13.17,109.95
4065,905,878439,1217089708,552,3.89,3.37,553,3.89,3.01,667,4.7,4.42,0.82,0.8,0.49,0.51,10.74,108.97
4066,933,928073,1300036682,565,3.87,2.83,562,3.85,2.24,698,4.78,3.87,0.79,0.78,0.49,0.5,14.02,125.69
4067,826,3800059,4410462287,536,3.88,2.63,496,3.59,2.12,635,4.6,3.55,0.75,0.75,0.51,0.54,10.35,123.06
4068,943,210741,183447875,587,3.97,3.12,560,3.78,2.79,698,4.72,4.2,0.71,0.69,0.53,0.56,12.52,117.9
4069,1353,661920,921393854,754,4.49,3.52,784,4.67,3.19,957,5.7,4.73,0.74,0.73,0.49,0.5,8.36,113.74
4070,1438,878929,1207298205,809,4.9,3.19,874,5.3,3.02,979,5.93,4.49,0.78,0.77,0.44,0.48,8.73,134.33
4071,1595,212758,178604685,846,5.19,3.02,1011,6.2,3.22,1012,6.21,4.05,0.86,0.85,0.4,0.43,7.25,155.7
4072,1490,6158786,8724377345,778,4.58,3.15,864,5.08,2.84,937,5.51,4.21,0.81,0.79,0.42,0.43,8.58,144.53
4073,1450,4982817,6775012698,807,4.61,3.46,862,4.93,3.93,999,5.71,4.78,0.77,0.75,0.48,0.5,8.01,117.6
4074,1536,1957330,2711197051,923,5.07,3.64,989,5.43,4.12,1099,6.04,4.7,0.77,0.73,0.48,0.5,10.53,119.26
4075,1453,959017,1239414909,857,4.84,3.22,872,4.93,2.85,1003,5.67,4.46,0.8,0.79,0.47,0.49,9.87,118.9
4076,1504,1269629,1706169089,810,4.79,3.82,854,5.05,4.2,977,5.78,4.96,0.76,0.74,0.48,0.49,8.41,117.23
4077,1487,879954,1249412573,802,4.77,3.87,921,5.48,4.13,996,5.93,5.21,0.78,0.76,0.48,0.5,7.83,113.88
4078,1454,928678,1278448358,776,4.79,3.75,871,5.38,4.09,958,5.91,5.2,0.82,0.81,0.5,0.53,10.37,116.18
4079,1632,3849781,4596723235,869,5.27,4.18,1060,6.42,5.89,1071,6.49,6.09,0.8,0.77,0.5,0.53,9.99,109.91
4080,1476,918452,1237919805,757,4.95,4.08,887,5.8,5.28,918,6.0,5.38,0.77,0.74,0.49,0.52,11.72,115.33
4081,1519,35853,11746483,815,4.91,3.83,892,5.37,3.85,1000,6.02,5.57,0.81,0.8,0.46,0.48,13.88,116.76
4082,1532,63893,56220152,841,5.13,4.14,930,5.67,5.17,988,6.02,5.52,0.79,0.78,0.46,0.46,12.22,119.34
4083,1556,1726547,2435448251,851,5.29,3.69,963,5.98,4.73,1053,6.54,5.2,0.79,0.77,0.42,0.44,7.0,121.89
4084,1312,108113,71763373,746,4.75,3.68,843,5.37,3.82,884,5.63,4.99,0.8,0.79,0.47,0.5,12.57,118.03
4085,1148,868389,1244699272,643,4.12,3.25,683,4.38,3.31,770,4.94,4.35,0.77,0.75,0.46,0.47,7.25,111.29
4086,955,285355,354011681,562,3.93,3.07,608,4.25,3.35,659,4.61,3.82,0.77,0.76,0.49,0.5,13.96,109.91
4087,1029,955913,1272562659,589,4.15,3.46,587,4.13,2.93,717,5.05,4.25,0.8,0.79,0.48,0.51,15.94,117.45
4088,1239,1878950,2508290312,650,3.99,2.89,728,4.47,3.2,806,4.94,4.17,0.82,0.81,0.51,0.55,13.12,107.72
4089,945,4055554,3100099055,572,3.86,3.14,523,3.53,2.24,690,4.66,4.58,0.76,0.74,0.5,0.53,13.15,105.28
4090,1103,12567039,15801175478,626,4.2,3.15,626,4.2,3.73,752,5.05,4.47,0.74,0.72,0.47,0.5,20.26,104.98
4091,1219,2478800,3509217896,606,3.99,3.32,608,4.0,3.79,763,5.02,5.44,0.75,0.73,0.49,0.51,17.43,106.8
4092,1046,487237,427059248,637,4.11,3.08,633,4.08,2.56,739,4.77,4.06,0.74,0.72,0.45,0.49,13.06,110.5
4093,1196,11103337,13500199784,676,4.31,3.52,693,4.41,3.26,840,5.35,5.23,0.8,0.78,0.5,0.53,14.67,109.37
4094,1366,72030,21373883,795,5.06,3.46,914,5.82,3.28,946,6.03,4.55,0.77,0.75,0.45,0.46,11.82,115.16
4095,1519,4876914,6206536617,858,4.69,3.56,925,5.05,3.73,1065,5.82,5.36,0.77,0.74,0.48,0.49,10.32,110.41
4096,1404,4317011,5790943522,795,4.6,3.39,923,5.34,4.4,960,5.55,4.53,0.76,0.73,0.48,0.51,17.01,118.08
4097,1291,1752759,2440980917,738,4.24,3.11,782,4.49,2.88,899,5.17,4.17,0.76,0.74,0.46,0.49,12.56,119.16
4098,1407,5793463,7142120376,830,4.77,3.38,938,5.39,4.23,989,5.68,4.63,0.81,0.79,0.5,0.52,12.77,117.16
4099,1473,9814034,12578226900,805,4.68,3.62,942,5.48,4.43,1018,5.92,5.04,0.79,0.78,0.51,0.53,12.36,105.96
4100,1414,1564636,1566196583,721,4.77,3.69,807,5.34,4.41,911,6.03,5.9,0.81,0.79,0.51,0.52,17.47,112.04
4101,1522,10632446,13957062373,818,4.96,3.67,964,5.84,4.89,1019,6.18,5.35,0.81,0.8,0.46,0.48,13.82,109.46
4102,1309,8122811,10590778092,735,5.18,3.72,843,5.94,4.82,924,6.51,5.74,0.83,0.82,0.48,0.52,13.39,126.16
4103,1552,11775004,15217931481,824,5.02,3.72,971,5.92,5.37,1022,6.23,5.44,0.75,0.72,0.47,0.47,9.99,115.31
4104,1342,2414259,3179416321,795,4.7,3.23,855,5.06,3.67,964,5.7,4.17,0.7,0.68,0.46,0.48,10.03,123.81
4105,1423,6405582,8355845414,778,4.66,3.38,891,5.34,3.9,965,5.78,4.64,0.75,0.73,0.48,0.52,12.91,121.74
4106,1471,869375,1255427130,821,4.75,3.35,950,5.49,3.73,1010,5.84,4.64,0.79,0.77,0.45,0.47,7.11,128.9
4107,1630,1475542,1915558718,808,4.93,3.52,1060,6.46,7.42,1010,6.16,4.95,0.77,0.74,0.48,0.49,11.38,119.49
4108,1155,1480086,1925134329,695,4.54,3.45,675,4.41,2.9,828,5.41,4.86,0.74,0.73,0.48,0.49,11.16,118.37
4109,1235,3240532,4388307693,702,4.81,3.86,789,5.4,4.1,840,5.75,5.05,0.81,0.8,0.48,0.5,7.65,113.59
4110,1094,1819645,2552554674,627,4.21,3.43,701,4.7,3.85,762,5.11,4.7,0.78,0.76,0.5,0.51,14.77,116.2
4111,1114,17721595,22815809355,634,4.12,3.25,691,4.49,3.9,786,5.1,4.55,0.72,0.71,0.49,0.51,11.55,110.04
4112,1377,9506520,12541579482,733,4.67,3.38,843,5.37,4.48,960,6.11,5.25,0.8,0.79,0.48,0.49,11.99,109.83
4113,1198,6086436,7814472605,687,4.61,3.39,708,4.75,3.21,889,5.97,5.05,0.79,0.78,0.48,0.48,12.25,112.24
4114,1156,2604839,3464163634,676,4.2,2.81,673,4.18,2.73,854,5.3,3.81,0.73,0.71,0.45,0.47,14.43,113.84
4115,1222,1537126,1994806814,690,4.01,3.2,688,4.0,2.77,865,5.03,4.73,0.77,0.75,0.49,0.5,10.3,118.56
4116,1386,12079870,15460954836,744,4.51,3.24,837,5.07,3.47,927,5.62,4.56,0.81,0.8,0.48,0.49,14.25,114.57
4117,1552,1027330,1395624028,848,4.74,3.25,1016,5.68,4.54,1066,5.96,4.43,0.73,0.7,0.47,0.48,11.32,111.45
4118,1510,238878,183396593,808,4.75,3.56,900,5.29,3.95,1058,6.22,5.16,0.73,0.71,0.49,0.52,13.04,108.12
4119,1348,2386338,3227046738,708,4.4,3.21,767,4.76,3.8,940,5.84,4.67,0.74,0.69,0.47,0.49,12.14,105.53
4120,1521,2356828,3145674185,797,4.77,3.81,839,5.02,3.52,1038,6.22,5.44,0.75,0.73,0.47,0.48,12.17,120.29
4121,1377,991272,1319923906,754,4.68,3.43,799,4.96,3.43,948,5.89,4.94,0.78,0.76,0.47,0.49,9.07,120.73
4122,1250,3388686,4772733431,707,4.53,3.11,781,5.01,3.0,897,5.75,4.52,0.84,0.82,0.46,0.48,13.17,119.64
4123,1517,928661,1266463657,803,4.67,3.46,899,5.23,3.77,1038,6.03,5.1,0.79,0.77,0.51,0.51,11.46,112.54
4124,1432,929259,1269346571,804,4.9,3.68,884,5.39,3.96,988,6.02,4.77,0.82,0.79,0.51,0.53,13.35,115.71
4125,1381,860686,1241926188,741,4.57,3.38,897,5.54,4.56,913,5.64,4.63,0.76,0.72,0.47,0.49,9.56,115.97
4126,1336,1668717,2435633286,690,4.39,3.49,820,5.22,3.8,878,5.59,4.89,0.77,0.75,0.45,0.47,8.4,122.24
4127,1303,1531961,1965130042,752,4.45,3.7,781,4.62,3.0,921,5.45,4.98,0.77,0.75,0.46,0.46,9.86,120.12
4128,1360,2311966,3110223882,775,5.07,3.72,794,5.19,3.7,949,6.2,5.51,0.79,0.78,0.47,0.49,13.68,124.05
4129,1891,914128,1282314977,909,5.54,4.43,954,5.82,4.49,1331,8.12,11.0,0.73,0.72,0.44,0.48,15.67,128.61
4130,1905,64619,25621955,800,5.1,4.98,814,5.18,3.94,1242,7.91,11.84,0.74,0.73,0.47,0.49,17.2,118.07
4131,1953,1622716,2005173275,880,5.06,4.85,987,5.67,4.69,1376,7.91,13.23,0.78,0.78,0.51,0.53,18.83,113.34
4132,1909,5855193,6462674307,919,5.37,4.42,945,5.53,3.75,1410,8.25,13.21,0.78,0.77,0.44,0.47,20.33,114.19
4133,1897,6324561,8240833345,894,5.45,4.52,922,5.62,3.47,1404,8.56,13.67,0.76,0.74,0.44,0.47,15.81,116.16
4134,1554,10764271,13927608478,748,4.79,4.19,727,4.66,3.84,1179,7.56,12.17,0.76,0.74,0.47,0.5,20.36,114.24
4135,1771,886049,1225753797,797,5.35,4.36,901,6.05,5.03,1297,8.7,12.51,0.77,0.74,0.47,0.5,17.21,112.11
4136,2044,11794299,13288439656,930,5.28,4.75,1096,6.23,4.95,1420,8.07,12.05,0.74,0.72,0.46,0.5,18.3,117.02
4137,1752,5847322,7566529838,843,4.87,4.24,815,4.71,3.1,1323,7.65,12.42,0.73,0.73,0.49,0.5,17.88,112.88
4138,1600,14005429,17814020417,785,4.88,4.22,786,4.88,4.2,1218,7.57,11.35,0.73,0.71,0.48,0.51,20.77,109.97
4139,1593,2514156,3332663163,752,4.88,4.54,747,4.85,3.5,1216,7.9,12.03,0.75,0.73,0.45,0.47,22.74,118.35
4140,1749,6745897,8886105002,842,4.92,4.36,816,4.77,3.44,1311,7.67,12.73,0.74,0.72,0.46,0.47,20.21,117.98
4141,1792,8511875,11188174291,841,5.07,5.05,828,4.99,3.57,1343,8.09,13.6,0.76,0.74,0.45,0.48,21.74,106.02
4142,1787,3130238,3656065270,822,4.84,4.46,809,4.76,3.15,1327,7.81,13.61,0.73,0.7,0.47,0.5,22.61,107.41
4143,1582,825287,550542388,737,4.66,4.64,701,4.44,3.31,1164,7.37,13.5,0.73,0.7,0.49,0.51,24.53,111.66
4144,1850,1878335,110145838,835,4.8,4.63,814,4.68,3.84,1338,7.69,13.15,0.72,0.71,0.48,0.48,20.3,105.5
4145,1642,6464511,8403963512,782,4.89,4.8,740,4.62,3.6,1227,7.67,13.23,0.77,0.76,0.48,0.5,23.49,109.89
4146,1602,44257,28700970,797,4.98,4.52,745,4.66,3.62,1209,7.56,12.22,0.8,0.78,0.48,0.5,20.47,111.09
4147,1737,10968154,14192521350,805,5.19,4.24,798,5.15,3.81,1268,8.18,13.25,0.76,0.75,0.51,0.53,23.66,105.31
4148,1911,5693308,7321282641,870,5.3,4.28,995,6.07,2.9,1302,7.94,12.03,0.83,0.81,0.4,0.44,14.99,155.78
4149,2005,2897747,3853978457,798,4.69,3.89,1072,6.31,3.22,1261,7.42,10.4,0.9,0.89,0.44,0.46,13.56,154.4
4150,1844,1991198,2754108655,754,4.6,3.55,961,5.86,2.82,1172,7.15,9.49,0.87,0.85,0.43,0.45,14.43,155.33
4151,1955,22727,4229323,767,4.36,3.45,1059,6.02,3.69,1205,6.85,8.99,0.86,0.83,0.4,0.42,11.74,160.43
4152,1733,2705090,3966076770,735,4.84,3.73,916,6.03,2.9,1171,7.7,11.0,0.85,0.83,0.38,0.4,14.37,160.14
4153,1666,17474449,22208167170,731,4.91,3.63,903,6.06,3.15,1115,7.48,9.86,0.86,0.85,0.37,0.39,15.06,167.28
4154,1805,1808033,2514296392,753,4.99,3.87,960,6.36,3.4,1187,7.86,10.99,0.87,0.85,0.4,0.43,15.64,164.47
4155,1662,894351,1288346987,711,5.08,4.26,841,6.01,2.78,1135,8.11,11.77,0.86,0.84,0.36,0.39,13.75,173.03
4156,1637,988250,1378122025,714,5.21,3.87,861,6.28,2.75,1187,8.66,12.67,0.85,0.83,0.38,0.4,15.16,167.89
4157,1722,67954,7205714,729,4.86,4.47,902,6.01,3.01,1158,7.72,11.93,0.85,0.83,0.4,0.42,14.58,161.04
4158,2095,15500,5076397,763,4.41,3.88,1054,6.09,3.49,1227,7.09,9.6,0.85,0.83,0.45,0.47,14.39,151.75
4159,2034,1905057,2685321635,700,4.4,3.94,926,5.82,2.9,1146,7.21,10.78,0.89,0.88,0.45,0.46,14.72,147.56
4160,2073,5196181,6775877709,750,4.84,4.13,983,6.34,2.86,1233,7.95,11.32,0.87,0.86,0.43,0.45,11.02,153.51
4161,2132,6992892,9326177864,792,4.95,3.66,1065,6.66,3.09,1351,8.44,11.77,0.86,0.85,0.39,0.41,15.4,155.81
4162,1598,958957,1333094166,700,4.96,4.28,831,5.89,2.53,1145,8.12,12.02,0.85,0.83,0.37,0.44,12.92,164.79
4163,1756,4908583,6371623119,701,4.49,3.92,892,5.72,2.46,1143,7.33,10.43,0.86,0.85,0.4,0.43,13.97,163.37
4164,1848,3047800,4001422622,731,4.51,3.58,954,5.89,2.59,1175,7.25,9.88,0.85,0.82,0.4,0.42,13.4,156.73
4165,1958,1810380,2646851875,722,4.6,3.74,954,6.08,2.83,1162,7.4,10.1,0.86,0.84,0.44,0.44,14.5,151.48
4166,1548,14421,4944680,631,4.51,3.93,813,5.81,3.84,1069,7.64,10.55,0.84,0.82,0.39,0.42,16.06,162.11
4167,1557,1530668,1990028210,672,4.77,3.65,849,6.02,4.72,1071,7.6,10.68,0.86,0.84,0.41,0.43,14.11,163.01
4168,1716,2446691,3341484688,713,4.95,4.33,908,6.31,3.06,1161,8.06,12.02,0.87,0.86,0.39,0.42,14.84,162.28
4169,1673,69857,25610627,753,5.19,3.91,926,6.39,2.94,1214,8.37,11.78,0.83,0.8,0.42,0.45,16.6,166.2
4170,1639,1736099,2457693745,707,5.09,3.95,892,6.42,3.48,1166,8.39,11.99,0.87,0.85,0.34,0.36,16.01,166.43
4171,1735,6709715,8738328252,793,4.75,4.03,995,5.96,2.75,1225,7.34,10.51,0.85,0.84,0.36,0.4,15.87,165.95
4172,1519,2763185,3931635654,661,4.5,3.42,802,5.46,2.65,1081,7.35,10.36,0.86,0.83,0.36,0.41,15.5,165.52
4173,1684,668077,640362472,740,4.97,3.75,902,6.05,2.83,1204,8.08,11.28,0.84,0.81,0.4,0.44,15.67,165.05
4174,1672,2867115,3753063169,702,4.94,3.45,915,6.44,3.5,1164,8.2,10.47,0.83,0.79,0.38,0.41,13.76,169.29
4175,1490,5309302,7417103719,658,4.7,3.55,753,5.38,2.23,1053,7.52,10.34,0.83,0.8,0.36,0.4,17.64,168.64
4176,1372,819905,1188072282,634,4.63,3.36,726,5.3,2.24,997,7.28,9.77,0.81,0.77,0.39,0.43,16.06,160.03
4177,2396,4220190,5822543161,662,4.3,3.48,772,5.01,1.91,1055,6.85,9.93,0.82,0.79,0.4,0.45,16.31,162.44
4178,1455,1461388,1916878769,659,4.81,3.66,789,5.76,2.63,1070,7.81,9.97,0.8,0.77,0.38,0.4,13.17,157.91
4179,1336,1526334,1984664958,640,4.67,3.69,747,5.45,2.07,994,7.26,10.0,0.84,0.83,0.38,0.42,15.53,165.94
4180,1331,21428,10666376,635,4.67,4.0,739,5.43,2.23,993,7.3,9.84,0.87,0.85,0.41,0.43,15.17,162.91
4181,1415,10866,2270127,641,4.71,3.81,718,5.28,2.04,1034,7.6,10.75,0.84,0.82,0.39,0.41,14.95,162.25
4182,1453,1384680,1933641988,603,4.53,3.16,770,5.79,2.5,1053,7.92,11.55,0.83,0.79,0.39,0.42,15.68,164.3
4183,1507,421915,535528483,659,4.74,3.9,821,5.91,2.46,1077,7.75,10.67,0.83,0.82,0.37,0.39,14.99,165.08
4184,1675,18942,4902164,745,5.48,4.72,922,6.78,3.56,1207,8.88,12.31,0.86,0.85,0.37,0.39,12.97,163.29
4185,1320,2769456,3908638534,590,5.32,4.35,611,5.5,2.87,940,8.47,12.4,0.85,0.82,0.37,0.4,16.51,159.08
4186,1611,26701,7073589,787,4.8,4.36,793,4.84,2.89,1184,7.22,12.57,0.83,0.82,0.4,0.43,19.82,152.22
4187,1450,3816825,5092356947,650,4.81,4.78,594,4.4,3.04,1087,8.05,14.3,0.81,0.8,0.45,0.45,20.47,116.33
4188,1465,13164269,17272833943,757,4.7,4.01,734,4.56,3.21,1136,7.06,11.62,0.78,0.77,0.52,0.56,20.12,113.49
4189,1349,3072461,4003772692,628,4.52,4.52,504,3.63,1.96,1021,7.35,13.61,0.78,0.77,0.5,0.52,23.59,116.96
4190,1558,20813950,26868795955,606,4.42,4.01,731,5.34,7.41,1100,8.03,13.24,0.73,0.71,0.5,0.53,26.23,105.21
4191,1601,1471098,1726340648,716,4.77,4.5,668,4.45,3.08,1148,7.65,13.5,0.74,0.7,0.47,0.51,16.9,119.57
4192,1543,3928661,4654375293,774,4.93,4.61,758,4.83,3.56,1182,7.53,12.31,0.76,0.75,0.45,0.47,17.99,120.03
4193,1653,1498576,1742099304,755,4.81,4.62,765,4.87,4.03,1217,7.75,12.99,0.71,0.68,0.49,0.51,15.92,110.93
4194,1683,17725771,23337923371,758,4.89,4.56,738,4.76,3.27,1210,7.81,14.2,0.79,0.77,0.49,0.51,18.82,105.27
4195,1737,10238799,13197089134,799,5.19,4.16,821,5.33,3.81,1248,8.1,12.68,0.79,0.77,0.48,0.52,17.69,106.71
4196,1832,1641998,2056810137,883,5.62,4.36,946,6.03,4.2,1314,8.37,13.1,0.8,0.79,0.46,0.5,19.5,99.9
4197,1874,1173464,1203638008,847,5.61,4.35,940,6.23,4.51,1346,8.91,13.97,0.81,0.79,0.49,0.52,17.16,98.56
4198,1669,3663517,4978592101,798,5.28,4.36,809,5.36,3.06,1263,8.36,13.53,0.8,0.77,0.46,0.5,16.83,96.45
4199,1607,4704547,6264659223,799,5.44,4.46,796,5.41,3.41,1186,8.07,12.19,0.78,0.77,0.46,0.49,16.55,105.55
4200,1563,4466907,6041499465,802,5.57,4.22,788,5.47,3.01,1165,8.09,12.06,0.82,0.8,0.44,0.48,18.29,120.35
4201,1588,1259505,1561392824,782,5.79,4.7,767,5.68,3.57,1192,8.83,13.95,0.8,0.78,0.42,0.44,15.41,116.63
4202,1873,8172806,9372226240,898,5.76,4.29,870,5.58,2.85,1385,8.88,14.0,0.79,0.76,0.38,0.42,15.12,121.22
4203,1652,1743571,2313782846,785,5.38,4.36,842,5.77,4.11,1205,8.25,11.65,0.82,0.79,0.44,0.49,16.52,113.88
4204,1500,372614,304572826,731,5.3,4.19,746,5.41,3.73,1102,7.99,12.18,0.78,0.75,0.44,0.49,19.91,113.68
4205,1616,8817419,10615765755,808,5.73,4.15,829,5.88,3.86,1222,8.67,12.04,0.79,0.77,0.42,0.47,16.19,108.0
4206,1481,5955760,7500338176,743,5.31,4.2,732,5.23,3.79,1111,7.94,11.36,0.75,0.7,0.4,0.44,16.08,116.29
4207,1564,11100627,13093160403,783,5.29,4.28,714,4.82,2.54,1182,7.99,12.06,0.74,0.71,0.44,0.47,16.5,114.89
4208,1517,16344753,18894596148,769,5.42,4.6,723,5.09,2.62,1166,8.21,13.54,0.79,0.77,0.41,0.44,15.67,122.98
4209,1520,8355444,10770296399,792,5.32,4.28,763,5.12,3.52,1189,7.98,12.96,0.76,0.74,0.48,0.52,16.25,111.17
4210,1527,9912313,12407100616,807,5.04,4.35,746,4.66,3.08,1144,7.15,10.68,0.77,0.74,0.43,0.47,19.99,127.31
4211,1460,14762300,18383684084,761,4.91,4.38,691,4.46,3.03,1110,7.16,11.56,0.71,0.68,0.5,0.53,19.87,127.13
4212,1466,3189706,3268146023,747,4.7,4.19,657,4.13,2.49,1094,6.88,11.29,0.75,0.72,0.47,0.51,18.76,124.24
4213,1410,14023706,17175819552,732,4.72,3.81,636,4.1,2.24,1088,7.02,11.73,0.81,0.78,0.46,0.48,20.85,128.22
4214,1321,10079171,13446425765,674,4.96,4.21,584,4.29,2.38,1021,7.51,11.74,0.77,0.75,0.48,0.52,21.07,126.02
4215,1521,1808642,2543292277,789,5.16,4.27,711,4.65,2.94,1208,7.9,12.65,0.74,0.72,0.44,0.47,17.75,124.65
4216,1605,942142,1281739927,919,5.5,4.28,814,4.87,2.96,1275,7.63,10.06,0.78,0.75,0.43,0.48,18.87,124.3
4217,1568,44411875,58735447142,798,5.47,4.82,698,4.78,3.24,1169,8.01,11.36,0.76,0.75,0.49,0.5,21.11,107.41
4218,1521,6362395,8324640334,839,5.75,4.96,735,5.03,3.98,1207,8.27,11.21,0.75,0.73,0.48,0.5,20.23,108.6
4219,1489,865985,1259052347,737,5.05,4.07,697,4.77,3.53,1129,7.73,11.93,0.76,0.75,0.47,0.47,15.06,119.5
4220,1390,9198570,11933502891,707,4.91,4.3,634,4.4,2.85,1107,7.69,12.13,0.72,0.7,0.49,0.5,18.46,107.14
4221,1469,1773673,2521164635,728,4.82,4.19,675,4.47,3.08,1147,7.6,13.12,0.77,0.75,0.47,0.5,18.48,111.11
4222,1551,9387060,12480852404,778,4.99,4.34,771,4.94,4.22,1172,7.51,11.36,0.75,0.73,0.49,0.52,15.42,105.03
4223,1494,26538,11432706,701,4.97,4.37,690,4.89,3.84,1117,7.92,12.57,0.7,0.69,0.49,0.5,17.48,105.49
4224,1387,682119,864339215,639,4.63,4.19,605,4.38,2.93,1057,7.66,13.4,0.76,0.75,0.43,0.45,15.8,105.67
4225,1246,482928,667351949,633,4.28,4.33,524,3.54,2.13,959,6.48,11.12,0.73,0.71,0.5,0.52,17.73,102.24
4226,1384,962833,1288944344,672,4.6,5.04,609,4.17,2.96,1059,7.25,13.4,0.7,0.69,0.48,0.5,18.95,110.11
4227,1085,10829,1978843,536,4.06,4.19,489,3.7,2.44,826,6.26,10.34,0.71,0.71,0.52,0.53,14.91,97.31
4228,1087,46209,22022022,528,4.03,3.85,467,3.56,2.69,842,6.43,10.23,0.72,0.71,0.49,0.5,24.61,103.48
4229,1094,29833,13547774,575,4.23,3.69,510,3.75,2.71,849,6.24,9.25,0.75,0.74,0.51,0.53,21.37,98.66
4230,1057,12965541,14808404831,541,3.92,3.69,428,3.1,1.99,832,6.03,9.89,0.68,0.66,0.51,0.53,24.65,101.42
4231,1018,1697783,2340487326,524,3.91,3.82,440,3.28,2.48,829,6.19,9.93,0.67,0.67,0.51,0.52,21.77,88.59
4232,1010,39349502,51802355436,518,3.98,3.49,438,3.37,2.38,821,6.32,10.31,0.73,0.73,0.54,0.56,26.0,102.37
4233,1034,12679170,17157935538,532,4.0,3.62,437,3.29,1.89,816,6.14,9.4,0.7,0.68,0.49,0.5,24.03,96.27
4234,1117,10541026,14100684771,555,3.83,3.5,494,3.41,2.18,869,5.99,9.78,0.75,0.73,0.55,0.58,21.63,97.97
4235,1181,11614037,15727514486,598,4.01,3.55,559,3.75,2.33,896,6.01,9.23,0.76,0.76,0.5,0.53,22.81,101.86
4236,1243,2392497,138701538,646,4.49,3.82,626,4.35,2.65,983,6.83,10.17,0.77,0.75,0.48,0.49,22.58,117.41
4237,1266,1252302,1353993884,667,4.51,3.96,633,4.28,3.01,1000,6.76,9.48,0.73,0.72,0.45,0.45,15.69,112.58
4238,1123,66488,73037960,559,4.54,4.55,480,3.9,2.87,878,7.14,11.64,0.72,0.71,0.46,0.49,22.0,109.69
4239,1204,836597,1129943000,615,4.42,4.42,515,3.71,2.53,921,6.63,10.78,0.73,0.71,0.47,0.46,22.64,108.06
4240,1237,47010,40759635,667,4.45,4.06,559,3.73,2.14,998,6.65,10.67,0.75,0.74,0.47,0.48,18.8,104.34
4241,1530,935932,1274414200,788,4.69,4.52,737,4.39,3.29,1162,6.92,10.84,0.74,0.73,0.47,0.5,18.03,108.56
4242,1326,1102616,1407502704,645,4.57,4.27,614,4.35,3.15,1033,7.33,11.36,0.76,0.75,0.53,0.55,20.82,97.99
4243,1551,1215780,1638844052,764,4.66,4.2,750,4.57,3.48,1151,7.02,10.49,0.77,0.76,0.49,0.52,16.36,115.37
4244,1523,910418,1265941235,776,4.65,3.95,719,4.31,2.86,1116,6.68,9.51,0.79,0.77,0.49,0.52,14.01,119.59
4245,1746,81308,30583319,893,5.19,4.35,896,5.21,3.79,1324,7.7,11.63,0.78,0.77,0.44,0.47,13.82,126.92
4246,1540,907693,1042987917,795,4.94,3.63,762,4.73,2.68,1149,7.14,9.9,0.77,0.76,0.44,0.46,14.56,129.37
4247,1746,892141,1222916282,799,5.12,4.12,837,5.37,3.88,1248,8.0,12.39,0.79,0.78,0.47,0.5,16.5,124.79
4248,1532,998127,1260657422,754,5.24,4.56,663,4.6,2.92,1106,7.68,11.0,0.71,0.71,0.43,0.45,15.59,133.58
4249,1558,2771042,3871904826,767,5.18,4.41,755,5.1,4.13,1192,8.05,11.98,0.81,0.81,0.47,0.49,15.23,116.36
4250,1300,58037,6676659,649,4.77,4.08,584,4.29,2.56,967,7.11,10.63,0.76,0.75,0.45,0.47,14.92,130.21
4251,1275,909392,1240537549,680,4.63,4.02,638,4.34,3.03,992,6.75,9.79,0.74,0.72,0.46,0.47,17.53,128.66
4252,1217,32219,25373367,622,4.64,3.88,538,4.01,2.17,907,6.77,9.88,0.73,0.71,0.48,0.51,15.78,129.99
4253,1141,58059,58016621,597,4.49,3.66,505,3.8,2.07,891,6.7,9.85,0.76,0.75,0.48,0.5,19.18,113.41
4254,1133,67083,74423870,610,4.45,3.71,498,3.64,2.18,884,6.45,9.01,0.77,0.75,0.47,0.47,17.35,122.16
4255,1338,3616051,4469617802,693,4.85,4.09,631,4.41,2.54,998,6.98,10.87,0.81,0.78,0.48,0.51,20.3,117.58
4256,1248,6396387,9358889686,650,4.39,4.17,613,4.14,3.03,936,6.32,9.38,0.79,0.77,0.48,0.49,17.9,113.0
4257,1274,2031714,2643717484,654,4.57,3.97,578,4.04,2.5,987,6.9,10.4,0.78,0.77,0.51,0.52,20.07,107.93
4258,1483,1453347,357675067,719,4.67,4.15,675,4.38,3.6,1126,7.31,11.64,0.73,0.71,0.46,0.47,20.12,111.59
4259,1556,2056279,2719099606,794,5.19,4.57,726,4.75,3.35,1188,7.76,11.72,0.79,0.78,0.49,0.52,16.7,106.33
4260,1561,941814,1239701062,751,4.69,4.13,685,4.28,2.8,1153,7.21,11.25,0.78,0.77,0.46,0.47,18.05,108.45
4261,1707,2632498,3710730791,847,4.87,4.35,834,4.79,3.58,1308,7.52,12.39,0.78,0.78,0.48,0.5,16.47,107.46
4262,1615,69633,28466438,821,4.95,4.6,718,4.33,2.8,1240,7.47,13.05,0.73,0.73,0.49,0.51,19.28,111.6
4263,1635,894836,1248545092,782,4.83,4.66,681,4.2,2.63,1215,7.5,13.51,0.69,0.67,0.47,0.49,17.48,118.84
4264,1627,868210,1167394782,846,4.89,5.03,695,4.02,2.78,1273,7.36,13.41,0.73,0.71,0.47,0.49,15.4,113.08
4265,1717,58415,33341551,899,5.08,4.61,795,4.49,3.03,1328,7.5,13.02,0.69,0.69,0.47,0.48,14.72,119.9
4266,1923,876253,1225139051,949,5.49,4.67,936,5.41,4.5,1470,8.5,13.03,0.75,0.73,0.47,0.5,15.69,108.0
4267,1903,142508,95994417,928,5.16,4.74,843,4.68,3.2,1431,7.95,13.5,0.71,0.7,0.46,0.47,14.13,108.11
4268,1830,1806576,2418512894,854,4.82,4.85,758,4.28,3.17,1402,7.92,14.39,0.72,0.71,0.49,0.5,17.0,106.55
4269,1857,1688533,2423306221,874,5.33,4.86,810,4.94,3.05,1407,8.58,15.45,0.72,0.71,0.45,0.48,13.68,111.02
4270,1816,110403,10309166,882,5.16,4.78,793,4.64,2.48,1347,7.88,14.22,0.78,0.75,0.47,0.49,16.77,116.65
4271,1783,49624,6100582,843,5.08,4.5,787,4.74,3.15,1318,7.94,13.14,0.77,0.75,0.49,0.51,13.96,115.94
4272,1904,847534,1187617117,886,5.24,4.67,826,4.89,3.71,1384,8.19,14.22,0.7,0.68,0.49,0.5,11.58,117.0
4273,1980,1788548,2370855817,884,5.36,4.86,879,5.33,4.6,1424,8.63,13.95,0.77,0.75,0.46,0.49,15.97,122.07
4274,1818,22756,7986829,853,5.11,4.95,792,4.74,3.11,1366,8.18,14.68,0.76,0.74,0.47,0.48,14.32,118.47
4275,1506,812967,1168044622,705,4.55,4.45,639,4.12,2.72,1133,7.31,12.75,0.73,0.71,0.48,0.5,18.47,108.2
4276,1328,1097916,1265494745,667,4.51,4.2,604,4.08,2.87,1039,7.02,12.04,0.81,0.8,0.51,0.53,19.8,115.51
4277,1311,4565726,6299072899,631,4.35,3.9,597,4.12,3.34,979,6.75,11.03,0.77,0.76,0.5,0.51,14.92,106.29
4278,1308,4724747,6490435982,625,4.37,3.85,581,4.06,3.16,996,6.97,10.91,0.72,0.71,0.52,0.52,16.38,106.92
4279,1252,1252521,1684795606,610,4.62,3.84,526,3.98,2.13,973,7.37,10.89,0.81,0.8,0.49,0.5,16.83,110.58
4280,1287,3044570,3613001930,670,4.72,4.65,562,3.96,2.43,1016,7.15,11.53,0.74,0.74,0.49,0.51,18.41,102.17
4281,1451,42149,18797062,733,4.95,4.35,663,4.48,3.55,1129,7.63,10.97,0.69,0.66,0.49,0.49,18.77,102.21
4282,1400,4463208,5407904622,656,4.34,3.93,583,3.86,2.64,1040,6.89,10.86,0.75,0.74,0.5,0.5,19.35,101.79
4283,1295,1687935,2365096734,618,4.54,3.97,509,3.74,2.7,965,7.1,11.48,0.76,0.75,0.51,0.53,24.22,108.42
4284,1358,5672366,6737662876,669,4.46,3.76,575,3.83,2.16,1051,7.01,11.19,0.78,0.76,0.46,0.48,19.72,108.55
4285,1484,7727717,10637986320,716,4.53,4.61,632,4.0,2.43,1133,7.17,13.0,0.77,0.76,0.49,0.52,16.9,108.17
4286,1474,14926108,19147365613,688,4.53,3.85,662,4.36,3.5,1099,7.23,11.36,0.78,0.75,0.47,0.49,15.3,113.22
4287,1693,17440760,24103022073,809,5.06,4.16,772,4.82,3.18,1233,7.71,11.88,0.76,0.74,0.48,0.5,16.27,113.79
4288,1705,14344126,17224396116,781,4.76,4.37,745,4.54,2.99,1244,7.59,13.04,0.76,0.74,0.49,0.52,20.36,114.32
4289,1839,16623394,22865519521,854,5.27,4.19,895,5.52,4.07,1337,8.25,11.81,0.73,0.71,0.52,0.54,18.58,106.51
4290,1669,80043,8186484,761,4.56,3.82,707,4.23,2.8,1225,7.34,13.0,0.74,0.72,0.5,0.49,17.99,105.79
4291,1709,817833,1162053612,761,5.14,4.61,643,4.34,2.16,1231,8.32,13.72,0.68,0.66,0.44,0.44,23.02,113.93
4292,1626,27471283,34362249799,663,4.45,4.43,614,4.12,2.61,1148,7.7,14.34,0.72,0.69,0.47,0.49,19.47,106.52
4293,1870,6462110,8883147088,861,4.98,4.76,799,4.62,3.02,1384,8.0,14.43,0.73,0.71,0.47,0.48,16.48,107.68
4294,1740,28669234,36610533952,825,4.85,4.16,735,4.32,2.46,1298,7.64,13.16,0.76,0.74,0.47,0.47,16.66,112.58
4295,1921,5907862,8156243422,849,5.08,4.6,843,5.05,3.9,1359,8.14,14.49,0.77,0.75,0.47,0.48,15.48,112.4
4296,1827,13357500,18556921302,841,5.32,5.71,856,5.42,5.16,1343,8.5,15.73,0.78,0.77,0.46,0.48,16.1,108.28
4297,1889,6354896,8808367479,897,5.22,4.6,814,4.73,2.64,1395,8.11,13.91,0.77,0.76,0.46,0.47,14.58,112.5
4298,1681,11133919,15444576714,797,4.98,4.59,676,4.22,2.03,1264,7.9,14.22,0.76,0.71,0.45,0.44,18.92,117.48
4299,1632,835980,1212539217,753,4.74,4.45,705,4.43,3.62,1214,7.64,13.49,0.74,0.72,0.45,0.46,16.72,110.22
4300,1352,5921613,7869287110,623,4.36,4.24,593,4.15,2.83,1000,6.99,12.67,0.77,0.77,0.51,0.51,22.42,104.98
4301,1286,14542760,17446616166,629,4.22,4.18,534,3.58,2.8,974,6.54,11.18,0.75,0.72,0.49,0.5,18.12,104.66
4302,1421,8174218,11562867563,767,4.57,3.8,691,4.11,3.2,1125,6.7,10.5,0.74,0.72,0.46,0.46,21.15,97.29
4303,1352,5862053,8122601461,678,4.29,3.9,585,3.7,2.48,1028,6.51,11.55,0.72,0.7,0.52,0.53,18.21,100.56
4304,1468,17817884,23747437679,740,4.6,4.12,676,4.2,2.9,1115,6.93,11.26,0.75,0.74,0.51,0.52,17.96,106.72
4305,1523,10609556,12929308357,738,4.61,4.35,694,4.34,3.02,1101,6.88,11.14,0.78,0.78,0.53,0.54,20.62,101.17
4306,1383,4638935,6769953279,714,4.82,4.36,607,4.1,2.44,1031,6.97,11.25,0.76,0.75,0.45,0.46,22.89,111.11
4307,1428,19859519,25260871376,722,4.63,3.6,666,4.27,2.2,1086,6.96,11.45,0.83,0.81,0.47,0.48,22.36,112.74
4308,1484,10475140,14327923466,775,4.64,4.08,721,4.32,2.81,1141,6.83,11.16,0.8,0.79,0.5,0.52,18.22,109.32
4309,1541,7958731,11176894240,737,4.61,4.47,654,4.09,3.53,1152,7.2,11.67,0.74,0.72,0.5,0.51,22.03,105.31
4310,1587,6882175,9500522874,784,5.03,4.62,706,4.53,3.3,1215,7.79,12.13,0.73,0.71,0.5,0.51,23.53,111.52
4311,1683,14736684,20363908758,761,4.56,4.14,726,4.35,3.52,1226,7.34,13.51,0.76,0.74,0.5,0.52,21.34,108.38
4312,1648,14856412,20549720933,779,4.96,4.92,753,4.8,3.67,1221,7.78,13.48,0.75,0.74,0.49,0.5,21.98,100.73
4313,1784,12325156,17246622124,775,4.73,4.33,814,4.96,4.49,1254,7.65,12.89,0.76,0.75,0.52,0.55,23.93,98.39
4314,1814,12563675,16870626751,886,5.06,4.84,908,5.19,4.26,1357,7.75,13.3,0.78,0.77,0.48,0.5,21.77,107.77
4315,1688,5076290,6949714082,767,4.95,4.85,702,4.53,3.05,1232,7.95,13.97,0.74,0.73,0.46,0.48,20.82,110.62
4316,1523,5795546,8105656027,695,4.54,4.58,642,4.2,2.58,1115,7.29,14.04,0.79,0.78,0.46,0.47,15.7,109.29
4317,1652,11245354,15517432994,731,4.69,4.73,652,4.18,3.15,1216,7.79,14.77,0.72,0.71,0.47,0.48,16.08,99.82
4318,1746,26533820,36677380776,780,4.88,4.55,731,4.57,2.83,1271,7.94,14.47,0.74,0.71,0.48,0.51,19.66,104.98
4319,1854,14932927,20644694886,786,4.68,4.19,849,5.05,3.7,1288,7.67,13.42,0.73,0.71,0.47,0.49,15.02,100.25
4320,1706,11455393,15826330845,750,4.81,4.5,760,4.87,3.33,1215,7.79,14.12,0.76,0.73,0.49,0.51,16.19,111.74
4321,1767,1707034,2232146142,785,4.85,5.02,752,4.64,3.44,1278,7.89,15.38,0.75,0.73,0.49,0.51,13.92,114.12
4322,1744,11295558,15382046643,779,4.99,4.41,857,5.49,4.24,1220,7.82,12.8,0.76,0.74,0.44,0.45,15.79,111.24
4323,1873,5438374,7435926968,844,5.12,4.46,925,5.61,4.35,1347,8.16,13.86,0.76,0.76,0.48,0.49,14.83,108.12
4324,1571,2894986,3905620262,750,4.97,4.42,726,4.81,3.33,1167,7.73,12.36,0.76,0.74,0.45,0.46,16.46,107.38
4325,1853,26305772,35895119882,829,4.79,4.27,891,5.15,4.43,1339,7.74,13.25,0.78,0.78,0.51,0.53,16.04,105.88
4326,1588,9700873,13178213458,676,4.51,4.49,599,3.99,2.65,1154,7.69,13.52,0.74,0.73,0.48,0.49,21.36,97.59
4327,1662,1812575,2435508784,742,4.79,4.5,831,5.36,5.21,1161,7.49,12.76,0.74,0.73,0.5,0.52,19.49,103.77
4328,1575,6909098,9354130527,730,4.83,4.22,715,4.74,3.39,1147,7.6,13.05,0.73,0.72,0.48,0.5,19.01,111.34
4329,1729,2534836,3521435138,776,4.51,3.97,776,4.51,3.25,1264,7.35,12.04,0.68,0.65,0.43,0.44,14.96,105.98
4330,1771,10161610,13692893728,853,4.99,4.0,832,4.87,3.12,1322,7.73,12.7,0.74,0.71,0.46,0.49,17.55,112.2
4331,1686,9025152,12172535525,787,4.58,3.8,798,4.64,3.14,1221,7.1,11.91,0.73,0.72,0.47,0.48,17.43,110.13
4332,1646,12049364,16207096012,768,4.6,4.32,751,4.5,3.04,1239,7.42,12.63,0.75,0.73,0.47,0.5,17.73,114.11
4333,1981,14214464,17249748690,861,5.09,4.29,905,5.36,3.79,1402,8.3,13.36,0.76,0.75,0.49,0.5,16.38,108.97
4334,1899,1104740,1466268226,885,5.15,4.38,928,5.4,3.89,1351,7.85,13.83,0.78,0.76,0.49,0.52,15.48,117.02
4335,1887,2708750,3621092468,866,4.95,4.6,925,5.29,4.28,1391,7.95,14.04,0.79,0.77,0.48,0.5,15.2,101.62
4336,1826,2997562,4160984717,896,4.98,4.58,931,5.17,3.85,1362,7.57,12.62,0.77,0.74,0.46,0.48,14.19,107.64
4337,1829,9295414,11673206535,830,5.19,4.74,864,5.4,3.64,1317,8.23,13.83,0.8,0.78,0.49,0.53,18.88,100.99
4338,1643,7468152,10314007922,771,4.91,4.25,833,5.31,3.96,1189,7.57,11.87,0.74,0.73,0.49,0.52,16.7,97.69
4339,1201,12310074,16904589785,596,4.58,4.66,532,4.09,2.66,997,7.67,15.43,0.72,0.71,0.48,0.51,19.83,114.31
4340,1644,7608442,10297156305,717,4.43,4.42,695,4.29,3.36,1209,7.46,14.13,0.73,0.71,0.52,0.52,15.2,105.11
4341,1744,1144865,1361530978,776,4.82,4.88,747,4.64,4.0,1273,7.91,14.83,0.73,0.7,0.48,0.49,16.02,106.11
4342,2255,2033874,2662739619,771,4.88,4.31,1320,8.35,24.97,1628,10.3,22.12,0.78,0.76,0.47,0.49,15.22,110.91
4343,1654,1871106,2601043215,783,4.77,4.26,725,4.42,3.16,1258,7.67,13.82,0.75,0.72,0.47,0.48,13.51,114.47
4344,1604,19050591,25882845244,752,4.79,4.43,652,4.15,2.05,1199,7.64,13.13,0.72,0.69,0.48,0.49,13.77,110.96
4345,1917,14251945,19201707315,846,5.25,4.89,809,5.02,4.17,1423,8.84,16.75,0.73,0.71,0.49,0.51,16.23,113.15
4346,1981,6659733,8892843022,857,5.26,5.24,858,5.26,4.85,1423,8.73,16.05,0.78,0.76,0.48,0.49,17.47,104.33
4347,1697,6934175,9087666180,762,4.7,4.82,680,4.2,2.54,1237,7.64,15.33,0.75,0.74,0.47,0.48,13.46,111.44
4348,1725,8179109,11208590345,711,4.53,4.74,691,4.4,3.46,1191,7.59,15.39,0.72,0.71,0.48,0.51,17.8,95.64
4349,1449,4209608,5514411254,647,4.72,4.9,529,3.86,2.27,1080,7.88,15.93,0.72,0.7,0.47,0.48,18.07,102.02
4350,1565,17936363,24500269324,658,4.8,4.8,577,4.21,2.88,1136,8.29,15.37,0.73,0.72,0.51,0.54,22.63,103.11
4351,1771,8851911,11675058673,756,4.72,4.45,735,4.59,4.02,1295,8.09,15.09,0.76,0.75,0.48,0.5,19.64,110.85
4352,1259,7732067,10277014408,597,4.29,4.14,520,3.74,2.91,972,6.99,12.07,0.73,0.72,0.5,0.51,19.49,105.47
4353,927,1853416,2303399192,484,3.75,3.52,403,3.12,1.89,751,5.82,9.37,0.68,0.67,0.51,0.52,21.15,97.09
4354,1012,6739020,9090974565,493,3.65,3.11,471,3.49,2.29,797,5.9,9.06,0.74,0.72,0.5,0.53,18.98,101.91
4355,988,923190,1047750227,482,3.57,3.74,405,3.0,1.83,787,5.83,10.29,0.68,0.67,0.57,0.59,18.51,87.71
4356,1219,5203175,6895406019,560,3.92,4.22,479,3.35,2.57,925,6.47,11.51,0.76,0.75,0.54,0.54,21.52,99.3
4357,1186,1859878,2478357947,593,3.98,3.49,517,3.47,2.4,896,6.01,9.99,0.78,0.78,0.52,0.54,20.73,99.96
4358,1251,1889200,2597438201,636,4.89,4.46,556,4.28,3.11,980,7.54,12.33,0.78,0.76,0.49,0.51,20.82,101.76
4359,1257,1024597,1372373100,645,4.22,3.77,636,4.16,2.97,959,6.27,10.07,0.8,0.79,0.5,0.52,20.01,102.58
4360,1107,23062,5007142,603,4.07,3.61,533,3.6,2.42,880,5.95,9.59,0.75,0.73,0.51,0.51,19.0,98.88
4361,1309,1720277,2433101301,611,4.46,3.95,621,4.53,3.11,980,7.15,11.88,0.81,0.8,0.48,0.5,20.98,95.86
4362,1740,1386095,1773206962,781,4.85,4.29,780,4.84,3.96,1276,7.93,12.71,0.78,0.76,0.48,0.49,19.32,96.25
4363,1556,6552755,8364772737,752,4.73,4.83,661,4.16,3.16,1179,7.42,13.32,0.74,0.74,0.51,0.52,18.57,100.75
4364,1512,4543235,5103407885,708,4.57,4.45,667,4.3,3.29,1147,7.4,13.74,0.75,0.74,0.5,0.51,20.11,103.71
4365,1887,7059472,9440331183,844,5.21,4.78,912,5.63,4.9,1358,8.38,15.17,0.8,0.79,0.49,0.51,16.97,108.58
4366,1620,7506996,7594257129,713,4.72,4.5,760,5.03,4.21,1156,7.66,13.72,0.75,0.74,0.52,0.54,22.05,103.82
4367,1635,5189003,6211448876,760,4.87,4.3,746,4.78,3.7,1214,7.78,14.01,0.76,0.75,0.52,0.53,20.71,105.15
4368,1672,6977104,8322027334,785,5.16,5.19,751,4.94,4.24,1225,8.06,13.92,0.78,0.78,0.47,0.49,20.76,116.55
4369,1667,1047640,1269167818,734,4.8,4.16,796,5.2,4.36,1193,7.8,13.37,0.73,0.72,0.52,0.55,19.57,99.47
4370,1321,898135,1251004375,600,4.65,4.57,572,4.43,3.32,962,7.46,13.25,0.71,0.69,0.52,0.54,15.75,112.11
4371,841,1852829,2608982292,426,3.84,3.92,386,3.48,2.45,667,6.01,10.07,0.74,0.73,0.51,0.53,20.19,107.77
4372,606,876815,1230767271,318,3.15,2.98,262,2.59,1.91,494,4.89,7.67,0.73,0.72,0.55,0.55,18.76,107.03
4373,664,939182,1286699801,348,3.48,3.16,291,2.91,1.9,545,5.45,8.29,0.67,0.66,0.52,0.54,21.66,91.84
4374,694,1634003,2342520691,367,3.67,3.38,345,3.45,2.74,540,5.4,7.67,0.73,0.73,0.58,0.6,16.21,96.71
4375,782,10861,3490756,425,3.94,3.36,393,3.64,2.64,619,5.73,8.6,0.68,0.67,0.51,0.52,14.3,104.36
4376,615,2490781,3671222217,297,3.16,2.81,234,2.49,1.46,502,5.34,8.89,0.69,0.68,0.53,0.53,17.49,102.97
4377,687,857190,1252778588,320,3.52,3.69,279,3.07,3.0,526,5.78,9.9,0.71,0.69,0.54,0.56,19.3,94.28
4378,744,21125,19258593,362,3.55,3.38,375,3.68,3.74,556,5.45,9.13,0.73,0.73,0.51,0.51,14.29,107.4
4379,631,857152,1133471431,317,3.41,3.34,243,2.61,1.71,494,5.31,8.28,0.67,0.65,0.52,0.53,20.24,107.81
4380,556,6102,2149734,288,3.47,3.4,221,2.66,1.71,453,5.46,8.34,0.7,0.7,0.55,0.55,26.73,108.82
4381,790,379044,496960842,371,3.67,3.66,331,3.28,2.76,596,5.9,9.45,0.69,0.68,0.54,0.55,22.39,101.41
4382,803,817369,1193370890,388,3.8,4.22,283,2.77,1.57,619,6.07,11.2,0.63,0.6,0.52,0.53,20.92,116.21
4383,783,875671,1280799463,357,3.76,3.9,269,2.83,1.84,617,6.49,11.28,0.64,0.64,0.5,0.5,24.8,96.81
4384,918,1696864,2488038779,475,3.89,3.48,416,3.41,2.24,726,5.95,9.0,0.68,0.66,0.48,0.49,14.46,110.99
4385,1032,928234,1314749744,488,4.4,4.33,422,3.8,2.89,788,7.1,12.09,0.65,0.62,0.48,0.49,16.3,114.25
4386,1233,2690609,3874437197,551,4.44,4.53,521,4.2,3.43,905,7.3,12.01,0.71,0.69,0.47,0.48,15.71,114.94
4387,1174,1817329,2665013551,524,4.52,4.5,441,3.8,2.65,904,7.79,13.52,0.67,0.66,0.43,0.44,16.24,111.82
4388,1358,872560,1270651278,606,4.39,4.4,567,4.11,3.09,1051,7.62,14.0,0.65,0.63,0.46,0.48,13.84,108.66
4389,1503,898485,1263103701,676,4.79,4.55,650,4.61,3.38,1123,7.96,14.51,0.67,0.66,0.47,0.49,14.81,119.82
4390,1315,924252,1266449098,579,4.75,4.73,449,3.68,1.94,1005,8.24,15.17,0.64,0.62,0.47,0.47,13.34,107.59
4391,1329,12169,2697950,597,4.63,4.88,521,4.04,3.44,1005,7.79,14.13,0.63,0.63,0.51,0.52,14.74,104.33
4392,1312,12013,2523453,624,4.59,4.53,565,4.15,2.51,1016,7.47,13.08,0.66,0.67,0.48,0.5,12.59,113.28
4393,1329,927527,1292300501,584,4.53,4.45,503,3.9,2.36,988,7.66,14.31,0.65,0.64,0.46,0.48,15.83,105.45
4394,1179,12442,3339082,558,4.46,4.55,441,3.53,2.01,906,7.25,13.88,0.67,0.66,0.46,0.46,14.74,111.4
4395,1153,9640,1562536,564,4.24,4.64,480,3.61,2.38,910,6.84,12.88,0.62,0.61,0.48,0.49,12.73,107.42
4396,1043,855869,1253489289,490,4.41,4.41,411,3.7,2.55,804,7.24,11.88,0.68,0.68,0.48,0.48,16.12,102.21
4397,899,108278,7796495,440,3.79,3.41,377,3.25,2.21,713,6.15,10.36,0.67,0.65,0.54,0.56,16.43,113.64
4398,826,9907,3296722,413,3.97,3.4,351,3.38,1.83,652,6.27,9.95,0.69,0.69,0.47,0.49,19.62,119.12
4399,820,1717575,2522651757,418,4.1,3.82,326,3.2,1.91,663,6.5,10.33,0.62,0.6,0.46,0.48,17.63,118.6
4400,802,5531,1157866,429,3.97,3.75,328,3.04,1.84,670,6.2,10.28,0.64,0.63,0.51,0.52,16.08,119.25
4401,957,896190,1263840602,491,3.84,3.36,412,3.22,1.9,766,5.98,9.12,0.65,0.62,0.47,0.51,17.45,110.36
4402,877,17656,12587874,421,4.13,3.76,341,3.34,1.86,679,6.66,10.67,0.69,0.67,0.49,0.5,17.51,113.95
4403,925,833184,1210752255,460,4.26,4.12,336,3.11,1.63,723,6.69,10.13,0.62,0.58,0.46,0.48,12.95,122.75
4404,890,1641184,2397731840,457,4.19,3.92,357,3.28,1.85,726,6.66,11.03,0.7,0.68,0.45,0.47,18.92,122.52
4405,1136,908856,1324703421,576,4.8,4.43,494,4.12,3.23,897,7.48,11.82,0.68,0.67,0.5,0.53,13.85,121.21
4406,1454,1779977,2568282304,552,4.64,4.15,803,6.75,11.0,882,7.41,12.49,0.77,0.74,0.5,0.51,15.92,123.72
4407,1198,35920,3022358,587,4.77,4.22,531,4.32,3.06,918,7.46,11.73,0.71,0.69,0.46,0.49,13.73,117.16
4408,1174,13219,3089641,576,4.76,4.32,493,4.07,2.57,898,7.42,12.23,0.73,0.69,0.46,0.49,16.47,136.76
4409,1200,69881,5698244,578,4.82,3.52,499,4.16,1.94,871,7.26,11.21,0.74,0.7,0.42,0.48,12.92,150.65
4410,1431,1842942,2576106537,603,5.11,3.93,574,4.86,2.42,948,8.03,12.04,0.79,0.76,0.41,0.44,15.17,160.33
4411,1545,10316,2429007,643,4.76,3.7,572,4.24,2.23,967,7.16,11.53,0.78,0.74,0.4,0.42,12.35,163.54
4412,1749,26162,18382437,718,4.75,4.21,690,4.57,2.97,1074,7.11,12.15,0.84,0.81,0.39,0.41,10.28,150.7
4413,1737,37154,30182820,736,4.91,3.83,668,4.45,2.24,1068,7.12,11.55,0.83,0.8,0.41,0.41,11.96,149.99
4414,1695,862034,1216200739,664,4.4,3.7,582,3.85,1.86,1012,6.7,10.95,0.81,0.77,0.43,0.46,12.58,154.91
4415,1808,2491327,3657770595,729,4.61,3.26,661,4.18,2.12,1056,6.68,10.07,0.81,0.77,0.4,0.42,11.83,159.02
4416,1478,855274,1193914429,673,4.71,3.26,658,4.6,2.64,836,5.85,5.68,0.82,0.78,0.35,0.37,8.57,159.98
4417,1519,845387,1199797917,680,4.5,3.4,661,4.38,2.48,813,5.38,4.69,0.82,0.79,0.4,0.42,7.04,155.22
4418,1400,884009,1224352755,609,4.29,3.28,569,4.01,2.03,735,5.18,4.49,0.83,0.8,0.4,0.43,7.67,154.57
4419,1261,39702,39628222,606,4.21,2.77,618,4.29,2.59,730,5.07,3.85,0.84,0.81,0.41,0.43,9.12,149.86
4420,984,101259,134455263,512,3.85,2.78,497,3.74,2.02,591,4.44,3.56,0.87,0.84,0.45,0.47,7.14,147.07
4421,969,950723,1331167657,525,3.83,2.4,513,3.74,2.18,620,4.53,3.56,0.84,0.82,0.47,0.5,9.42,142.2
4422,894,9128,2926400,473,3.78,2.74,480,3.84,2.56,566,4.53,3.72,0.81,0.79,0.41,0.43,8.77,154.4
4423,792,11948,4175773,462,4.16,2.7,442,3.98,2.34,526,4.74,3.32,0.8,0.78,0.41,0.43,11.86,157.81
4424,831,848798,1204625593,498,4.02,2.13,472,3.81,1.69,566,4.56,2.8,0.77,0.73,0.4,0.44,8.6,156.81
4425,754,9061,2496908,429,3.86,2.59,394,3.55,1.7,523,4.71,3.5,0.66,0.6,0.42,0.47,10.25,148.58
4426,877,11780,4435352,499,4.16,2.39,504,4.2,2.13,602,5.02,3.1,0.75,0.73,0.39,0.43,11.05,155.37
4427,905,7281,2254443,508,4.34,2.64,490,4.19,2.29,583,4.98,3.3,0.71,0.66,0.4,0.44,8.05,159.95
4428,1047,864627,1187970118,593,4.43,2.23,611,4.56,2.34,699,5.22,2.94,0.8,0.77,0.4,0.43,10.47,160.21
4429,1108,1629712,2344565196,606,4.81,2.78,644,5.11,2.96,742,5.89,3.97,0.8,0.77,0.41,0.45,7.99,156.08
4430,1075,878991,1203105543,563,4.58,2.67,660,5.37,3.86,696,5.66,3.81,0.76,0.74,0.45,0.48,13.7,146.52
4431,984,832157,1171889410,552,4.18,2.7,588,4.45,2.92,692,5.24,3.8,0.74,0.71,0.5,0.52,12.06,119.8
4432,1006,42147,4559126,561,3.98,2.89,630,4.47,3.54,689,4.89,3.82,0.71,0.68,0.45,0.47,11.63,127.26
4433,926,39273,3794953,518,3.78,2.83,519,3.79,2.42,637,4.65,3.98,0.68,0.66,0.48,0.51,14.32,113.65
4434,953,2537315,3693296177,517,4.1,2.88,504,4.0,2.42,652,5.17,4.25,0.72,0.69,0.44,0.47,13.86,125.18
4435,1140,856421,1172642706,623,4.21,3.16,586,3.96,2.18,780,5.27,4.25,0.69,0.67,0.43,0.45,15.16,118.29
4436,954,12030,3737929,528,4.16,3.21,490,3.86,2.42,660,5.2,4.7,0.69,0.66,0.48,0.49,14.91,118.79
4437,1216,843461,1225726475,625,4.46,3.4,695,4.96,3.8,791,5.65,4.8,0.73,0.7,0.42,0.44,12.54,118.06
4438,1100,1734402,2426504896,599,4.44,3.38,633,4.69,3.13,774,5.73,5.14,0.76,0.72,0.45,0.48,9.62,124.63
4439,1210,640744,924103091,606,4.42,3.03,714,5.21,3.76,793,5.79,4.95,0.71,0.68,0.45,0.5,10.09,122.19
4440,1129,866059,1221335062,595,4.44,3.01,661,4.93,5.02,722,5.39,4.22,0.76,0.75,0.44,0.47,10.4,124.99
4441,1098,805044,1134830544,621,4.67,3.52,639,4.8,2.9,746,5.61,4.52,0.74,0.71,0.44,0.47,11.46,125.93
4442,1035,864031,1221825708,604,4.58,3.04,607,4.6,2.66,723,5.48,4.23,0.68,0.66,0.44,0.46,10.85,120.7
4443,864,510258,705143609,503,4.19,2.98,499,4.16,2.33,627,5.22,3.89,0.72,0.7,0.43,0.44,11.39,118.8
4444,784,11423,3114225,431,3.62,2.72,479,4.03,4.47,531,4.46,3.6,0.78,0.76,0.48,0.5,12.4,115.65
4445,802,78470,103176749,477,3.56,2.65,467,3.49,2.23,597,4.46,3.71,0.67,0.64,0.49,0.5,8.81,113.53
4446,777,1625628,2384838772,470,3.67,2.98,455,3.55,2.69,589,4.6,3.92,0.64,0.62,0.49,0.51,12.64,109.7
4447,695,1674862,2424503717,390,3.68,2.92,379,3.58,2.41,493,4.65,4.19,0.71,0.7,0.47,0.49,16.44,118.71
4448,769,863501,1257501155,461,3.72,3.07,443,3.57,2.3,551,4.44,4.05,0.71,0.69,0.49,0.5,11.09,116.64
4449,778,820332,1195291602,444,3.55,2.61,423,3.38,2.0,552,4.42,3.7,0.66,0.64,0.5,0.5,14.22,114.13
4450,727,54369,21811738,432,3.38,2.6,416,3.25,1.85,530,4.14,3.51,0.69,0.66,0.48,0.51,9.96,117.03
4451,842,42128,6723568,478,3.95,2.78,457,3.78,2.33,576,4.76,4.01,0.7,0.66,0.51,0.55,16.83,117.83
4452,840,50288,12641925,487,3.83,2.99,506,3.98,2.48,599,4.72,4.17,0.75,0.72,0.51,0.55,12.94,112.27
4453,927,15499,9702006,541,3.98,3.24,529,3.89,2.42,647,4.76,4.47,0.74,0.73,0.48,0.52,13.33,118.84
4454,1079,1492865,2148946071,625,4.14,2.67,652,4.32,2.81,792,5.25,4.12,0.74,0.71,0.43,0.48,9.66,135.13
4455,1059,924039,1308166561,566,4.19,2.49,646,4.79,2.85,705,5.22,3.31,0.77,0.74,0.42,0.47,8.05,144.52
4456,874,49436,4721305,486,4.26,2.63,520,4.56,2.22,619,5.43,3.67,0.74,0.69,0.43,0.48,9.02,142.98
4457,882,924488,1311462697,484,4.03,2.54,513,4.28,1.99,622,5.18,3.56,0.78,0.74,0.39,0.41,8.71,151.99
4458,847,1825368,2684395173,472,4.14,2.54,515,4.52,2.95,587,5.15,3.46,0.76,0.72,0.41,0.45,8.01,142.25
4459,1049,10069,2833169,559,4.51,2.75,591,4.77,2.24,702,5.66,3.6,0.76,0.72,0.39,0.41,11.4,158.49
4460,1065,959784,1358060853,558,4.46,2.69,641,5.13,3.21,708,5.66,3.77,0.82,0.79,0.38,0.41,6.62,152.7
4461,1246,838948,1177895342,634,4.77,3.16,801,6.02,7.04,809,6.08,4.4,0.8,0.79,0.43,0.47,7.44,140.69
4462,1201,885523,1291922906,627,4.71,2.71,722,5.43,3.23,815,6.13,3.66,0.76,0.72,0.35,0.37,8.78,155.89
4463,1199,945670,1323219332,657,5.09,2.85,731,5.67,2.91,816,6.33,3.75,0.8,0.77,0.37,0.39,7.76,148.97
4464,1206,1865502,2612200896,622,4.47,2.84,670,4.82,2.42,828,5.96,4.29,0.77,0.73,0.38,0.41,10.05,153.64
4465,1132,1652427,2432566318,616,4.63,2.87,667,5.02,2.53,766,5.76,4.21,0.8,0.76,0.38,0.42,8.01,156.39
4466,1105,12738,2386734,600,4.51,2.56,678,5.1,2.84,753,5.66,3.42,0.76,0.72,0.39,0.41,8.66,150.29
4467,1000,894427,1310759296,538,4.52,2.65,630,5.29,3.42,697,5.86,4.12,0.81,0.78,0.4,0.43,8.25,149.92
4468,945,934038,1306510714,532,4.79,3.12,604,5.44,3.86,688,6.2,4.39,0.78,0.76,0.39,0.41,12.19,140.49
4469,783,885533,1288832989,486,4.38,2.81,506,4.56,2.42,564,5.08,3.51,0.81,0.79,0.44,0.49,14.26,155.04
4470,864,50012,59646383,555,4.4,2.45,561,4.45,2.12,638,5.06,3.04,0.77,0.75,0.41,0.44,9.81,154.88
4471,940,911158,1274063798,536,4.58,2.8,544,4.65,2.46,642,5.49,3.73,0.73,0.7,0.45,0.49,13.8,138.53
4472,946,3985867,5720581867,552,4.52,2.64,560,4.59,2.79,662,5.43,3.75,0.74,0.71,0.42,0.46,14.35,144.46
4473,973,92126,78686823,551,4.17,2.97,628,4.76,4.47,648,4.91,3.91,0.74,0.71,0.48,0.5,12.2,132.8
4474,1030,1733112,2542597844,603,4.25,2.98,692,4.87,3.57,752,5.3,4.13,0.74,0.71,0.44,0.47,10.84,127.43
4475,1202,2793991,3766004725,647,4.79,3.48,788,5.84,4.68,791,5.86,4.63,0.8,0.77,0.49,0.52,12.18,127.25
4476,1149,854396,1245483854,638,4.23,3.11,708,4.69,3.27,816,5.4,4.35,0.75,0.72,0.49,0.51,14.21,127.79
4477,1096,911666,1288455221,626,4.35,3.01,625,4.34,2.81,812,5.64,4.46,0.71,0.68,0.46,0.48,13.3,121.98
4478,1029,869240,1270017613,555,4.3,2.79,558,4.33,3.01,695,5.39,4.4,0.72,0.69,0.43,0.44,11.3,126.57
4479,1161,972377,1327179995,638,4.52,3.28,624,4.43,2.46,817,5.79,4.66,0.68,0.62,0.44,0.48,10.55,128.58
4480,1110,8974,2290065,617,4.44,2.87,676,4.86,3.27,806,5.8,4.27,0.72,0.69,0.42,0.44,10.42,133.88
4481,1207,923765,1292491526,702,4.94,3.34,755,5.32,3.62,867,6.11,4.68,0.75,0.72,0.43,0.47,12.62,135.65
4482,1196,42229,5687337,651,4.79,2.97,692,5.09,3.25,848,6.24,4.69,0.74,0.71,0.45,0.46,12.29,128.12
4483,1124,98073,15035285,634,4.8,3.25,661,5.01,2.99,772,5.85,4.34,0.76,0.74,0.46,0.49,11.85,126.37
4484,1102,865144,1261276445,635,4.88,3.35,618,4.75,2.93,771,5.93,4.63,0.7,0.65,0.43,0.45,14.55,132.64
4485,1100,566347,826283066,663,4.51,3.28,669,4.55,2.8,788,5.36,4.16,0.71,0.67,0.42,0.45,8.93,128.76
4486,1014,904582,1268814873,602,4.82,3.33,584,4.67,2.64,708,5.66,4.33,0.71,0.66,0.39,0.41,11.52,128.14
4487,1226,3695152,5195952858,713,5.13,3.1,719,5.17,2.97,892,6.42,4.35,0.71,0.68,0.38,0.41,9.08,136.54
4488,1091,902293,1315165927,632,5.06,3.16,625,5.0,2.83,750,6.0,4.39,0.7,0.68,0.4,0.43,9.58,145.84
4489,1167,1823463,2629874038,673,5.22,3.14,688,5.33,3.15,823,6.38,4.6,0.78,0.75,0.4,0.43,9.96,135.87
4490,1148,1264862,1793889310,642,4.79,3.26,664,4.96,2.93,798,5.96,4.94,0.73,0.7,0.41,0.47,9.51,136.58
4491,1091,1754377,2572882924,662,4.8,2.78,649,4.7,2.1,785,5.69,3.62,0.75,0.73,0.39,0.41,12.16,139.24
4492,997,2780618,3864507854,598,4.56,2.92,610,4.66,3.04,733,5.6,4.36,0.74,0.7,0.42,0.45,10.59,135.0
4493,1128,28298,27188663,669,5.07,2.93,699,5.3,3.25,810,6.14,4.17,0.77,0.76,0.41,0.43,12.51,130.63
4494,1304,2750106,3863174517,775,5.17,2.86,851,5.67,3.66,948,6.32,3.97,0.74,0.71,0.47,0.5,11.81,126.03
4495,1400,1845823,2590567554,766,5.11,3.32,911,6.07,4.53,967,6.45,4.64,0.79,0.77,0.43,0.46,9.35,124.58
4496,1122,2772983,3913412865,613,4.09,2.47,696,4.64,5.24,745,4.97,3.83,0.77,0.75,0.41,0.44,12.06,123.73
4497,1107,11249,3550662,610,4.15,3.03,654,4.45,5.22,744,5.06,4.11,0.68,0.65,0.46,0.48,10.55,119.91
4498,1161,3672596,5178733807,644,4.77,2.73,660,4.89,6.25,758,5.61,4.14,0.74,0.71,0.43,0.45,12.51,132.76
4499,1250,3662320,5187561021,741,4.88,3.05,757,4.98,2.75,883,5.81,4.2,0.76,0.74,0.44,0.49,12.09,136.24
4500,1104,1802543,2545100967,667,4.87,3.5,676,4.93,2.74,794,5.8,4.77,0.77,0.74,0.41,0.44,8.55,136.23
4501,1229,936055,1310237915,656,4.59,2.99,721,5.04,3.46,850,5.94,4.7,0.72,0.69,0.42,0.44,10.75,128.63
4502,1270,1719377,2517038221,691,5.23,3.17,821,6.22,4.84,883,6.69,4.96,0.78,0.74,0.41,0.45,11.58,132.96
4503,1471,1776452,2556815896,747,4.88,3.12,912,5.96,5.27,984,6.43,5.03,0.74,0.71,0.42,0.45,11.0,116.51
4504,1141,870156,1264017936,621,4.5,2.96,637,4.62,3.01,763,5.53,4.32,0.74,0.72,0.42,0.45,13.32,124.49
4505,1324,944803,1321574341,704,5.03,3.2,826,5.9,4.48,896,6.4,5.19,0.82,0.8,0.42,0.46,9.62,128.3
4506,1378,13993,3058853,735,4.8,3.02,821,5.37,3.71,909,5.94,4.34,0.79,0.78,0.43,0.45,11.33,130.31
4507,1221,862658,1255809959,707,4.91,3.29,702,4.88,2.65,854,5.93,4.69,0.76,0.74,0.44,0.47,10.6,132.23
4508,1141,9781,1959764,605,4.55,2.82,683,5.14,3.78,755,5.68,4.15,0.78,0.76,0.42,0.45,8.71,134.64
4509,1277,11916,3179880,684,4.72,3.21,758,5.23,4.43,843,5.81,4.91,0.74,0.71,0.42,0.44,8.35,137.42
4510,1517,1822986,2561039709,780,5.42,3.49,950,6.6,6.83,1034,7.18,6.28,0.77,0.74,0.4,0.43,10.36,135.31
4511,1606,1739304,2502034256,857,5.75,3.17,932,6.26,4.57,1081,7.26,4.9,0.78,0.76,0.39,0.42,10.85,137.79
4512,1490,4478944,6493022207,838,5.55,3.53,887,5.87,3.64,1012,6.7,5.16,0.79,0.76,0.41,0.45,9.48,136.05
4513,1473,34972,29957950,816,5.4,4.08,865,5.73,4.02,997,6.6,5.6,0.75,0.71,0.42,0.47,9.52,132.0
4514,1370,965404,1338501058,745,5.07,3.85,814,5.54,3.9,927,6.31,5.16,0.71,0.69,0.44,0.47,9.93,122.28
4515,1376,17668,4717828,741,4.81,3.5,815,5.29,3.69,943,6.12,5.24,0.72,0.69,0.43,0.47,8.01,118.52
4516,1471,17600,4056815,839,5.34,3.63,877,5.59,4.21,1062,6.76,5.27,0.7,0.68,0.44,0.47,9.51,115.88
4517,1356,965839,1283110266,730,4.9,3.54,840,5.64,4.16,919,6.17,5.15,0.77,0.74,0.44,0.47,9.72,123.03
4518,1086,977270,1313878690,603,4.47,2.87,565,4.19,2.2,767,5.68,4.36,0.67,0.63,0.43,0.47,11.77,125.63
4519,1180,1809395,2546594230,635,4.67,3.67,654,4.81,3.25,787,5.79,5.16,0.73,0.7,0.46,0.5,11.89,117.18
4520,1339,1873315,2583894988,710,4.55,3.43,797,5.11,4.43,909,5.83,4.98,0.74,0.72,0.45,0.46,8.02,125.29
4521,1345,2803420,3884552821,691,5.01,4.07,790,5.72,4.63,893,6.47,5.84,0.77,0.74,0.44,0.46,11.56,113.26
4522,1128,938494,1311512674,637,4.49,3.17,615,4.33,2.39,789,5.56,4.54,0.73,0.71,0.46,0.48,10.46,122.19
4523,1307,2763504,3846229374,723,4.69,3.29,749,4.86,3.22,935,6.07,4.79,0.73,0.7,0.46,0.51,11.4,119.11
4524,1228,2733031,3785925215,695,4.51,2.98,751,4.88,2.69,863,5.6,3.92,0.78,0.74,0.44,0.47,8.58,117.25
4525,1249,1806029,2544497626,672,5.01,3.68,711,5.31,4.61,853,6.37,5.22,0.77,0.74,0.46,0.48,11.21,121.32
4526,1381,18219,4878548,718,4.72,3.4,869,5.72,5.28,930,6.12,5.21,0.8,0.8,0.46,0.48,7.79,114.25
4527,1174,922703,1244157102,641,4.45,3.56,668,4.64,3.51,807,5.6,5.09,0.71,0.69,0.47,0.49,10.23,109.24
4528,1109,873501,1273244986,610,4.84,3.34,635,5.04,3.6,788,6.25,4.71,0.76,0.74,0.44,0.47,10.83,117.18
4529,1275,81210,7659471,734,5.03,3.12,772,5.29,3.72,920,6.3,4.6,0.77,0.74,0.43,0.45,11.61,115.85
4530,1173,3549958,5106660623,640,4.44,3.04,634,4.4,3.27,792,5.5,4.5,0.75,0.72,0.43,0.46,12.89,124.42
4531,1303,1844682,2577487100,737,4.98,3.72,722,4.88,3.01,914,6.18,5.11,0.72,0.68,0.43,0.46,11.89,131.03
4532,1285,1832435,2559998932,706,4.9,3.48,775,5.38,3.75,907,6.3,4.89,0.75,0.73,0.44,0.48,10.59,118.62
4533,1320,1054713,1350527815,692,4.94,3.66,743,5.31,4.31,882,6.3,5.36,0.73,0.71,0.44,0.48,9.68,120.69
4534,1040,1888463,2577356518,620,4.63,3.19,623,4.65,3.01,756,5.64,4.42,0.75,0.73,0.47,0.49,13.28,118.7
4535,913,1015200,1330082992,541,3.98,2.75,527,3.88,1.97,663,4.88,3.95,0.71,0.68,0.48,0.52,12.44,118.96
4536,927,2728546,3917948377,552,4.09,3.2,520,3.85,1.99,647,4.79,4.14,0.72,0.68,0.45,0.46,10.78,116.44
4537,1047,902940,1314389072,594,4.34,3.13,575,4.2,2.27,713,5.2,4.18,0.72,0.68,0.46,0.49,9.14,116.19
4538,987,938377,1317734428,571,4.29,3.31,619,4.65,3.16,673,5.06,4.25,0.78,0.75,0.47,0.5,10.78,112.11
4539,838,910081,1275056339,490,3.68,2.67,515,3.87,3.28,592,4.45,3.61,0.72,0.7,0.49,0.51,9.9,115.14
4540,645,1813579,2552944592,404,3.78,3.15,350,3.27,1.69,468,4.37,4.05,0.7,0.67,0.47,0.49,11.86,117.97
4541,736,8092,1979313,457,3.6,2.71,456,3.59,2.18,531,4.18,3.34,0.73,0.71,0.49,0.51,9.01,117.15
4542,729,6056,1787196,444,3.64,2.72,443,3.63,2.28,554,4.54,3.62,0.68,0.65,0.5,0.51,12.05,113.46
4543,750,23993,26678553,447,3.6,2.65,434,3.5,2.29,554,4.47,3.59,0.7,0.67,0.47,0.49,9.49,118.15
4544,716,1801392,2600759883,424,3.66,2.91,462,3.98,3.28,498,4.29,3.71,0.78,0.76,0.45,0.48,11.72,109.17
4545,748,43745,9628886,443,3.69,2.74,496,4.13,4.03,545,4.54,4.15,0.74,0.71,0.51,0.53,12.51,116.95
4546,813,39641,4637840,498,4.22,2.91,527,4.47,3.54,611,5.18,3.88,0.74,0.73,0.45,0.47,13.58,113.32
4547,678,1736608,2550836148,432,3.48,2.88,420,3.39,2.83,520,4.19,3.66,0.68,0.66,0.49,0.51,13.59,110.82
4548,838,26450,21103299,528,4.26,3.43,532,4.29,2.96,625,5.04,4.36,0.75,0.73,0.47,0.5,12.78,111.71
4549,928,897487,1294344878,537,3.84,2.68,553,3.95,2.67,660,4.71,3.9,0.77,0.74,0.44,0.45,10.03,121.71
4550,1070,2606093,3824111953,585,4.33,3.45,740,5.48,7.74,807,5.98,6.58,0.78,0.76,0.46,0.48,11.64,112.27
4551,950,1792497,2572004230,544,4.12,3.36,621,4.7,4.92,712,5.39,5.14,0.77,0.75,0.46,0.5,13.06,113.04
4552,812,1003071,1307322015,492,3.81,2.45,469,3.64,1.86,595,4.61,3.38,0.73,0.71,0.45,0.47,12.64,124.15
4553,932,1837220,2569914872,567,4.02,2.9,583,4.13,2.85,696,4.94,3.99,0.77,0.73,0.48,0.5,8.64,112.53
4554,1010,1766787,2526501231,581,4.15,3.17,648,4.63,3.93,750,5.36,4.58,0.74,0.72,0.45,0.47,7.46,106.41
4555,876,903032,1258148889,524,4.06,2.98,522,4.05,2.78,636,4.93,3.97,0.71,0.69,0.49,0.51,6.73,116.28
4556,795,6518,1147107,447,3.66,3.11,469,3.84,3.37,550,4.51,4.28,0.69,0.69,0.47,0.48,8.6,106.39
4557,932,902084,1276317507,506,3.75,3.07,497,3.68,2.86,625,4.63,4.46,0.72,0.7,0.48,0.51,12.78,114.71
4558,1087,1799972,2593595535,599,4.34,3.49,603,4.37,3.27,733,5.31,4.64,0.71,0.68,0.48,0.5,10.47,117.45
4559,1204,1457378,2086064507,655,4.52,3.87,724,4.99,4.39,814,5.61,5.32,0.75,0.71,0.47,0.49,8.76,119.33
4560,1152,1781148,2567044149,635,4.57,3.76,668,4.81,3.98,802,5.77,5.49,0.75,0.73,0.44,0.47,8.32,113.52
4561,1154,85342,23902070,659,4.67,3.4,663,4.7,3.73,810,5.74,4.99,0.69,0.66,0.43,0.43,9.04,124.16
4562,1106,799137,1114714374,646,4.49,3.55,641,4.45,2.48,777,5.4,4.73,0.72,0.7,0.42,0.45,9.17,125.71
4563,905,891596,1247646238,547,4.11,3.11,523,3.93,2.47,650,4.89,4.24,0.7,0.67,0.46,0.5,9.15,124.58
4564,744,13442,5389038,431,3.78,3.26,418,3.67,2.49,505,4.43,4.28,0.77,0.75,0.47,0.49,16.49,124.75
4565,805,39551,4852817,493,3.57,2.47,493,3.57,2.25,572,4.14,3.22,0.69,0.66,0.48,0.49,11.55,121.51
4566,845,1725396,2531594308,540,3.86,2.83,538,3.84,2.45,640,4.57,3.67,0.68,0.65,0.47,0.49,12.25,129.91
4567,894,37026,3598528,547,3.91,3.36,542,3.87,2.83,648,4.63,4.36,0.73,0.7,0.5,0.52,8.15,121.29
4568,647,899036,1268401570,400,3.48,2.69,388,3.37,2.02,477,4.15,3.25,0.7,0.68,0.51,0.54,16.63,116.12
4569,794,7709,1496607,451,3.7,2.93,480,3.93,3.01,537,4.4,3.46,0.77,0.75,0.47,0.47,8.63,120.38
4570,893,888247,1254451783,554,3.99,3.22,520,3.74,2.1,651,4.68,4.03,0.77,0.73,0.44,0.47,7.42,126.44
4571,1027,861324,1214667752,611,4.24,2.72,660,4.58,3.37,723,5.02,3.51,0.78,0.76,0.48,0.51,9.27,116.25
4572,826,8752,3044992,511,4.09,3.0,469,3.75,1.68,613,4.9,4.03,0.73,0.69,0.43,0.45,9.54,128.27
4573,1158,876661,1280006415,687,4.35,3.23,745,4.72,3.31,805,5.09,3.99,0.76,0.73,0.49,0.5,8.5,116.98
4574,1003,2566521,3772728905,638,4.14,3.0,639,4.15,2.78,722,4.69,3.83,0.71,0.68,0.45,0.48,6.89,127.08
4575,1178,11445,3396201,685,4.48,3.24,727,4.75,3.34,828,5.41,4.22,0.7,0.67,0.45,0.47,7.65,125.35
4576,1125,889391,1259727641,675,4.25,2.74,693,4.36,2.54,814,5.12,3.79,0.71,0.69,0.43,0.45,9.07,123.21
4577,1167,13453,3581943,687,4.61,3.25,725,4.87,3.66,848,5.69,4.6,0.7,0.69,0.45,0.48,7.19,129.13
4578,1030,3550029,5043301507,649,4.3,3.17,637,4.22,2.74,743,4.92,4.11,0.73,0.71,0.44,0.46,10.72,122.48
4579,1106,1763917,2528960128,645,4.22,3.37,658,4.3,3.4,782,5.11,4.67,0.64,0.61,0.46,0.48,9.46,116.53
4580,1064,13384,3650818,569,4.21,3.3,636,4.71,3.45,703,5.21,4.35,0.68,0.67,0.43,0.45,11.2,107.09
4581,1337,2614038,3717945451,731,4.81,3.23,890,5.86,4.74,938,6.17,4.54,0.73,0.7,0.42,0.45,6.42,117.79
4582,1496,1740217,2510667809,847,5.16,4.08,1010,6.16,5.53,1065,6.49,5.45,0.75,0.73,0.47,0.5,8.27,115.42
4583,1880,1784472,2560980389,991,5.73,4.36,1277,7.38,5.89,1203,6.95,5.36,0.81,0.79,0.45,0.48,8.88,115.88
4584,1383,1785024,2500313449,818,5.35,4.92,816,5.33,4.37,987,6.45,6.4,0.75,0.72,0.47,0.49,9.26,116.32
4585,1393,13775,4116880,776,4.7,3.25,904,5.48,4.42,1004,6.08,5.09,0.74,0.71,0.48,0.5,8.3,118.23
4586,1195,38933,3323733,649,4.48,3.35,775,5.34,4.42,791,5.46,4.61,0.72,0.71,0.5,0.54,11.75,111.86
4587,982,926221,1256879543,574,4.13,3.0,660,4.75,3.47,696,5.01,3.82,0.77,0.74,0.5,0.53,7.94,111.79
4588,853,51483,5205180,486,3.95,3.11,575,4.67,3.58,607,4.93,4.13,0.75,0.72,0.49,0.52,8.22,110.99
4589,1861,71497,41135104,514,3.78,2.9,1549,11.39,32.39,596,4.38,3.42,0.67,0.65,0.53,0.59,11.4,106.1
4590,3999,1875472,2273710835,557,4.22,2.94,3463,26.23,154.31,659,4.99,3.81,0.71,0.69,0.46,0.5,10.23,111.81
4591,1235,57446,12141783,548,4.06,2.99,904,6.7,12.81,665,4.93,4.05,0.74,0.73,0.49,0.53,8.73,108.76
4592,938,1753062,2516161898,451,3.67,3.13,633,5.15,12.46,530,4.31,3.93,0.72,0.7,0.44,0.46,9.69,110.16
4593,997,1772790,2492719009,518,4.25,2.89,633,5.19,4.5,682,5.59,4.07,0.73,0.72,0.51,0.56,13.88,112.42
4594,794,22925,14878007,460,3.9,2.8,481,4.08,2.83,577,4.89,4.23,0.74,0.72,0.52,0.54,12.25,113.66
4595,955,889002,1235625587,554,4.04,2.85,606,4.42,2.93,705,5.15,3.68,0.76,0.74,0.47,0.49,10.72,111.05
4596,1081,228889,249311419,599,4.5,3.07,676,5.08,3.43,737,5.54,4.1,0.78,0.75,0.48,0.49,13.55,109.24
4597,1239,1778559,2513624326,668,4.25,3.19,785,5.0,3.85,829,5.28,4.14,0.75,0.73,0.48,0.5,11.83,114.5
4598,1298,1801200,2511325755,697,4.84,3.08,887,6.16,4.82,928,6.44,4.86,0.78,0.76,0.48,0.53,8.93,109.39
4599,1151,819122,1187006387,633,4.25,2.79,742,4.98,3.71,779,5.23,3.64,0.78,0.74,0.5,0.54,8.6,119.36
4600,1290,930772,1274962145,710,4.86,3.39,861,5.9,5.43,938,6.42,5.0,0.76,0.73,0.47,0.49,7.7,113.47
4601,1243,1745556,2514333092,621,4.28,3.0,824,5.68,4.8,794,5.48,4.49,0.79,0.78,0.47,0.5,8.11,112.58
4602,1215,857984,1247603089,696,5.01,3.78,798,5.74,4.29,877,6.31,5.42,0.82,0.82,0.47,0.49,8.45,117.79
4603,1210,751358,1023598886,624,4.52,3.07,739,5.36,4.25,768,5.57,4.62,0.81,0.79,0.49,0.5,8.93,113.99
4604,1216,869791,1227930726,703,4.62,3.33,787,5.18,3.25,871,5.73,4.46,0.8,0.77,0.46,0.46,6.6,120.39
4605,1472,1744072,2507050441,784,5.12,3.48,977,6.39,5.38,974,6.37,4.78,0.83,0.82,0.45,0.48,7.01,112.98
4606,1325,1723200,2447510837,710,5.04,3.83,827,5.87,4.89,891,6.32,5.6,0.83,0.82,0.45,0.46,7.18,122.57
4607,1369,1787173,2539170664,730,4.9,3.67,841,5.64,3.85,929,6.23,5.04,0.77,0.75,0.42,0.45,7.67,120.94
4608,1217,866825,1260959937,723,4.69,3.63,744,4.83,3.42,890,5.78,5.16,0.77,0.75,0.44,0.46,6.9,123.35
4609,1482,1813665,2561725300,765,5.28,3.99,858,5.92,4.57,959,6.61,5.6,0.76,0.74,0.43,0.47,7.17,130.47
4610,1061,956683,1274658490,550,4.2,3.67,602,4.6,3.12,715,5.46,5.19,0.73,0.69,0.49,0.52,7.39,117.3
4611,1234,842667,1223363458,640,4.3,3.33,805,5.4,4.57,837,5.62,5.02,0.78,0.78,0.45,0.47,8.73,114.23
4612,850,11468,3482640,464,3.41,2.58,528,3.88,2.99,582,4.28,3.46,0.74,0.73,0.51,0.53,7.3,109.03
4613,848,865945,1266451621,466,3.56,2.75,533,4.07,3.0,586,4.47,3.91,0.76,0.75,0.48,0.51,10.85,112.64
4614,1005,2614727,3803889897,580,4.3,3.28,692,5.13,3.93,737,5.46,4.36,0.79,0.76,0.48,0.52,11.04,106.0
4615,6525,973360,1321543312,540,4.06,3.35,5579,41.95,316.2,666,5.01,4.44,0.79,0.79,0.51,0.54,7.4,113.34
4616,9497,975325,1354680462,536,3.8,2.68,2676,18.98,139.31,648,4.6,3.69,0.76,0.74,0.49,0.51,6.52,112.79
4617,1159,1714274,2464926825,557,3.74,2.7,759,5.09,8.63,671,4.5,3.64,0.75,0.74,0.5,0.54,8.84,111.78
4618,968,933334,1277508132,561,4.07,3.35,616,4.46,3.44,717,5.2,4.48,0.81,0.78,0.51,0.55,11.13,118.4
4619,983,2438951,3581469685,514,3.75,2.89,577,4.21,2.91,659,4.81,4.08,0.71,0.69,0.46,0.48,7.02,109.96
4620,1070,36719,4060780,576,3.97,3.12,676,4.66,3.65,752,5.19,4.66,0.75,0.74,0.5,0.51,8.87,108.62
4621,1058,33136,2758724,587,3.94,3.19,640,4.3,3.2,758,5.09,4.22,0.71,0.68,0.46,0.48,7.65,117.77
4622,1121,994592,1282955045,597,3.62,3.09,680,4.12,3.19,751,4.55,4.46,0.76,0.73,0.48,0.5,9.47,117.63
4623,1143,1792488,2586219283,599,4.34,3.33,718,5.2,4.1,760,5.51,4.55,0.78,0.75,0.48,0.52,8.79,122.22
4624,1139,797539,1146640878,596,4.2,3.74,654,4.61,3.73,726,5.11,5.03,0.74,0.73,0.49,0.5,6.24,114.36
4625,1285,67651,10883707,645,4.27,3.19,798,5.28,3.86,854,5.66,4.78,0.77,0.75,0.5,0.52,8.12,117.32
4626,1376,15831,4524280,665,4.4,3.48,863,5.72,5.28,934,6.19,5.68,0.74,0.72,0.48,0.49,6.33,109.85
4627,1448,19853,4599197,743,4.92,3.64,847,5.61,4.42,942,6.24,5.47,0.71,0.69,0.45,0.47,8.61,118.29
4628,1473,1826982,2585156073,699,4.51,3.42,894,5.77,4.64,925,5.97,4.97,0.73,0.71,0.48,0.51,5.36,112.67
4629,1538,60355,54488104,757,4.43,4.05,919,5.37,5.5,969,5.67,5.63,0.74,0.72,0.47,0.49,4.98,116.71
4630,1392,15219,5036210,735,4.65,3.53,823,5.21,3.48,930,5.89,4.84,0.76,0.74,0.45,0.47,4.6,119.96
4631,1456,926882,1308842004,777,4.95,3.82,905,5.76,4.82,991,6.31,5.65,0.75,0.73,0.46,0.47,5.02,125.23
4632,1404,11737,2937814,754,4.51,3.67,899,5.38,4.41,985,5.9,5.48,0.76,0.75,0.43,0.46,5.05,108.55
4633,1507,916567,1286106203,742,4.47,3.26,1006,6.06,5.55,912,5.49,4.49,0.79,0.77,0.47,0.49,7.36,117.66
4634,1284,902782,1254994795,652,4.18,3.32,811,5.2,4.58,850,5.45,4.84,0.73,0.71,0.5,0.53,8.42,103.6
4635,1487,936556,1306362265,527,3.49,2.98,989,6.55,31.45,700,4.64,4.27,0.71,0.69,0.5,0.52,8.4,103.26
4636,1027,1816000,2551713186,598,3.96,2.87,672,4.45,2.95,738,4.89,3.89,0.81,0.79,0.48,0.51,7.55,104.32
4637,1019,998861,1179869700,553,3.69,2.65,661,4.41,3.45,695,4.63,3.65,0.72,0.71,0.51,0.52,6.26,98.82
4638,1138,14201,2624294,610,4.15,3.07,780,5.31,4.52,789,5.37,4.62,0.77,0.75,0.5,0.52,7.32,104.95
4639,933,42537,4839989,499,3.67,2.9,569,4.18,3.42,646,4.75,4.34,0.72,0.7,0.49,0.5,10.3,102.65
4640,827,857458,1215571183,458,3.34,2.5,544,3.97,3.09,562,4.1,3.4,0.75,0.73,0.49,0.49,7.18,104.15
4641,884,23463,19253432,508,3.71,2.93,577,4.21,2.84,616,4.5,3.76,0.75,0.72,0.5,0.52,5.81,107.18
4642,861,898123,1275439991,501,3.66,2.84,526,3.84,2.69,616,4.5,3.82,0.72,0.69,0.47,0.47,5.32,115.65
4643,1075,1810516,2573168423,526,3.63,3.37,620,4.28,6.03,672,4.63,4.76,0.71,0.69,0.49,0.51,5.84,106.9
4644,983,1792070,2548539034,532,3.69,3.17,583,4.05,3.05,663,4.6,4.37,0.74,0.73,0.49,0.52,7.81,105.6
4645,957,14248,5563376,570,3.96,3.68,562,3.9,3.0,669,4.65,4.67,0.76,0.75,0.44,0.44,8.07,111.81
4646,931,1824541,2594263517,554,3.82,3.11,552,3.81,2.3,646,4.46,3.89,0.71,0.69,0.48,0.5,5.5,115.89
4647,1174,872985,1231491149,673,3.96,2.68,717,4.22,3.16,829,4.88,3.83,0.66,0.62,0.46,0.47,5.11,116.19
4648,1176,9375,1723406,610,4.01,3.13,690,4.54,3.48,748,4.92,4.14,0.71,0.69,0.49,0.52,5.87,111.45
4649,2080,40137,34937124,613,3.95,2.92,658,4.25,3.27,759,4.9,4.43,0.69,0.66,0.45,0.46,5.65,100.36
4650,2477,896776,1299683171,653,4.16,3.08,764,4.87,4.6,828,5.27,4.52,0.67,0.64,0.45,0.47,6.95,111.67
4651,2921,1845658,2605060265,693,4.33,3.63,814,5.09,4.4,875,5.47,5.14,0.72,0.71,0.45,0.46,5.51,116.48
4652,3075,16790,3119542,620,4.13,3.36,746,4.97,3.92,811,5.41,4.86,0.71,0.69,0.49,0.5,4.96,116.89
4653,3184,19797,4087909,648,4.38,3.76,734,4.96,3.66,849,5.74,5.42,0.72,0.7,0.46,0.47,7.91,113.24
4654,4410,1891738,2559652802,736,4.46,3.74,879,5.33,4.33,939,5.69,5.13,0.79,0.77,0.47,0.5,4.75,125.54
4655,3825,1803520,2525885852,789,4.84,4.1,1009,6.19,7.24,1043,6.4,6.26,0.76,0.73,0.46,0.49,5.93,123.05
4656,3870,55209,5728647,744,4.54,3.8,832,5.07,3.58,928,5.66,5.21,0.76,0.73,0.46,0.48,5.83,119.61
4657,4681,1826803,2554483048,712,4.51,3.87,840,5.32,4.58,910,5.76,5.18,0.73,0.7,0.44,0.47,6.83,120.15
4658,4633,27478,11135749,752,4.73,4.0,868,5.46,4.2,976,6.14,5.63,0.73,0.71,0.47,0.48,5.46,114.08
4659,5036,904620,1253756105,720,4.56,3.74,786,4.97,3.82,907,5.74,5.7,0.74,0.71,0.48,0.51,5.45,115.03
4660,3531,976748,1290330321,602,4.3,3.57,655,4.68,3.44,763,5.45,5.29,0.71,0.67,0.45,0.47,6.1,122.2
4661,3845,917501,1274048377,662,4.57,3.73,700,4.83,3.61,815,5.62,4.9,0.74,0.73,0.48,0.51,6.53,110.16
4662,4365,955768,1320412628,650,4.48,3.19,692,4.77,3.5,812,5.6,4.74,0.7,0.66,0.43,0.46,9.38,115.79
4663,4705,1845921,2571568382,627,4.1,3.29,650,4.25,2.55,782,5.11,4.73,0.75,0.72,0.45,0.47,9.08,113.91
4664,3736,18008,4541278,572,3.94,3.15,591,4.08,2.66,727,5.01,4.22,0.7,0.68,0.49,0.5,5.51,108.26
4665,3573,14361,2760589,617,4.26,3.57,595,4.1,2.38,759,5.23,4.77,0.7,0.68,0.45,0.46,3.95,123.88
4666,4274,871676,1256228459,657,4.47,3.14,671,4.56,2.82,864,5.88,4.87,0.67,0.64,0.46,0.48,4.88,121.37
4667,3407,19948,5073397,563,4.05,2.83,647,4.65,5.14,713,5.13,3.89,0.71,0.68,0.5,0.53,4.44,111.98
4668,4027,1807540,2513704958,531,4.12,3.56,559,4.33,3.21,667,5.17,4.83,0.73,0.71,0.48,0.51,5.93,107.61
4669,4103,1731850,2311459281,629,4.49,3.46,630,4.5,2.78,774,5.53,4.7,0.71,0.68,0.43,0.45,5.24,122.64
4670,5188,19318,3664658,661,4.35,3.39,740,4.87,4.43,840,5.53,4.7,0.73,0.72,0.47,0.49,5.11,112.14
4671,4281,21394,7187401,637,3.88,3.56,771,4.7,3.94,846,5.16,5.04,0.73,0.71,0.48,0.5,5.49,114.4
4672,4701,25073,4859432,671,4.19,3.29,850,5.31,4.97,900,5.62,5.12,0.71,0.69,0.48,0.49,6.21,110.42
4673,5224,381011,449015723,726,4.71,3.92,929,6.03,5.69,989,6.42,5.93,0.75,0.73,0.46,0.47,4.63,122.63
4674,5397,894143,1286875436,716,4.5,3.69,838,5.27,4.44,906,5.7,5.09,0.73,0.73,0.48,0.51,6.46,109.61
4675,3839,916782,1321018172,776,4.88,3.41,954,6.0,4.87,991,6.23,5.0,0.75,0.72,0.43,0.47,6.36,117.46
4676,4173,880375,1264455460,702,4.59,3.53,835,5.46,4.49,896,5.86,5.61,0.75,0.72,0.47,0.5,6.37,123.99
4677,4841,859984,1247606283,654,5.03,4.07,663,5.1,2.95,822,6.32,5.84,0.72,0.68,0.41,0.44,3.82,129.84
4678,5200,18143,2739229,853,5.3,3.83,941,5.84,4.1,1041,6.47,4.97,0.73,0.7,0.38,0.41,3.94,138.07
4679,5748,64693,5769476,848,5.23,3.63,973,6.01,4.97,1045,6.45,4.92,0.75,0.72,0.38,0.41,4.45,144.22
4680,5927,984574,1364776900,935,5.74,4.33,1147,7.04,7.36,1248,7.66,7.27,0.73,0.7,0.4,0.44,3.37,128.73
4681,4762,912789,1282996465,779,5.16,4.05,793,5.25,2.78,972,6.44,6.4,0.77,0.75,0.42,0.46,3.73,141.96
4682,5721,889102,1281864905,870,5.72,3.96,1017,6.69,5.4,1092,7.18,5.77,0.77,0.75,0.39,0.42,4.36,133.23
4683,5569,19746,3247083,789,4.78,3.33,978,5.93,4.86,981,5.95,4.87,0.74,0.71,0.41,0.44,4.13,136.34
4684,5469,59010,5780429,718,4.63,3.74,910,5.87,6.94,883,5.7,5.12,0.75,0.73,0.43,0.46,5.32,125.75
4685,4528,1677993,2402110849,691,4.97,3.94,757,5.45,4.56,858,6.17,5.71,0.76,0.74,0.43,0.45,4.2,132.41
4686,4384,18407,3311710,743,4.59,3.38,799,4.93,3.45,894,5.52,4.46,0.73,0.72,0.42,0.44,4.96,131.01
4687,4981,1818794,2549072208,858,5.43,3.89,965,6.11,4.66,1070,6.77,5.56,0.75,0.74,0.43,0.46,5.15,133.19
4688,4428,891808,1291045810,728,4.82,3.47,928,6.15,5.0,905,5.99,5.09,0.79,0.76,0.46,0.48,5.25,126.64
4689,4945,1492826,2124689413,784,5.3,3.61,924,6.24,5.08,957,6.47,5.28,0.76,0.74,0.42,0.45,4.9,124.29
4690,3335,910527,1283750867,637,4.45,3.56,661,4.62,3.17,802,5.61,4.9,0.72,0.69,0.43,0.44,6.43,130.82
4691,5402,919158,1285567364,689,4.82,3.51,739,5.17,3.53,864,6.04,5.17,0.77,0.74,0.42,0.44,5.75,137.45
4692,4714,1831604,2594493789,752,4.88,3.94,854,5.55,4.16,940,6.1,5.65,0.77,0.75,0.41,0.44,4.29,138.05
4693,4865,18071,3360170,746,5.04,3.64,767,5.18,3.0,896,6.05,5.09,0.78,0.75,0.41,0.41,5.75,141.41
4694,4846,17438,3788985,610,4.49,3.3,621,4.57,2.73,747,5.49,4.36,0.72,0.68,0.44,0.45,6.72,119.38
4695,3935,943607,1295917691,633,4.08,3.28,727,4.69,3.4,847,5.46,4.67,0.71,0.69,0.48,0.5,6.97,110.15
4696,5191,918140,1289288650,549,4.29,4.35,526,4.11,2.5,701,5.48,5.63,0.68,0.66,0.48,0.49,5.5,115.1
4697,4482,901859,1258781486,730,4.51,3.49,887,5.48,4.28,1006,6.21,5.17,0.7,0.67,0.45,0.47,4.81,109.92
4698,5448,883482,1275819905,697,4.65,3.66,876,5.84,5.71,934,6.23,5.27,0.73,0.71,0.47,0.49,5.72,117.51
4699,7075,1460142,2119930852,702,4.88,3.57,891,6.19,5.92,911,6.33,5.69,0.76,0.74,0.43,0.45,6.11,119.35
4700,6688,1811405,2551094296,807,4.69,4.04,988,5.74,4.94,1068,6.21,5.76,0.71,0.68,0.43,0.45,3.03,118.21
4701,5274,54677,5046763,758,4.74,3.87,854,5.34,4.07,952,5.95,5.6,0.74,0.73,0.48,0.5,4.66,119.02
4702,4216,942815,1304305879,713,4.46,3.61,766,4.79,4.84,860,5.38,4.91,0.72,0.69,0.44,0.45,7.92,122.67
4703,5465,115099,9245459,717,4.6,3.49,863,5.53,4.02,954,6.12,5.09,0.74,0.72,0.46,0.48,6.83,123.69
4704,4439,69503,6069423,744,4.43,3.99,969,5.77,8.14,1034,6.15,9.09,0.78,0.76,0.46,0.47,7.61,119.72
4705,5175,20322,3876223,733,4.67,3.94,880,5.61,6.73,1030,6.56,7.74,0.66,0.62,0.44,0.45,6.29,115.15
4706,5194,182497,231658298,610,4.09,3.22,655,4.4,2.87,730,4.9,4.49,0.71,0.69,0.47,0.5,6.34,119.73
4707,4041,17356,3199804,610,4.49,4.35,607,4.46,3.7,754,5.54,5.76,0.68,0.67,0.48,0.51,10.86,107.35
4708,3474,951823,1321808393,529,3.7,3.15,556,3.89,3.25,658,4.6,4.34,0.75,0.74,0.48,0.5,9.23,110.24
4709,2792,13234,2909158,534,3.93,3.63,565,4.15,3.24,654,4.81,4.51,0.73,0.72,0.44,0.46,8.32,118.81
4710,2570,11564,2301709,431,3.22,3.02,477,3.56,3.72,566,4.22,4.32,0.63,0.61,0.5,0.51,7.04,102.25
4711,4110,16624,2626276,506,3.56,3.14,632,4.45,4.23,659,4.64,4.78,0.7,0.69,0.49,0.5,7.23,110.89
4712,3473,16296,3101307,466,3.53,2.97,541,4.1,3.93,581,4.4,4.08,0.63,0.63,0.49,0.5,8.15,107.16
4713,4228,20377,7689502,507,3.65,2.78,526,3.78,2.54,634,4.56,4.0,0.67,0.66,0.5,0.53,6.86,110.07
4714,3654,32621,18406326,520,3.91,3.27,636,4.78,4.5,667,5.02,4.57,0.68,0.66,0.48,0.5,5.33,112.54
4715,3459,21916,10242236,525,3.67,2.63,591,4.13,3.04,665,4.65,3.64,0.69,0.67,0.46,0.46,6.53,117.16
4716,3731,15253,2882396,612,4.22,2.93,775,5.34,4.2,755,5.21,3.92,0.74,0.73,0.47,0.48,7.8,116.45
4717,3854,18848,4714915,663,4.8,3.61,795,5.76,4.88,846,6.13,5.19,0.76,0.74,0.43,0.43,5.84,104.74
4718,2508,14117,2941403,637,4.45,3.11,753,5.27,4.59,804,5.62,4.52,0.75,0.72,0.42,0.42,6.04,117.87
4719,1243,10586,3472960,639,3.97,3.6,732,4.55,3.82,786,4.88,4.85,0.74,0.72,0.48,0.49,4.32,114.74
4720,1274,11006,2860007,585,4.01,3.48,683,4.68,4.68,721,4.94,4.6,0.68,0.64,0.42,0.42,5.42,121.08
4721,1515,11258,2333935,668,4.34,3.41,848,5.51,4.58,878,5.7,5.35,0.71,0.7,0.5,0.52,4.97,112.82
4722,1550,13717,2984063,637,4.25,3.37,863,5.75,6.54,783,5.22,4.73,0.65,0.65,0.46,0.47,5.16,110.95
4723,1511,12437,1974863,685,4.34,3.71,816,5.16,4.93,889,5.63,5.56,0.65,0.64,0.48,0.48,5.55,120.97
4724,1607,14208,4091433,692,4.52,3.83,810,5.29,4.87,887,5.8,5.77,0.64,0.61,0.48,0.48,6.19,120.04
4725,1678,10434,2093531,804,4.79,3.55,934,5.56,4.59,994,5.92,5.1,0.7,0.69,0.45,0.46,4.9,120.2
4726,1727,12824,2847643,814,4.9,3.76,973,5.86,4.36,1018,6.13,5.09,0.72,0.7,0.46,0.49,5.33,115.93
4727,1297,11624,2899147,613,4.29,3.52,644,4.5,3.67,767,5.36,5.27,0.67,0.66,0.46,0.48,4.69,117.41
4728,1354,13095,2435400,644,4.29,3.26,737,4.91,3.85,804,5.36,4.56,0.67,0.65,0.46,0.47,5.84,118.13
4729,1353,14839,5331496,688,4.59,3.3,737,4.91,3.7,861,5.74,4.88,0.67,0.65,0.44,0.48,4.24,126.4
4730,1259,17912,4385650,569,3.84,2.82,623,4.21,3.78,716,4.84,4.73,0.66,0.64,0.48,0.49,7.89,119.94
4731,1297,12274,2860276,554,3.96,3.11,707,5.05,5.15,714,5.1,4.71,0.71,0.69,0.46,0.48,6.02,116.63
4732,1130,11046,2620684,492,4.13,3.33,571,4.8,4.11,621,5.22,4.74,0.69,0.69,0.47,0.48,3.72,123.55
4733,956,10088,3134835,394,3.26,2.68,456,3.77,3.17,477,3.94,3.62,0.7,0.68,0.54,0.55,7.22,110.63
4734,996,8689,2659730,456,3.43,2.75,526,3.95,3.23,574,4.32,3.81,0.69,0.68,0.58,0.58,5.02,95.38
4735,1014,9091,1683319,483,3.63,2.68,533,4.01,3.46,609,4.58,3.97,0.66,0.64,0.5,0.52,9.9,112.91
4736,978,10033,4378171,473,3.48,2.72,531,3.9,3.19,607,4.46,3.77,0.69,0.67,0.49,0.5,5.17,110.48
4737,1059,13778,4346973,529,4.04,3.34,617,4.71,5.35,672,5.13,4.84,0.74,0.72,0.5,0.52,10.99,105.07
4738,1098,8860,2487040,539,3.74,3.26,641,4.45,3.2,652,4.53,4.38,0.72,0.69,0.45,0.46,5.86,113.93
4739,1131,10240,2834202,534,3.68,2.6,677,4.67,3.86,652,4.5,3.25,0.7,0.66,0.49,0.5,5.54,108.37
4740,1228,20308,4171086,626,4.2,3.29,703,4.72,3.88,743,4.99,4.2,0.76,0.74,0.48,0.49,6.88,120.34
4741,1229,9222,3231506,580,3.95,2.89,631,4.29,3.18,713,4.85,3.64,0.69,0.65,0.49,0.5,6.22,117.9
4742,1242,14066,2684913,585,4.03,3.32,630,4.34,3.24,741,5.11,4.58,0.76,0.74,0.5,0.52,8.27,110.51
4743,1436,34104,32532764,673,4.21,3.61,767,4.79,3.81,856,5.35,4.86,0.72,0.7,0.48,0.5,6.84,109.89
4744,1274,56676,67010111,592,4.17,2.95,656,4.62,3.18,720,5.07,4.17,0.76,0.74,0.47,0.48,6.17,118.82
4745,1347,2454248,3037138167,655,4.07,3.27,774,4.81,3.45,854,5.3,4.49,0.73,0.71,0.44,0.46,6.84,111.8
4746,1418,34956,31040257,625,3.96,3.08,786,4.97,3.91,818,5.18,4.36,0.76,0.73,0.47,0.5,6.8,115.36
4747,1508,11411,2232992,748,4.51,3.05,897,5.4,4.23,913,5.5,4.3,0.73,0.71,0.47,0.5,6.86,119.6
4748,1606,13599,3572731,716,4.68,3.71,909,5.94,5.87,912,5.96,5.23,0.75,0.74,0.49,0.5,5.5,116.94
4749,1925,22034,13224396,604,4.03,3.77,740,4.93,4.74,809,5.39,5.58,0.72,0.71,0.51,0.52,5.63,102.47
4750,1746,27878,20150477,699,4.14,3.31,823,4.87,4.21,920,5.44,4.81,0.73,0.71,0.46,0.47,5.63,115.86
4751,1840,17009,4618930,785,5.0,3.86,965,6.15,5.55,1044,6.65,5.56,0.73,0.7,0.48,0.49,5.9,120.96
4752,1836,16107,5615130,783,4.86,3.58,937,5.82,5.06,1034,6.42,5.67,0.8,0.78,0.46,0.48,3.87,121.78
4753,2033,21800,11135427,933,5.07,4.01,1123,6.1,6.16,1226,6.66,6.06,0.72,0.71,0.39,0.41,4.01,117.77
4754,1897,14526,2867631,868,4.82,4.32,1039,5.77,4.44,1105,6.14,5.65,0.76,0.75,0.45,0.47,3.61,114.63
4755,1491,15571,3230414,706,4.55,4.02,894,5.77,6.46,926,5.97,6.06,0.75,0.74,0.47,0.49,6.03,110.94
4756,1702,79762,75973072,609,3.95,3.19,676,4.39,3.59,761,4.94,4.91,0.74,0.72,0.5,0.51,4.5,113.49
4757,1510,57141,48617186,536,3.72,2.89,606,4.21,2.91,668,4.64,4.07,0.75,0.73,0.49,0.51,7.05,111.42
4758,1500,55362,47439947,543,3.69,3.41,555,3.78,2.37,680,4.63,4.78,0.73,0.71,0.49,0.49,4.76,113.63
4759,1033,21483,19161229,495,3.87,3.5,502,3.92,2.76,614,4.8,4.64,0.67,0.65,0.51,0.52,6.51,113.26
4760,1015,9375,2259484,463,3.36,2.68,492,3.57,2.11,589,4.27,3.67,0.76,0.75,0.5,0.5,8.74,107.03
4761,1150,22305,4964444,581,3.85,2.78,633,4.19,3.14,714,4.73,3.77,0.68,0.65,0.52,0.55,9.48,109.7
4762,1199,10499,2207830,534,3.42,2.59,621,3.98,3.63,684,4.38,3.85,0.72,0.69,0.54,0.55,6.98,103.88
4763,1270,108730,67682564,578,3.73,3.02,659,4.25,5.2,702,4.53,4.03,0.71,0.69,0.49,0.51,5.23,109.39
4764,1307,114599,108660295,658,3.68,2.63,717,4.01,2.62,822,4.59,3.69,0.72,0.68,0.5,0.52,6.29,111.9
4765,1347,757733,1032013387,625,3.93,3.18,685,4.31,2.89,772,4.86,4.7,0.74,0.72,0.47,0.5,4.18,117.69
4766,1423,12496,4666712,728,4.11,2.93,817,4.62,3.22,865,4.89,3.95,0.73,0.7,0.47,0.51,5.13,113.86
4767,1424,13409,2855016,676,4.05,3.04,750,4.49,3.27,850,5.09,4.76,0.71,0.69,0.5,0.54,7.1,115.41
4768,1332,10853,3019408,620,3.97,3.06,699,4.48,3.52,782,5.01,4.45,0.69,0.67,0.47,0.5,6.55,113.99
4769,1307,12541,3748022,618,4.01,2.87,747,4.85,4.51,760,4.94,3.89,0.74,0.73,0.49,0.52,7.86,107.73
4770,1486,652786,961659214,698,4.26,3.06,874,5.33,4.47,900,5.49,4.59,0.73,0.72,0.47,0.49,5.04,108.83
4771,1701,14803,4427236,843,4.63,3.58,1077,5.92,6.67,1020,5.6,4.82,0.72,0.7,0.47,0.49,5.85,117.27
4772,1576,25729,16980989,787,4.55,3.3,963,5.57,5.1,961,5.55,4.5,0.73,0.72,0.44,0.46,6.26,112.56
4773,1862,16776,3801390,865,5.0,3.51,1227,7.09,6.94,1087,6.28,4.96,0.76,0.74,0.48,0.5,5.11,102.6
4774,1780,16810,4358381,791,4.6,3.37,1163,6.76,8.0,1000,5.81,4.73,0.74,0.72,0.47,0.5,5.52,116.94
4775,1517,14774,3650287,684,4.38,3.61,914,5.86,5.95,850,5.45,5.44,0.75,0.73,0.45,0.46,6.66,118.32
4776,1559,15120,4632355,761,4.48,3.52,890,5.24,4.04,955,5.62,4.88,0.71,0.7,0.45,0.47,5.21,117.85
4777,1705,14460,3687168,831,4.8,3.14,1072,6.2,5.3,1080,6.24,4.8,0.73,0.7,0.45,0.48,3.48,112.35
4778,1334,13771,4067716,693,4.2,3.39,790,4.79,3.49,860,5.21,4.59,0.73,0.71,0.49,0.51,4.57,108.29
4779,1077,10566,2885575,564,3.69,2.97,639,4.18,2.97,707,4.62,3.93,0.69,0.67,0.48,0.5,5.08,106.1
4780,1022,8126,1916079,532,3.75,2.69,598,4.21,2.97,654,4.61,3.78,0.65,0.63,0.49,0.51,7.24,114.9
4781,1044,67688,68582594,535,3.69,3.1,631,4.35,3.7,710,4.9,4.4,0.73,0.71,0.49,0.5,5.75,107.08
4782,1097,54610,53285342,603,4.05,3.21,732,4.91,3.96,759,5.09,4.46,0.74,0.73,0.48,0.51,6.92,102.58
4783,1080,1316999,1776614089,531,3.71,2.9,587,4.1,2.98,651,4.55,4.19,0.69,0.68,0.48,0.5,9.28,113.26
4784,1050,12615,5385036,553,3.48,2.69,563,3.54,2.79,684,4.3,3.57,0.64,0.62,0.5,0.52,7.33,111.74
4785,997,41416,41649868,558,3.38,2.69,560,3.39,2.05,675,4.09,3.64,0.67,0.66,0.46,0.49,9.37,108.74
4786,984,11699,3690423,546,3.48,2.9,599,3.82,2.51,683,4.35,4.21,0.71,0.68,0.48,0.51,7.63,110.6
4787,1060,11287,5261322,621,3.91,2.87,665,4.18,2.37,783,4.92,4.0,0.77,0.75,0.43,0.44,10.26,116.64
4788,1164,12396,2301524,679,4.35,3.54,754,4.83,4.11,853,5.47,4.69,0.71,0.69,0.47,0.48,9.33,111.82
4789,1189,14626,7358225,673,4.13,2.97,743,4.56,3.4,853,5.23,4.23,0.7,0.66,0.42,0.44,9.05,110.9
4790,1351,43445,26328763,677,4.15,3.21,846,5.19,4.62,846,5.19,4.61,0.73,0.7,0.41,0.43,12.08,104.38
4791,1424,15132,4045232,691,4.06,3.13,874,5.14,5.44,928,5.46,4.93,0.69,0.66,0.42,0.43,9.8,101.19
4792,1033,13844,7768949,547,3.8,3.04,543,3.77,2.11,677,4.7,3.98,0.68,0.65,0.45,0.46,11.25,106.31
4793,1204,11147,2490733,626,3.99,3.2,722,4.6,4.69,794,5.06,4.6,0.74,0.72,0.45,0.46,8.47,104.79
4794,1292,12621,1840494,693,4.17,3.31,804,4.84,3.72,903,5.44,4.96,0.72,0.7,0.46,0.48,8.7,108.51
4795,1255,21857,2501780,621,3.96,3.32,726,4.62,3.99,794,5.06,4.64,0.71,0.7,0.5,0.5,10.95,100.18
4796,1148,13279,3405243,553,3.66,2.57,663,4.39,3.92,734,4.86,3.74,0.69,0.66,0.44,0.47,6.6,105.95
4797,1287,11597,2699669,616,4.22,3.37,749,5.13,4.9,784,5.37,4.85,0.69,0.66,0.45,0.48,7.23,118.43
4798,1335,11642,1857458,687,4.16,3.27,868,5.26,5.53,912,5.53,5.14,0.75,0.71,0.43,0.44,6.37,108.56
4799,1344,13374,2771303,719,4.41,3.45,820,5.03,3.75,914,5.61,5.12,0.72,0.7,0.44,0.46,8.08,107.3
4800,1291,9932,2409718,679,4.07,3.33,738,4.42,2.87,858,5.14,4.83,0.71,0.69,0.45,0.48,6.8,114.98
4801,1199,9746,2168461,638,4.28,3.33,691,4.64,3.01,790,5.3,4.71,0.72,0.7,0.44,0.46,8.37,111.76
4802,1245,12338,2662628,635,4.1,3.63,793,5.12,4.72,810,5.23,5.15,0.73,0.72,0.48,0.5,9.23,109.59
4803,905,7737,1477291,490,3.68,3.19,494,3.71,1.95,613,4.61,4.28,0.71,0.69,0.45,0.44,8.82,113.77
4804,818,8153,1693300,473,3.56,2.93,457,3.44,2.1,577,4.34,3.98,0.64,0.63,0.5,0.52,7.27,106.56
4805,883,10018,3134724,492,4.1,2.96,565,4.71,3.05,656,5.47,3.95,0.75,0.73,0.43,0.46,11.55,124.92
4806,902,8608,2049995,495,3.87,2.63,604,4.72,2.5,678,5.3,3.78,0.76,0.72,0.44,0.48,9.85,132.34
4807,871,7209,1228213,500,4.39,3.28,575,5.04,3.55,658,5.77,4.5,0.8,0.78,0.46,0.51,8.65,138.9
4808,679,4901,769647,393,3.97,2.73,427,4.31,2.54,505,5.1,3.75,0.78,0.74,0.42,0.46,7.79,134.55
4809,981,59542,22814973,569,4.04,2.84,689,4.89,2.88,742,5.26,3.93,0.82,0.79,0.45,0.47,8.06,133.25
4810,878,6271,1157068,493,4.18,2.57,569,4.82,2.92,650,5.51,3.56,0.74,0.69,0.4,0.42,7.7,135.54
4811,1171,78189,91001658,637,4.52,3.23,803,5.7,3.79,847,6.01,4.42,0.8,0.75,0.42,0.46,8.85,146.31
4812,922,80279,14244425,505,4.17,2.9,541,4.47,2.3,650,5.37,3.93,0.74,0.68,0.39,0.42,6.5,146.59
4813,1164,10285,2357191,642,4.46,3.08,762,5.29,3.15,865,6.01,4.39,0.82,0.79,0.41,0.44,6.76,145.43
4814,965,9968,3610125,507,4.49,3.44,604,5.35,3.44,692,6.12,4.89,0.76,0.73,0.39,0.42,7.16,138.62
4815,1117,8754,2162790,540,4.09,3.07,717,5.43,3.55,749,5.67,4.44,0.81,0.76,0.37,0.41,4.98,147.3
4816,1069,9808,2384794,534,3.93,2.51,695,5.11,2.65,743,5.46,3.69,0.8,0.76,0.4,0.45,6.32,141.18
4817,1238,10756,1799464,550,4.26,2.78,856,6.64,4.74,764,5.92,4.22,0.8,0.77,0.4,0.44,6.56,138.44
4818,1249,10130,2957956,573,4.09,2.81,802,5.73,3.77,809,5.78,4.24,0.78,0.76,0.41,0.44,6.11,142.52
4819,1130,6944,1123988,580,4.14,2.71,712,5.09,2.65,778,5.56,3.78,0.77,0.73,0.39,0.44,8.25,152.14
4820,1429,12353,2030939,713,4.99,3.25,1017,7.11,6.17,1002,7.01,5.41,0.86,0.82,0.4,0.45,5.39,137.15
4821,1427,10945,1973002,712,4.94,3.06,951,6.6,4.29,985,6.84,4.68,0.81,0.79,0.41,0.43,6.93,140.43
4822,1209,8335,1472797,660,4.85,3.33,821,6.04,4.68,871,6.4,4.93,0.78,0.75,0.38,0.42,5.9,144.67
4823,1285,9281,1998643,645,4.57,3.07,836,5.93,3.81,922,6.54,4.56,0.75,0.7,0.43,0.48,5.76,143.43
4824,1256,9007,2144533,648,4.53,2.89,828,5.79,4.21,858,6.0,4.07,0.82,0.79,0.39,0.42,7.05,147.54
4825,1255,9186,2045454,634,4.88,3.4,762,5.86,3.19,877,6.75,4.61,0.81,0.77,0.4,0.45,5.02,150.17
4826,1424,11995,2188417,711,4.87,3.24,953,6.53,4.32,985,6.75,5.04,0.8,0.76,0.4,0.44,5.38,140.08
4827,1121,9186,1514008,554,4.13,3.04,669,4.99,2.56,762,5.69,4.48,0.77,0.74,0.41,0.45,5.74,141.44
4828,1246,10709,2612395,595,4.34,3.29,811,5.92,4.04,809,5.91,4.37,0.81,0.79,0.38,0.43,6.1,142.48
4829,1090,7263,1695684,561,4.12,2.99,675,4.96,2.4,745,5.48,3.78,0.8,0.76,0.41,0.46,3.78,145.76
4830,1163,8094,1761067,600,4.32,3.27,735,5.29,2.73,839,6.04,4.74,0.8,0.75,0.39,0.42,2.78,140.94
4831,1026,8552,1746922,532,4.36,2.98,618,5.07,2.45,741,6.07,4.25,0.79,0.76,0.4,0.45,4.92,151.76
4832,931,11586,9024867,481,4.22,2.93,554,4.86,2.78,648,5.68,4.05,0.76,0.71,0.41,0.45,4.03,145.96
4833,1041,9009,1543301,536,4.22,3.12,638,5.02,2.81,741,5.83,4.13,0.79,0.74,0.43,0.47,4.07,145.35
4834,945,6416,1073821,520,4.16,2.71,571,4.57,2.53,675,5.4,4.01,0.76,0.72,0.45,0.46,4.5,133.1
4835,1072,10495,2089209,568,3.76,3.31,583,3.86,2.28,718,4.75,4.88,0.7,0.67,0.46,0.47,4.99,111.44
4836,1298,12878,2274845,655,4.17,3.76,790,5.03,4.44,885,5.64,5.61,0.76,0.74,0.49,0.51,3.83,103.09
4837,1390,14930,5358138,754,4.46,3.39,873,5.17,4.12,987,5.84,5.26,0.75,0.73,0.46,0.48,5.03,105.32
4838,1120,12446,4691658,576,3.79,3.36,652,4.29,4.29,724,4.76,4.95,0.8,0.79,0.48,0.49,6.85,106.36
4839,1282,12308,3908067,637,4.14,3.78,756,4.91,3.75,832,5.4,5.05,0.73,0.7,0.46,0.47,3.25,99.57
4840,955,7626,1617943,518,3.92,3.48,525,3.98,2.84,640,4.85,4.64,0.7,0.68,0.48,0.5,4.34,107.29
4841,1030,10097,2488148,554,4.01,3.33,574,4.16,3.14,687,4.98,4.8,0.78,0.76,0.49,0.51,5.86,115.3
4842,1342,14205,2870030,678,4.08,3.36,800,4.82,3.82,865,5.21,4.86,0.74,0.71,0.47,0.49,5.18,111.4
4843,1236,12540,2135359,632,4.16,3.3,706,4.64,3.54,803,5.28,4.75,0.75,0.74,0.46,0.49,7.33,109.2
4844,1305,11684,2598652,633,4.4,3.72,765,5.31,5.15,844,5.86,5.65,0.74,0.71,0.47,0.5,3.55,109.99
4845,1344,14197,2737405,668,4.61,3.44,796,5.49,4.69,827,5.7,4.89,0.78,0.76,0.46,0.48,7.18,103.98
4846,1168,9998,1810708,593,3.95,3.46,658,4.39,3.38,736,4.91,4.74,0.71,0.69,0.48,0.5,4.66,107.53
4847,1371,13841,2419503,696,4.61,3.87,806,5.34,3.65,872,5.77,5.41,0.78,0.76,0.42,0.44,4.99,113.92
4848,1120,13069,6397734,610,4.3,3.83,604,4.25,3.14,768,5.41,5.44,0.71,0.67,0.49,0.5,4.39,114.42
4849,1243,32480,29267562,610,4.24,3.61,696,4.83,3.99,800,5.56,5.49,0.77,0.75,0.44,0.46,4.04,111.4
4850,1147,8883,2318122,617,4.09,2.97,692,4.58,2.97,746,4.94,4.1,0.74,0.7,0.43,0.46,4.61,111.23
4851,1201,12938,3223472,609,4.29,3.28,692,4.87,3.55,765,5.39,4.65,0.75,0.72,0.5,0.5,5.77,109.84
4852,1183,13402,3243119,621,4.17,3.72,663,4.45,3.42,779,5.23,5.18,0.71,0.69,0.47,0.48,6.42,106.71
4853,1280,12115,2282699,692,4.27,3.35,736,4.54,3.01,880,5.43,4.79,0.75,0.72,0.44,0.46,8.87,105.9
4854,1236,11489,2412610,624,4.0,3.66,693,4.44,4.19,826,5.29,5.29,0.65,0.61,0.47,0.49,9.13,108.08
4855,1475,11341,2668125,708,4.24,3.52,734,4.4,3.27,931,5.57,4.98,0.64,0.62,0.44,0.46,8.25,124.68
4856,1191,10646,2192620,600,3.97,3.3,687,4.55,4.1,782,5.18,4.7,0.71,0.7,0.46,0.49,8.32,103.76
4857,1220,11413,2687472,627,3.99,3.2,716,4.56,3.31,824,5.25,4.34,0.71,0.68,0.46,0.48,8.62,108.21
4858,1204,11497,2526126,623,4.24,3.08,694,4.72,3.34,831,5.65,4.54,0.68,0.65,0.45,0.47,8.91,107.45
4859,1214,10315,1752674,642,4.17,3.44,717,4.66,3.8,813,5.28,4.72,0.73,0.7,0.47,0.48,8.63,111.93
4860,1265,12738,2700061,698,4.45,3.38,752,4.79,3.13,890,5.67,4.64,0.75,0.72,0.45,0.46,8.48,116.67
4861,1159,11757,3039370,586,3.99,3.44,666,4.53,3.45,741,5.04,4.38,0.75,0.72,0.48,0.49,7.18,102.76
4862,1172,10918,2026973,640,4.1,2.93,675,4.33,3.36,808,5.18,4.03,0.72,0.7,0.44,0.45,8.25,112.4
4863,1173,12398,2850120,617,3.83,3.28,682,4.24,2.94,792,4.92,4.63,0.74,0.72,0.49,0.51,10.31,112.41
4864,1302,11649,2708703,613,3.93,3.03,785,5.03,4.53,811,5.2,4.31,0.76,0.74,0.46,0.48,5.61,105.69
4865,1220,13741,1960420,629,3.81,3.25,719,4.36,3.56,789,4.78,4.45,0.72,0.7,0.48,0.5,10.59,103.29
4866,1255,11693,2363267,623,3.97,3.29,727,4.63,3.71,772,4.92,4.48,0.72,0.69,0.46,0.49,9.64,104.6
4867,1250,11310,1563333,635,4.1,3.66,677,4.37,3.27,824,5.32,4.93,0.71,0.68,0.49,0.5,9.47,100.31
4868,1415,15883,3400376,655,4.07,3.8,819,5.09,4.96,855,5.31,5.21,0.73,0.72,0.47,0.49,9.65,102.06
4869,1565,13364,2989235,750,4.6,3.97,887,5.44,5.91,1005,6.17,5.77,0.68,0.65,0.43,0.45,6.84,103.25
4870,1362,11505,2146576,702,4.31,3.7,821,5.04,4.91,890,5.46,5.03,0.72,0.69,0.46,0.48,10.11,107.95
4871,1187,9171,1835596,656,4.18,3.22,694,4.42,2.54,810,5.16,4.4,0.73,0.7,0.45,0.48,7.12,110.25
4872,1537,14401,2756597,746,4.49,3.46,977,5.89,5.32,962,5.8,4.95,0.75,0.74,0.47,0.5,7.11,109.03
4873,1161,9715,1819023,588,3.97,3.52,641,4.33,3.34,752,5.08,5.1,0.71,0.68,0.47,0.48,8.98,106.99
4874,1181,29665,24962663,648,4.44,2.94,747,5.12,3.77,787,5.39,4.33,0.76,0.73,0.46,0.49,9.29,104.16
4875,1109,11381,2299787,566,4.04,3.04,718,5.13,4.35,717,5.12,4.06,0.74,0.73,0.47,0.49,6.6,101.13
4876,770,22289,19991723,419,3.52,3.13,471,3.96,3.08,515,4.33,4.15,0.74,0.73,0.49,0.5,7.07,109.71
4877,763,29591,32542402,416,3.53,3.17,403,3.42,2.24,525,4.45,4.65,0.69,0.66,0.49,0.51,4.53,97.88
4878,839,13043,6806251,450,3.66,3.39,496,4.03,3.01,608,4.94,5.0,0.76,0.74,0.51,0.51,7.74,97.49
4879,1007,37174,38580064,512,3.74,2.97,602,4.39,3.58,656,4.79,4.27,0.76,0.73,0.5,0.51,6.65,106.2
4880,787,8487,2885083,441,3.22,3.0,466,3.4,2.43,524,3.82,3.76,0.7,0.69,0.5,0.51,6.6,93.9
4881,826,10518,3918297,439,3.46,3.27,482,3.8,2.97,586,4.61,5.2,0.75,0.73,0.49,0.51,6.65,104.28
4882,826,13126,5459001,399,3.35,3.06,503,4.23,3.69,542,4.55,4.97,0.74,0.72,0.48,0.5,6.96,99.9
4883,873,10019,3625724,467,3.59,3.08,536,4.12,3.73,569,4.38,4.12,0.76,0.76,0.5,0.53,4.45,104.21
4884,816,16632,10423317,475,3.37,2.73,456,3.23,2.2,570,4.04,3.75,0.7,0.7,0.52,0.55,7.56,101.63
4885,843,12136,4802012,477,3.67,3.07,493,3.79,2.79,584,4.49,3.99,0.71,0.69,0.51,0.54,5.96,104.13
4886,943,9355,2340309,500,3.6,3.15,518,3.73,2.58,651,4.68,4.41,0.73,0.71,0.47,0.47,5.97,115.31
4887,1124,77231,48321740,620,4.19,3.5,680,4.59,3.29,770,5.2,4.97,0.71,0.68,0.46,0.48,6.63,108.61
4888,1025,44214,9868954,523,3.61,3.14,618,4.26,3.41,667,4.6,4.47,0.74,0.73,0.48,0.51,8.43,107.32
4889,1057,19750,13339820,538,3.82,3.11,583,4.13,2.82,681,4.83,4.41,0.72,0.7,0.46,0.47,6.92,106.11
4890,1132,46598,8764472,613,4.38,3.41,685,4.89,4.27,765,5.46,4.9,0.7,0.69,0.5,0.52,6.25,111.04
4891,1189,11251,2771475,659,4.02,3.25,726,4.43,3.37,804,4.9,4.56,0.75,0.73,0.46,0.47,4.18,113.43
4892,1390,79380,95041003,728,4.21,3.71,816,4.72,3.33,920,5.32,5.25,0.71,0.69,0.47,0.49,4.8,109.0
4893,1326,70249,86451364,696,4.24,3.58,762,4.65,3.71,859,5.24,4.96,0.72,0.7,0.48,0.49,3.83,120.2
4894,1585,37637,30729666,834,5.02,3.96,1012,6.1,5.19,1044,6.29,5.8,0.76,0.75,0.47,0.5,5.19,110.79
4895,1486,21758,15053175,753,4.74,4.03,917,5.77,5.56,932,5.86,5.52,0.73,0.69,0.46,0.47,5.29,100.29
4896,1445,13035,3037927,750,4.63,3.39,908,5.6,4.66,949,5.86,4.84,0.75,0.73,0.45,0.46,4.98,113.74
4897,1397,11461,2253259,760,4.78,3.47,924,5.81,4.83,945,5.94,4.87,0.77,0.76,0.47,0.49,4.86,109.34
4898,1256,12028,3023282,723,4.3,3.16,827,4.92,3.25,885,5.27,4.3,0.83,0.8,0.48,0.5,5.81,111.15
4899,1019,10563,4008971,558,3.67,3.08,634,4.17,3.82,703,4.62,4.14,0.72,0.71,0.52,0.55,3.72,103.42
4900,1132,410683,556437702,546,3.69,2.81,786,5.31,7.38,650,4.39,3.79,0.78,0.75,0.5,0.51,3.42,103.74
4901,990,19510,15390311,438,3.71,3.31,636,5.39,8.55,556,4.71,4.94,0.69,0.67,0.52,0.52,3.17,100.65
4902,941,21951,22955024,438,3.24,3.06,628,4.65,8.11,523,3.87,3.78,0.77,0.77,0.52,0.53,3.9,105.15
4903,740,8863,4416721,411,3.24,2.93,428,3.37,2.76,490,3.86,3.96,0.73,0.72,0.55,0.57,3.56,97.36
4904,893,826577,1080432425,507,3.73,3.03,538,3.96,2.46,614,4.51,3.74,0.82,0.82,0.48,0.49,7.08,104.04
4905,1053,106003,127626350,579,3.76,2.95,655,4.25,3.22,715,4.64,4.17,0.76,0.74,0.51,0.52,6.85,104.98
4906,1000,23756,19246757,543,3.93,3.26,652,4.72,4.78,718,5.2,5.18,0.72,0.7,0.51,0.52,4.63,102.12
4907,957,8283,1803232,543,3.8,3.13,584,4.08,2.59,693,4.85,4.46,0.77,0.76,0.48,0.49,8.43,109.07
4908,952,28613,27678301,564,3.76,2.98,574,3.83,2.44,664,4.43,4.24,0.72,0.7,0.46,0.47,6.65,115.31
4909,1022,13675,5782122,571,4.02,3.38,599,4.22,3.55,709,4.99,4.73,0.77,0.75,0.49,0.5,7.6,103.53
4910,974,8346,1629419,523,3.44,2.89,550,3.62,2.67,632,4.16,3.83,0.75,0.73,0.48,0.47,7.44,105.75
4911,1136,13219,2335182,566,3.58,3.16,655,4.15,3.25,735,4.65,4.49,0.74,0.7,0.5,0.52,7.51,102.0
4912,1188,12699,2432137,552,3.81,3.18,713,4.92,4.15,729,5.03,4.66,0.78,0.77,0.51,0.52,7.05,98.02
4913,1357,11404,2292447,626,4.41,3.1,919,6.47,13.32,777,5.47,4.42,0.78,0.76,0.42,0.43,5.48,116.56
4914,1111,12863,3817198,605,4.29,3.64,677,4.8,3.27,754,5.35,4.97,0.8,0.8,0.46,0.46,6.5,111.47
4915,1157,11492,2177787,639,4.32,3.15,762,5.15,4.15,820,5.54,4.45,0.76,0.74,0.46,0.47,5.08,110.03
4916,1210,10951,2816141,630,4.26,3.24,783,5.29,3.87,778,5.26,4.25,0.8,0.77,0.44,0.45,3.98,114.01
4917,1366,11699,2126183,701,4.8,3.49,886,6.07,5.94,891,6.1,5.46,0.76,0.74,0.46,0.47,3.91,106.11
4918,1349,11252,1925058,665,4.59,3.15,839,5.79,5.46,885,6.1,5.23,0.78,0.76,0.46,0.47,4.74,109.26
4919,1484,14649,4755160,792,4.95,4.01,1001,6.26,7.06,1011,6.32,6.15,0.78,0.76,0.48,0.5,4.19,114.58
4920,1421,15331,3327234,792,5.01,3.58,966,6.11,5.7,1001,6.34,5.38,0.77,0.74,0.43,0.44,4.59,118.53
4921,1241,10428,1693517,691,4.49,3.14,753,4.89,3.1,841,5.46,4.64,0.78,0.76,0.44,0.47,4.74,121.66
4922,1439,12702,2703667,791,5.01,3.55,966,6.11,6.03,972,6.15,5.06,0.8,0.78,0.45,0.47,4.63,113.88
4923,1224,11225,2665756,690,4.69,3.32,794,5.4,3.84,855,5.82,4.65,0.82,0.79,0.43,0.44,3.8,114.58
4924,1159,9582,2228638,644,4.63,3.31,750,5.4,3.71,789,5.68,4.52,0.76,0.73,0.44,0.46,3.14,113.03
4925,1054,8748,1509246,589,4.27,3.02,648,4.7,3.34,725,5.25,4.01,0.7,0.68,0.48,0.49,10.77,111.94
4926,1073,8291,1349467,599,4.25,3.56,652,4.62,3.66,731,5.18,4.79,0.77,0.75,0.46,0.49,8.19,110.47
4927,1163,9815,1671667,606,4.52,2.86,777,5.8,4.35,777,5.8,4.2,0.82,0.8,0.47,0.49,6.17,110.04
4928,981,8320,1325667,539,3.88,2.88,587,4.22,3.35,672,4.83,3.94,0.71,0.68,0.48,0.5,8.57,116.58
4929,1002,7748,1241390,567,4.2,3.15,638,4.73,3.34,699,5.18,4.21,0.75,0.72,0.49,0.5,8.9,114.04
4930,1132,8905,1403529,631,4.38,3.19,746,5.18,4.61,782,5.43,4.73,0.75,0.72,0.47,0.48,6.91,110.14
4931,1192,9903,1881126,680,4.22,3.13,765,4.75,3.53,879,5.46,4.38,0.74,0.7,0.45,0.47,5.61,110.91
4932,1038,8894,1606279,575,4.36,3.07,671,5.08,4.54,736,5.58,4.54,0.73,0.7,0.47,0.46,6.82,108.89
4933,1113,13702,3552023,624,4.11,3.02,680,4.47,3.27,776,5.11,4.35,0.69,0.66,0.46,0.48,9.43,112.27
4934,832,8950,2673282,460,3.74,3.25,452,3.67,2.0,545,4.43,4.34,0.73,0.71,0.48,0.48,8.66,119.23
4935,1041,9008,2200726,592,3.77,2.86,661,4.21,3.14,727,4.63,3.78,0.74,0.72,0.49,0.5,6.5,106.52
4936,1083,28051,28689640,603,4.07,2.93,700,4.73,3.57,781,5.28,4.37,0.74,0.71,0.44,0.45,7.94,111.53
4937,1029,10500,2859970,575,3.89,2.93,628,4.24,3.21,710,4.8,4.09,0.73,0.71,0.47,0.48,8.2,114.71
4938,1043,9940,2204626,565,4.45,2.96,643,5.06,4.17,725,5.71,4.46,0.78,0.78,0.49,0.49,9.49,110.88
4939,1008,8599,1889292,573,4.04,3.2,627,4.42,3.32,696,4.9,4.34,0.69,0.67,0.49,0.5,7.11,115.31
4940,1111,8999,1708201,653,4.57,3.5,716,5.01,3.43,775,5.42,4.51,0.74,0.69,0.44,0.42,8.96,110.37
4941,1106,8216,1651346,609,3.93,2.82,687,4.43,3.33,748,4.83,4.1,0.73,0.71,0.46,0.48,5.78,109.9
4942,1088,11110,2956705,600,4.29,3.32,642,4.59,2.92,751,5.36,4.42,0.72,0.69,0.46,0.47,6.89,112.77
4943,1128,11282,2780641,612,4.25,3.0,709,4.92,3.48,790,5.49,4.39,0.77,0.75,0.43,0.44,5.23,104.0
4944,1130,11133,2868524,606,4.07,3.45,661,4.44,3.65,784,5.26,4.88,0.72,0.7,0.47,0.48,7.89,109.53
4945,1158,11098,2357063,622,4.54,3.62,657,4.8,3.54,786,5.74,5.2,0.73,0.68,0.45,0.46,7.64,111.76
4946,969,8073,1420703,550,4.04,3.1,544,4.0,2.51,673,4.95,4.16,0.69,0.67,0.51,0.54,7.83,113.95
4947,1012,10501,2638506,564,4.21,3.31,629,4.69,4.61,698,5.21,4.37,0.68,0.65,0.43,0.44,8.11,117.11
4948,891,9959,2577256,444,3.67,3.09,568,4.69,5.9,530,4.38,4.19,0.7,0.68,0.5,0.49,4.81,107.15
4949,848,6624,1051467,454,3.66,2.9,567,4.57,4.87,564,4.55,4.05,0.72,0.69,0.5,0.53,3.38,116.69
4950,750,6779,2195436,453,3.91,3.46,450,3.88,2.84,545,4.7,4.26,0.71,0.69,0.49,0.49,4.75,106.94
4951,915,7777,2341556,499,3.75,3.52,534,4.02,2.63,625,4.7,4.95,0.76,0.73,0.52,0.54,3.31,113.02
4952,649,6483,1011684,344,3.37,2.56,343,3.36,1.91,398,3.9,3.25,0.8,0.78,0.51,0.54,6.55,120.21
4953,757,7470,1618992,390,3.58,2.67,387,3.55,2.11,476,4.37,3.94,0.74,0.7,0.5,0.51,6.93,124.86
4954,888,72432,35881736,447,3.82,3.13,439,3.75,2.27,533,4.56,4.18,0.74,0.72,0.49,0.52,6.48,117.36
4955,928,10405,3721288,432,3.96,3.39,407,3.73,2.17,518,4.75,4.54,0.76,0.73,0.43,0.46,8.33,120.66
4956,942,88305,15985619,471,3.8,3.43,434,3.5,2.11,565,4.56,4.88,0.72,0.7,0.51,0.54,6.59,128.64
4957,1130,49512,9180197,559,4.44,3.91,542,4.3,2.27,675,5.36,5.3,0.74,0.7,0.44,0.45,6.15,141.3
4958,1116,85876,14229200,550,4.55,3.55,537,4.44,2.61,642,5.31,4.81,0.77,0.73,0.45,0.47,7.63,125.35
4959,1028,11383,1638146,480,3.84,3.62,441,3.53,2.06,584,4.67,5.05,0.69,0.65,0.5,0.52,6.98,124.43
4960,1092,9400,2026285,476,4.29,3.57,461,4.15,2.51,590,5.32,5.18,0.69,0.66,0.45,0.47,3.62,124.3
4961,978,10337,1836123,436,3.86,3.51,425,3.76,2.15,540,4.78,4.89,0.7,0.69,0.48,0.5,5.51,115.75
4962,1028,11201,1883243,443,3.63,3.39,432,3.54,1.86,546,4.48,4.94,0.72,0.71,0.5,0.54,7.18,120.49
4963,970,10492,1639389,427,3.92,3.8,410,3.76,2.33,515,4.72,5.15,0.67,0.63,0.47,0.48,6.87,123.22
4964,1015,10979,1934734,406,4.02,4.12,358,3.54,2.05,499,4.94,5.95,0.71,0.69,0.45,0.45,6.75,120.24
4965,1208,11335,2143661,509,3.86,3.7,502,3.8,2.33,626,4.74,5.13,0.71,0.68,0.48,0.5,7.55,126.9
4966,1338,17675,9224978,592,4.39,3.47,618,4.58,3.02,729,5.4,5.42,0.75,0.72,0.48,0.5,6.67,121.87
4967,1318,12488,2032220,609,4.35,3.63,643,4.59,3.11,749,5.35,5.62,0.74,0.7,0.51,0.51,4.96,124.39
4968,1300,12618,2858525,576,4.36,3.62,616,4.67,2.66,738,5.59,5.32,0.75,0.74,0.53,0.56,6.01,116.54
4969,1194,10131,1807016,553,3.81,3.72,544,3.75,2.36,669,4.61,5.19,0.71,0.7,0.49,0.5,5.09,117.0
4970,1043,12964,2230843,496,3.76,3.4,504,3.82,2.16,620,4.7,5.39,0.76,0.75,0.5,0.5,7.76,115.16
4971,938,9648,1599774,421,3.31,3.08,417,3.28,2.45,512,4.03,4.26,0.63,0.62,0.55,0.55,5.03,101.4
4972,901,72377,92122890,430,3.58,2.93,456,3.8,2.71,512,4.27,4.15,0.67,0.68,0.54,0.56,6.23,95.71
4973,947,10021,2574620,457,3.54,3.0,530,4.11,3.41,545,4.22,4.14,0.77,0.76,0.58,0.6,10.32,100.23
4974,876,11345,1831634,445,3.5,3.18,438,3.45,2.21,550,4.33,5.32,0.81,0.8,0.5,0.51,14.12,113.72
4975,876,12174,2218693,440,3.49,2.94,431,3.42,2.33,536,4.25,4.21,0.73,0.71,0.51,0.52,15.25,120.14
4976,920,8346,1597830,477,3.56,2.86,474,3.54,2.22,567,4.23,4.07,0.7,0.67,0.51,0.53,11.94,113.6
4977,911,11892,2016001,453,3.54,2.85,445,3.48,2.33,532,4.16,3.78,0.71,0.68,0.51,0.52,10.0,126.27
4978,924,128312,140795464,450,3.63,3.08,452,3.65,1.94,543,4.38,4.58,0.75,0.74,0.47,0.48,12.0,124.42
4979,1128,14570,2806520,570,3.96,3.07,578,4.01,2.21,679,4.72,4.48,0.74,0.71,0.48,0.49,11.48,124.23
4980,1032,1490047,1870100939,532,3.83,3.18,509,3.66,1.95,624,4.49,4.74,0.76,0.73,0.55,0.57,8.71,129.93
4981,1188,12955,3278494,600,4.14,3.2,612,4.22,2.27,709,4.89,4.57,0.79,0.76,0.47,0.5,7.85,132.73
4982,1177,15060,2620165,539,4.05,3.17,552,4.15,2.76,649,4.88,4.72,0.79,0.78,0.49,0.51,11.06,127.75
4983,1138,11862,3234033,518,3.92,3.34,528,4.0,4.54,601,4.55,4.66,0.7,0.66,0.45,0.48,8.17,127.44
4984,1094,12413,2511910,485,4.04,2.97,520,4.33,2.91,588,4.9,4.59,0.79,0.77,0.47,0.49,10.22,128.86
4985,1017,10796,4036248,486,3.86,3.13,442,3.51,1.68,573,4.55,4.57,0.75,0.72,0.49,0.51,7.31,129.6
4986,1268,11825,2975179,614,4.32,3.36,686,4.83,3.46,769,5.42,4.92,0.79,0.78,0.45,0.48,8.17,122.37
4987,1133,11190,1917846,506,3.86,2.95,573,4.37,2.85,607,4.63,4.32,0.73,0.72,0.42,0.44,6.83,121.82
4988,1264,13586,2412474,581,4.3,3.54,661,4.9,3.77,709,5.25,5.34,0.76,0.74,0.43,0.43,7.84,124.82
4989,1230,28232,28261114,593,4.43,3.56,568,4.24,2.18,688,5.13,5.08,0.76,0.74,0.45,0.47,6.3,132.04
4990,1319,145894,191030252,609,4.26,3.36,579,4.05,2.36,760,5.31,5.5,0.7,0.67,0.43,0.44,8.42,126.32
4991,1301,12819,2391821,593,4.53,3.43,633,4.83,3.27,724,5.53,5.14,0.73,0.7,0.4,0.42,8.79,133.02
4992,1616,13358,2469858,750,5.28,3.96,740,5.21,3.05,1024,7.21,8.45,0.75,0.73,0.42,0.42,12.0,133.77
4993,1428,11476,1791109,642,4.94,4.21,583,4.48,2.68,867,6.67,8.46,0.73,0.71,0.47,0.47,15.84,127.0
4994,1576,28172,24012697,690,4.86,4.6,656,4.62,2.99,978,6.89,9.64,0.7,0.68,0.48,0.52,13.65,124.22
4995,1553,12742,2297213,698,4.72,3.89,690,4.66,3.1,986,6.66,8.93,0.75,0.73,0.49,0.51,13.24,117.87
4996,1529,11828,2315998,697,4.68,3.68,634,4.26,2.28,982,6.59,8.49,0.72,0.7,0.46,0.49,13.09,124.24
4997,1394,11922,2185500,613,4.94,4.37,545,4.4,2.62,919,7.41,9.98,0.73,0.71,0.47,0.49,16.13,125.92
4998,1535,12889,2257965,673,5.02,4.23,607,4.53,3.06,972,7.25,9.56,0.69,0.67,0.47,0.5,16.2,122.01
4999,1444,12939,3540987,611,4.66,4.16,524,4.0,2.33,894,6.82,9.91,0.72,0.71,0.49,0.49,14.13,120.34
5000,1523,11315,2259491,711,4.77,4.12,678,4.55,3.12,1018,6.83,9.28,0.71,0.71,0.52,0.53,13.39,122.91
5001,1459,1609018,1879446867,689,4.56,3.8,648,4.29,2.53,942,6.24,8.61,0.69,0.66,0.48,0.5,12.22,126.66
5002,1380,10737,1942834,625,4.4,3.76,563,3.96,2.09,920,6.48,9.31,0.72,0.69,0.49,0.51,13.64,128.27
5003,1355,3129704,4005946825,670,4.47,4.21,565,3.77,1.99,918,6.12,9.16,0.73,0.71,0.48,0.5,10.76,128.2
5004,1380,1883301,1201007355,612,4.53,3.98,566,4.19,2.45,846,6.27,8.33,0.72,0.7,0.46,0.48,13.3,126.12
5005,1428,3220301,3837740384,663,4.57,3.91,628,4.33,2.58,934,6.44,8.25,0.72,0.69,0.48,0.5,11.33,129.89
5006,1577,4818823,7198934209,696,4.97,4.09,706,5.04,3.36,988,7.06,8.82,0.72,0.7,0.47,0.5,13.07,126.0
5007,1350,753072,675319975,598,4.53,4.31,514,3.89,1.76,850,6.44,8.9,0.72,0.7,0.48,0.49,11.91,133.84
5008,1277,10973,3135459,590,4.61,4.33,485,3.79,1.99,839,6.55,8.92,0.69,0.68,0.5,0.52,14.95,116.9
5009,1376,31839,29473533,616,4.53,3.92,542,3.99,2.04,891,6.55,8.57,0.7,0.67,0.46,0.48,14.98,135.62
5010,1553,12646,2225189,689,5.38,4.74,682,5.33,3.34,998,7.8,9.67,0.72,0.71,0.47,0.48,12.11,120.83
5011,1406,3726644,5567695279,604,4.41,4.22,571,4.17,2.82,843,6.15,8.74,0.7,0.68,0.5,0.52,14.76,124.2
5012,1531,2511750,3154041907,644,4.84,4.31,635,4.77,3.34,931,7.0,9.24,0.74,0.73,0.46,0.48,13.01,122.13
5013,1666,467290,525349480,707,5.01,3.74,745,5.28,3.73,996,7.06,8.42,0.73,0.71,0.44,0.47,12.05,130.96
5014,2288,22788,4072110,809,5.39,4.23,1283,8.55,21.33,1483,9.89,17.25,0.76,0.74,0.43,0.46,11.66,129.67
5015,1727,14926,2295302,722,4.69,3.35,804,5.22,3.98,1051,6.82,7.12,0.74,0.73,0.49,0.51,13.02,117.38
5016,1434,12423,2810209,675,4.47,3.37,686,4.54,2.83,857,5.68,5.08,0.68,0.65,0.46,0.48,11.43,127.42
5017,1258,10688,1999994,555,3.96,3.52,569,4.06,2.52,671,4.79,4.9,0.73,0.7,0.44,0.47,14.1,132.96
5018,1325,26509,16775757,632,4.36,3.71,618,4.26,2.51,762,5.26,5.07,0.68,0.66,0.45,0.47,14.23,130.33
5019,1206,11200,2111842,532,4.71,4.23,593,5.25,5.38,654,5.79,5.99,0.68,0.65,0.44,0.45,10.9,126.6
5020,1198,11891,3970912,523,4.29,3.54,563,4.61,4.23,653,5.35,5.28,0.7,0.66,0.44,0.47,8.02,122.28
5021,1084,9637,1578502,515,3.79,3.58,493,3.62,1.89,648,4.76,5.02,0.63,0.6,0.46,0.47,7.55,126.58
5022,1186,11162,2325850,595,4.31,3.81,596,4.32,3.34,728,5.28,5.32,0.76,0.75,0.49,0.5,6.58,125.96
5023,1246,13871,3508183,537,4.1,3.64,571,4.36,3.55,692,5.28,5.6,0.7,0.69,0.5,0.52,7.2,119.32
5024,1081,13007,2343738,496,3.59,2.86,524,3.8,2.38,615,4.46,4.41,0.77,0.76,0.49,0.51,10.7,123.67
5025,1087,11177,2369288,487,3.83,3.61,500,3.94,2.62,600,4.72,4.77,0.71,0.7,0.51,0.54,10.68,120.31
5026,1018,9804,2276930,482,3.65,3.15,464,3.52,2.01,586,4.44,4.67,0.72,0.69,0.49,0.51,5.98,121.05
5027,1154,13141,2859997,535,3.79,3.5,543,3.85,2.82,664,4.71,4.79,0.71,0.69,0.47,0.49,7.49,122.42
5028,1175,11170,1744117,547,3.67,3.2,546,3.66,2.41,675,4.53,4.43,0.67,0.65,0.51,0.52,7.41,115.92
5029,1106,9451,2255202,543,3.74,3.08,535,3.69,1.85,639,4.41,4.26,0.77,0.75,0.46,0.47,6.77,131.03
5030,1027,13971,6057101,500,3.88,3.05,490,3.8,2.44,593,4.6,4.13,0.75,0.73,0.48,0.51,8.02,121.92
5031,1130,12116,3911198,479,3.89,3.79,490,3.98,2.63,629,5.11,5.64,0.66,0.64,0.47,0.48,11.0,117.93
5032,1133,10464,2412163,498,3.66,3.3,533,3.92,2.39,597,4.39,4.43,0.75,0.73,0.48,0.5,6.13,120.2
5033,1092,9952,1969258,457,3.39,3.43,473,3.5,2.65,564,4.18,4.79,0.7,0.69,0.51,0.54,7.36,108.21
5034,1103,10199,2336741,466,3.67,3.11,506,3.98,3.09,562,4.43,4.42,0.69,0.66,0.51,0.52,6.8,114.45
5035,1250,13061,3620554,550,3.82,3.56,547,3.8,2.57,678,4.71,5.07,0.72,0.7,0.49,0.5,8.89,117.23
5036,1246,12221,2174715,525,3.98,3.51,587,4.45,3.26,630,4.77,4.79,0.75,0.75,0.51,0.51,8.0,117.05
5037,1390,11847,2066313,596,4.14,3.51,661,4.59,2.85,725,5.03,4.92,0.74,0.72,0.44,0.45,7.24,124.71
5038,1238,151977,198258903,539,4.05,3.42,562,4.23,3.91,665,5.0,4.95,0.73,0.71,0.49,0.51,7.18,122.57
5039,1442,11877,2274438,615,4.13,3.57,727,4.88,3.58,766,5.14,5.05,0.75,0.73,0.44,0.46,4.1,119.18
5040,1437,11173,2601166,647,4.56,3.84,732,5.15,3.44,787,5.54,5.86,0.79,0.78,0.44,0.46,5.46,128.26
5041,1362,11663,1905332,613,4.51,4.04,638,4.69,2.66,769,5.65,5.37,0.75,0.74,0.43,0.46,5.89,129.33
5042,1139,10744,1694550,547,3.94,3.31,564,4.06,2.52,667,4.8,4.33,0.72,0.71,0.48,0.47,7.7,125.36
5043,1024,8091,1552492,499,3.72,3.55,484,3.61,2.59,595,4.44,4.63,0.68,0.67,0.51,0.52,3.7,121.45
5044,907,8005,1356620,410,3.31,2.6,449,3.62,2.58,506,4.08,3.65,0.72,0.69,0.52,0.54,5.94,120.87
5045,783,6990,2088169,406,3.56,3.02,391,3.43,2.22,484,4.25,4.38,0.69,0.67,0.52,0.54,4.2,122.67
5046,811,15539,11299537,421,3.48,2.91,390,3.22,2.03,507,4.19,4.0,0.68,0.65,0.53,0.53,9.24,114.79
5047,932,9167,3169253,438,3.53,3.4,461,3.72,2.81,547,4.41,4.78,0.76,0.75,0.52,0.52,5.57,111.09
5048,853,8633,3000412,466,3.7,3.1,440,3.49,2.13,590,4.68,4.32,0.65,0.62,0.49,0.5,7.81,114.71
5049,935,7292,1563195,499,3.9,3.21,516,4.03,2.76,635,4.96,4.4,0.72,0.7,0.47,0.47,8.04,109.01
5050,951,7815,1334370,537,3.95,2.95,559,4.11,2.48,662,4.87,3.79,0.69,0.66,0.48,0.5,10.63,111.02
5051,1111,13321,3077404,584,3.84,2.87,678,4.46,4.52,741,4.88,3.96,0.71,0.7,0.49,0.5,8.4,111.2
5052,1282,13441,4198679,695,4.24,3.21,805,4.91,4.86,879,5.36,4.58,0.73,0.71,0.48,0.48,6.08,108.91
5053,1280,13541,5966929,686,4.18,3.16,743,4.53,3.07,870,5.3,4.85,0.71,0.69,0.45,0.46,9.19,107.4
5054,1138,9272,2020812,606,3.91,3.15,617,3.98,2.47,780,5.03,4.47,0.71,0.69,0.48,0.5,7.1,112.21
5055,1470,18356,7879422,678,4.4,3.97,901,5.85,7.37,976,6.34,6.92,0.75,0.74,0.47,0.48,10.19,102.12
5056,1176,11217,2645756,578,3.88,3.5,598,4.01,3.19,774,5.19,5.55,0.69,0.68,0.47,0.46,8.99,100.92
5057,1151,9003,1457209,610,3.84,3.44,594,3.74,2.32,776,4.88,4.59,0.66,0.65,0.51,0.5,8.49,102.54
5058,1277,56867,60639258,642,3.94,2.94,685,4.2,2.84,823,5.05,4.31,0.66,0.64,0.47,0.47,11.76,102.6
5059,1460,39556,38123266,741,4.49,3.7,847,5.13,4.85,967,5.86,5.46,0.72,0.7,0.51,0.52,6.17,109.33
5060,1643,93359,112268383,892,4.93,3.78,961,5.31,3.47,1094,6.04,5.24,0.7,0.67,0.42,0.42,7.68,107.94
5061,1454,17811,12059444,778,4.35,3.51,830,4.64,3.18,984,5.5,4.73,0.66,0.63,0.45,0.46,4.83,109.53
5062,1715,26499,19147078,908,5.04,3.85,1053,5.85,5.35,1154,6.41,5.39,0.68,0.66,0.43,0.42,7.91,115.7
5063,1769,18385,4245913,920,5.26,3.86,1142,6.53,4.83,1171,6.69,5.49,0.76,0.74,0.41,0.42,8.79,106.16
5064,1700,15018,3377186,914,5.05,3.96,1066,5.89,5.2,1137,6.28,5.63,0.78,0.76,0.45,0.45,6.49,114.37
5065,1629,15132,3785710,872,4.87,3.75,1024,5.72,4.23,1126,6.29,5.22,0.74,0.72,0.43,0.42,6.95,103.03
5066,1517,15653,4888053,812,4.69,3.7,998,5.77,5.59,1061,6.13,5.36,0.76,0.73,0.45,0.46,5.86,105.99
5067,1257,13107,3274965,700,4.43,3.6,788,4.99,3.69,902,5.71,5.15,0.75,0.73,0.46,0.47,6.39,111.76
5068,1052,41033,46462659,587,3.94,3.27,628,4.21,3.01,731,4.91,4.75,0.7,0.67,0.45,0.45,7.82,102.03
5069,943,9456,2876160,494,3.69,3.16,574,4.28,3.12,613,4.57,4.16,0.77,0.75,0.51,0.52,7.43,103.45
5070,779,17670,17414807,447,3.19,2.79,477,3.41,2.42,537,3.84,3.73,0.74,0.72,0.49,0.5,8.61,103.94
5071,901,137678,181870590,523,3.76,3.1,523,3.76,2.14,650,4.68,4.33,0.75,0.73,0.48,0.49,9.95,102.27
5072,936,10902,4153268,511,3.55,2.63,597,4.15,3.03,633,4.4,3.65,0.74,0.72,0.52,0.52,9.95,104.1
5073,993,27691,29647308,518,3.75,3.21,559,4.05,2.57,645,4.67,4.38,0.71,0.69,0.47,0.48,8.72,114.84
5074,1110,32028,22974028,626,4.06,3.09,692,4.49,3.44,770,5.0,4.13,0.74,0.72,0.51,0.52,8.72,105.68
5075,1196,17318,4155536,653,3.93,2.84,785,4.73,5.08,800,4.82,3.9,0.77,0.74,0.49,0.51,10.65,107.02
5076,1295,10892,2031112,680,4.17,2.66,819,5.02,3.6,911,5.59,4.24,0.74,0.71,0.47,0.48,10.67,108.8
5077,1419,17983,7559466,705,4.3,2.91,889,5.42,3.49,923,5.63,3.94,0.75,0.71,0.45,0.46,7.33,103.88
5078,1473,43689,44089858,798,4.34,2.99,886,4.82,3.44,1021,5.55,4.35,0.73,0.71,0.45,0.46,8.07,106.02
5079,1421,13621,3724532,712,4.45,3.41,806,5.04,3.66,969,6.06,4.93,0.71,0.7,0.44,0.45,8.74,102.5
5080,1432,22817,7357542,749,4.54,3.08,848,5.14,3.38,934,5.66,4.09,0.75,0.74,0.46,0.47,10.0,105.56
5081,1510,52463,47324604,836,4.72,3.73,869,4.91,3.34,1043,5.89,4.94,0.72,0.71,0.47,0.48,10.87,109.27
5082,1416,25490,5280452,731,4.15,2.96,856,4.86,3.64,972,5.52,4.36,0.73,0.72,0.46,0.48,9.78,109.06
5083,1394,18460,7505101,755,5.0,3.78,788,5.22,3.45,943,6.25,5.11,0.76,0.74,0.44,0.46,6.21,103.4
5084,1444,18457,5346230,755,4.69,3.56,869,5.4,4.19,968,6.01,5.29,0.76,0.74,0.45,0.47,7.55,108.25
5085,1455,70213,86392405,733,4.61,3.37,853,5.36,4.22,926,5.82,5.16,0.76,0.74,0.42,0.45,7.06,111.29
5086,1607,23279,7831577,881,4.81,3.6,982,5.37,3.87,1141,6.23,5.24,0.77,0.75,0.43,0.45,8.19,114.58
5087,1416,15477,4133125,764,4.6,3.51,768,4.63,2.64,950,5.72,5.01,0.72,0.71,0.46,0.47,7.75,108.56
5088,1505,18822,7213911,801,4.98,3.61,922,5.73,4.64,1057,6.57,5.75,0.77,0.75,0.42,0.45,6.84,115.09
5089,1495,13852,4283509,812,5.08,3.96,871,5.44,3.63,1059,6.62,5.63,0.75,0.73,0.44,0.47,5.44,110.36
5090,1444,51950,61400255,795,4.91,3.5,802,4.95,3.77,1021,6.3,4.95,0.73,0.72,0.47,0.47,6.61,104.34
5091,1426,15852,3273048,814,4.65,3.31,860,4.91,3.28,1004,5.74,4.3,0.7,0.69,0.46,0.47,6.84,105.95
5092,1302,19627,4055276,726,4.37,3.31,811,4.89,3.81,928,5.59,4.84,0.75,0.74,0.43,0.44,6.22,107.08
5093,1293,353723,477467948,661,4.44,3.72,742,4.98,5.33,837,5.62,5.15,0.66,0.63,0.46,0.47,4.34,107.78
5094,1291,62378,71280442,713,4.72,3.59,707,4.68,2.97,887,5.87,4.44,0.73,0.72,0.48,0.48,6.28,108.4
5095,1331,987349,110419139,690,3.99,3.11,731,4.23,3.18,900,5.2,4.48,0.68,0.66,0.48,0.48,7.42,106.22
5096,1559,99108,115335332,817,4.81,3.56,1012,5.95,6.19,1069,6.29,4.98,0.73,0.72,0.43,0.45,8.23,105.88
5097,1182,28722,5999892,629,3.98,3.08,650,4.11,2.86,805,5.09,4.41,0.72,0.7,0.48,0.5,9.16,108.14
5098,1284,826411,859001814,728,4.18,3.25,786,4.52,3.37,912,5.24,4.41,0.73,0.71,0.48,0.49,8.28,105.12
5099,1458,29959,6268816,780,4.41,3.14,929,5.25,4.07,1056,5.97,4.87,0.78,0.75,0.47,0.48,8.4,112.14
5100,1218,55506,60268769,715,4.36,3.05,735,4.48,2.85,900,5.49,4.46,0.74,0.72,0.44,0.45,10.32,113.75
5101,1217,20601,3266280,657,4.11,3.1,714,4.46,3.22,841,5.26,4.41,0.75,0.72,0.47,0.49,10.06,109.17
5102,1469,21178,4116122,743,4.1,3.24,922,5.09,4.21,1028,5.68,4.96,0.74,0.72,0.45,0.47,10.38,102.34
5103,1334,62153,28866300,660,4.12,3.49,805,5.03,4.54,876,5.48,5.4,0.78,0.74,0.44,0.47,9.87,112.78
5104,1229,25723,12068250,598,3.93,3.64,697,4.59,3.8,789,5.19,5.12,0.72,0.71,0.5,0.52,12.7,100.18
5105,1244,37707,13867037,642,4.34,3.32,738,4.99,4.38,815,5.51,4.79,0.76,0.76,0.45,0.47,11.89,111.9
5106,1240,12676,3046344,634,4.28,3.14,756,5.11,3.4,816,5.51,4.74,0.78,0.75,0.45,0.46,7.57,102.68
5107,1422,13208,2341317,732,4.23,3.1,882,5.1,3.72,948,5.48,4.52,0.76,0.74,0.43,0.44,6.79,102.18
5108,1291,16276,4666959,635,3.92,2.95,738,4.56,4.79,846,5.22,4.64,0.72,0.71,0.48,0.5,8.17,100.19
5109,1522,15985,3651569,746,4.78,3.53,933,5.98,4.69,992,6.36,5.33,0.82,0.8,0.4,0.41,6.1,118.4
5110,1594,16120,3981102,837,4.87,3.6,1009,5.87,4.96,1082,6.29,5.55,0.76,0.73,0.43,0.45,5.75,113.33
5111,1475,15251,3179952,775,4.67,3.56,806,4.86,3.32,962,5.8,5.24,0.76,0.73,0.43,0.45,5.66,116.86
5112,1504,16835,3500129,799,4.65,3.57,848,4.93,3.17,1027,5.97,5.12,0.72,0.69,0.43,0.44,6.77,112.0
5113,1558,19272,3417546,807,4.78,3.92,980,5.8,5.16,1013,5.99,5.21,0.77,0.75,0.47,0.49,9.31,100.14
5114,1339,12431,2537909,706,4.01,3.58,804,4.57,3.23,904,5.14,4.97,0.74,0.72,0.45,0.47,5.79,109.51
5115,1029,10987,3448112,540,3.72,2.89,631,4.35,2.9,690,4.76,3.84,0.7,0.68,0.48,0.49,10.03,107.36
5116,1025,26699,16704589,536,3.5,2.8,672,4.39,3.57,682,4.46,3.91,0.76,0.75,0.53,0.54,8.87,97.47
5117,1065,16514,4829292,551,3.58,3.19,650,4.22,3.16,723,4.69,4.47,0.77,0.76,0.49,0.5,7.07,99.25
5118,1073,15378,8507553,595,3.67,3.09,672,4.15,2.88,740,4.57,4.18,0.81,0.8,0.47,0.48,8.98,106.06
5119,1019,25935,10774898,550,3.64,3.14,599,3.97,2.94,698,4.62,4.14,0.69,0.68,0.52,0.54,9.98,102.03
5120,799,35571,5356443,463,3.56,3.19,453,3.48,2.07,569,4.38,4.0,0.75,0.74,0.5,0.5,10.17,99.74
5121,708,52043,60078694,410,3.28,2.87,398,3.18,2.0,513,4.1,4.3,0.69,0.66,0.51,0.53,9.35,100.9
5122,1017,38255,23729877,558,4.01,3.54,635,4.57,4.09,705,5.07,4.91,0.77,0.76,0.52,0.54,13.06,95.74
5123,904,239207,279014785,478,3.54,3.12,494,3.66,2.56,606,4.49,4.38,0.75,0.73,0.5,0.51,17.62,101.73
5124,1088,281715,1376809796,568,3.84,2.96,628,4.24,2.85,724,4.89,4.03,0.78,0.77,0.47,0.48,12.53,103.54
5125,1515,41075,153436485,683,4.27,3.4,922,5.76,15.44,1031,6.44,13.12,0.77,0.76,0.45,0.47,6.65,110.58
5126,1391,247189,1268218278,657,4.11,2.89,874,5.46,8.26,983,6.14,6.95,0.72,0.7,0.48,0.49,7.61,108.93
5127,1256,69836,291108576,658,4.14,3.27,766,4.82,4.33,860,5.41,4.92,0.77,0.76,0.45,0.48,9.89,103.16
5128,1212,17262,4588949,607,4.19,3.54,693,4.78,4.16,802,5.53,5.62,0.73,0.7,0.46,0.47,10.13,106.6
5129,1232,21672,4463955,662,3.78,3.35,725,4.14,2.7,833,4.76,4.47,0.76,0.75,0.48,0.5,11.77,101.17
5130,1292,14086,3388580,627,3.97,2.89,786,4.97,5.04,843,5.34,4.96,0.78,0.77,0.47,0.47,11.02,102.04
5131,1675,21106,4558435,809,4.6,3.21,1120,6.36,5.61,1069,6.07,4.92,0.79,0.78,0.45,0.45,10.05,99.36
5132,1388,17385,4947355,690,4.13,3.23,820,4.91,4.06,938,5.62,5.21,0.77,0.75,0.49,0.49,8.04,106.5
5133,1520,24509,7201010,767,4.43,3.44,860,4.97,3.58,1021,5.9,5.22,0.75,0.75,0.46,0.47,9.21,107.8
5134,1439,22546,12394979,714,4.2,3.42,826,4.86,3.6,932,5.48,5.15,0.74,0.72,0.43,0.44,7.26,106.9
5135,1511,33088,10119606,728,4.7,3.48,872,5.63,5.65,984,6.35,5.95,0.78,0.75,0.44,0.44,8.12,109.1
5136,1535,15728,4221023,801,4.88,3.85,963,5.87,5.2,1021,6.23,5.82,0.82,0.81,0.45,0.48,5.83,109.14
5137,1463,15580,5604009,776,4.38,3.31,928,5.24,4.35,1001,5.66,4.76,0.79,0.77,0.43,0.44,6.48,114.19
5138,1214,12785,2921260,631,4.18,3.11,719,4.76,3.86,795,5.26,4.56,0.79,0.77,0.45,0.46,8.16,114.51
5139,1252,14990,3272418,681,4.1,3.36,790,4.76,3.77,879,5.3,5.02,0.8,0.79,0.48,0.48,6.43,103.68
5140,1031,14282,4417480,549,3.79,3.05,586,4.04,3.04,718,4.95,4.56,0.74,0.72,0.48,0.48,7.25,99.94
5141,1088,50145,59292922,626,4.15,3.03,618,4.09,2.51,765,5.07,4.27,0.76,0.74,0.48,0.48,10.49,102.95
5142,1134,22867,6510824,616,3.85,2.94,650,4.06,3.56,776,4.85,3.99,0.74,0.73,0.49,0.5,9.69,106.79
5143,1211,75401,51768857,662,3.87,3.07,739,4.32,3.12,822,4.81,4.57,0.78,0.76,0.52,0.55,12.01,102.61
5144,969,10086870,13482842880,553,3.84,2.86,570,3.96,2.7,686,4.76,3.88,0.74,0.72,0.48,0.5,9.52,99.88
5145,971,50767,52005877,544,3.44,2.64,546,3.46,2.3,674,4.27,3.91,0.75,0.73,0.49,0.5,10.38,104.72
5146,1434,11391871,13949449723,687,4.35,3.14,867,5.49,7.04,887,5.61,4.68,0.83,0.82,0.46,0.45,13.14,102.29
5147,1226,21696,6315891,669,4.18,3.29,712,4.45,3.23,815,5.09,4.49,0.75,0.72,0.48,0.49,10.12,105.65
5148,1216,30164,6213810,686,4.08,3.31,718,4.27,2.72,853,5.08,4.86,0.76,0.73,0.49,0.49,16.57,102.75
5149,1375,12174416,16251454928,717,4.43,3.28,853,5.27,3.79,931,5.75,4.66,0.76,0.74,0.46,0.47,9.76,107.06
5150,1394,44582,41548225,750,4.24,3.14,840,4.75,3.95,951,5.37,4.65,0.77,0.74,0.49,0.51,11.87,110.12
5151,1452,77448,95392996,738,4.67,3.54,871,5.51,4.25,948,6.0,4.92,0.75,0.73,0.43,0.43,11.41,100.76
5152,1360,17061,3988202,675,4.3,3.58,747,4.76,4.24,877,5.59,4.9,0.76,0.75,0.49,0.51,12.15,99.31
5153,1221,32260,16697916,637,4.36,3.49,683,4.68,3.58,817,5.6,4.95,0.77,0.77,0.48,0.49,16.97,100.45
5154,1514,23726,4053880,768,4.31,3.13,907,5.1,3.57,1016,5.71,4.39,0.76,0.74,0.44,0.46,12.93,106.55
5155,1494,29901,10553026,774,4.75,3.6,936,5.74,4.8,998,6.12,5.18,0.76,0.75,0.47,0.48,15.35,104.46
5156,1716,17873,3530265,878,4.57,3.5,1047,5.45,4.76,1146,5.97,5.08,0.74,0.72,0.44,0.45,9.58,110.92
5157,1434,12644,3022621,761,4.67,3.58,808,4.96,3.18,977,5.99,5.15,0.77,0.76,0.43,0.44,10.57,109.23
5158,1429,19701,4257628,735,4.27,3.26,813,4.73,3.21,944,5.49,4.84,0.77,0.76,0.47,0.48,11.83,108.45
5159,1658,33963,29558544,861,4.92,3.45,972,5.55,4.24,1118,6.39,5.16,0.74,0.71,0.44,0.45,7.87,111.66
5160,1630,17942,4356609,797,4.61,3.51,949,5.49,4.39,1026,5.93,5.29,0.75,0.72,0.44,0.45,12.0,111.23
5161,1515,13423,3408893,801,4.71,3.55,914,5.38,4.03,1026,6.04,5.35,0.78,0.77,0.44,0.44,7.82,105.95
5162,1382,15813,4013972,736,4.49,3.43,791,4.82,3.19,944,5.76,5.06,0.75,0.73,0.45,0.46,8.4,106.85
5163,1341,13445,3258520,776,4.59,3.72,765,4.53,2.6,959,5.67,5.11,0.72,0.69,0.46,0.47,8.19,109.39
5164,1458,14046,2791547,801,4.71,3.42,920,5.41,4.0,1003,5.9,4.86,0.79,0.77,0.45,0.48,7.49,108.22
5165,1530,14619,3241999,793,4.81,3.56,967,5.86,5.06,978,5.93,4.98,0.79,0.77,0.45,0.47,6.67,103.98
5166,1478,12654,3550220,688,4.27,3.45,936,5.81,13.0,866,5.38,4.75,0.8,0.78,0.42,0.44,5.9,106.03
5167,1212,15123,4347926,685,4.42,3.37,730,4.71,3.84,827,5.34,4.44,0.75,0.73,0.45,0.47,7.1,106.76
5168,1197,20315,4542171,642,3.96,3.23,694,4.28,3.29,791,4.88,4.33,0.74,0.72,0.46,0.47,7.07,103.48
5169,1258,27140,5209801,751,4.08,2.79,785,4.27,2.4,923,5.02,3.93,0.76,0.75,0.49,0.51,10.8,109.62
5170,1372,17442,4198461,755,4.22,2.96,803,4.49,3.75,907,5.07,4.04,0.76,0.74,0.43,0.45,5.5,109.61
5171,1267,36417,31518768,724,4.09,2.97,748,4.23,2.87,892,5.04,3.94,0.75,0.72,0.45,0.46,9.99,112.57
5172,1186,2621047,3743758553,657,4.18,2.91,679,4.32,3.17,817,5.2,4.18,0.71,0.67,0.42,0.42,10.21,111.2
5173,1264,2541352,2787500426,725,4.29,2.87,728,4.31,2.39,910,5.38,4.22,0.73,0.71,0.43,0.44,7.01,119.64
5174,1304,19247,5411982,748,4.16,3.02,779,4.33,2.51,921,5.12,3.92,0.75,0.72,0.44,0.46,9.05,116.66
5175,1439,22115,10989432,762,4.21,3.13,822,4.54,3.23,971,5.36,4.38,0.76,0.74,0.42,0.45,8.28,104.2
5176,1334,17331,3136862,707,4.42,3.14,746,4.66,2.87,850,5.31,4.29,0.8,0.78,0.45,0.47,8.63,109.67
5177,1307,23428,4420510,731,4.6,3.08,776,4.88,2.88,916,5.76,4.53,0.78,0.77,0.46,0.47,9.49,112.18
5178,1218,20286,7131024,668,4.1,2.91,688,4.22,2.45,821,5.04,4.08,0.77,0.74,0.46,0.48,8.71,115.05
5179,1566,75833,6540168,757,4.48,3.65,946,5.6,6.02,954,5.64,5.08,0.76,0.74,0.52,0.54,9.61,101.97
5180,1559,17540,4275870,813,4.73,3.28,914,5.31,3.71,1022,5.94,4.73,0.78,0.77,0.45,0.46,7.58,99.96
5181,1526,22143,4044569,810,4.66,3.29,926,5.32,3.52,1007,5.79,4.59,0.75,0.73,0.47,0.47,12.65,101.46
5182,1393,12054,2111826,752,4.25,3.31,851,4.81,4.53,914,5.16,4.44,0.78,0.76,0.46,0.48,8.86,115.41
5183,1889,20273,3964697,957,5.15,3.92,1096,5.89,5.66,1322,7.11,7.19,0.78,0.76,0.45,0.48,10.93,115.44
5184,2385,23350,3992670,1009,5.64,4.35,1137,6.35,4.76,1660,9.27,15.57,0.81,0.8,0.45,0.46,13.6,98.93
5185,2257,22956,3868459,1010,5.64,5.04,1001,5.59,3.73,1651,9.22,16.94,0.77,0.75,0.47,0.48,14.38,103.48
5186,2155,27899,4394475,964,5.6,5.22,878,5.1,3.27,1586,9.22,18.46,0.76,0.74,0.43,0.45,16.53,110.58
5187,2231,29466,19107468,964,5.3,4.88,926,5.09,3.94,1629,8.95,17.58,0.71,0.7,0.45,0.46,12.0,111.84
5188,2149,21152,3855811,927,5.62,5.18,964,5.84,4.84,1574,9.54,17.0,0.79,0.78,0.44,0.45,14.26,102.87
5189,1879,36218,3616215,786,4.88,4.98,740,4.6,4.04,1364,8.47,17.49,0.76,0.75,0.47,0.48,12.81,107.02
5190,2058,39796,21256568,831,5.13,5.22,816,5.04,4.98,1456,8.99,17.72,0.76,0.75,0.49,0.51,14.96,107.01
5191,1915,15142,2660202,816,5.2,5.08,770,4.9,4.18,1404,8.94,18.3,0.8,0.78,0.46,0.47,14.01,116.53
5192,1998,21248,5228461,836,4.89,4.69,794,4.64,3.21,1500,8.77,18.7,0.75,0.73,0.46,0.47,11.32,115.21
5193,2154,18821,2780008,863,5.17,4.78,906,5.43,4.13,1518,9.09,16.87,0.75,0.74,0.44,0.45,14.17,113.31
5194,1961,27020,7317305,820,5.12,4.41,859,5.37,4.28,1438,8.99,16.89,0.78,0.76,0.45,0.47,17.64,115.28
5195,1983,16799,3232972,849,4.88,4.92,817,4.7,3.58,1459,8.39,17.5,0.75,0.74,0.47,0.47,13.84,113.0
5196,1943,905399,1499754407,812,4.86,4.83,766,4.59,2.93,1431,8.57,18.06,0.79,0.77,0.46,0.48,18.33,119.73
5197,2050,10180296,14273781438,889,5.23,4.91,854,5.02,3.78,1482,8.72,16.69,0.78,0.76,0.49,0.5,16.68,113.01
5198,1860,8978212,12741257846,747,4.76,5.54,712,4.54,5.53,1347,8.58,18.52,0.75,0.74,0.49,0.49,17.93,106.74
5199,1831,180007,363446900,762,4.73,4.77,680,4.22,2.46,1327,8.24,17.4,0.73,0.7,0.45,0.46,14.98,121.05
5200,2013,103254,128370060,859,4.97,4.49,822,4.75,3.51,1431,8.27,16.22,0.76,0.74,0.44,0.46,17.49,114.13
5201,1876,28332,13934343,782,4.86,4.67,784,4.87,3.23,1361,8.45,17.11,0.8,0.79,0.48,0.49,14.27,106.2
5202,1990,28783,17692085,858,4.9,4.56,881,5.03,3.9,1437,8.21,15.87,0.75,0.75,0.48,0.5,11.24,101.91
5203,2071,23524,4533602,879,5.23,5.02,853,5.08,4.21,1489,8.86,17.65,0.78,0.76,0.44,0.46,13.62,110.25
5204,2342,30742,4588766,1009,5.28,4.53,1045,5.47,3.88,1694,8.87,17.76,0.79,0.78,0.44,0.45,12.31,107.0
5205,2373,19878,3803489,976,5.16,5.13,1000,5.29,3.77,1704,9.02,19.15,0.77,0.76,0.47,0.48,11.39,113.83
5206,2374,24156,10588726,952,5.5,5.28,1078,6.23,6.59,1695,9.8,19.61,0.8,0.79,0.44,0.46,12.54,117.16
5207,2222,18104,3470526,920,4.97,4.21,945,5.11,3.31,1540,8.32,15.29,0.79,0.78,0.47,0.47,11.74,111.37
5208,1758,13844,2759499,903,5.28,3.65,969,5.67,3.51,1203,7.04,6.83,0.77,0.75,0.45,0.47,10.58,118.75
5209,1594,15258,3427727,836,4.98,3.46,927,5.52,3.62,1057,6.29,5.08,0.78,0.76,0.44,0.46,12.39,117.34
5210,1464,14316,3436813,806,4.61,3.58,878,5.02,3.86,1016,5.81,5.23,0.76,0.75,0.47,0.49,8.43,115.47
5211,1066,14426,3500664,594,3.99,3.13,605,4.06,2.62,718,4.82,4.35,0.74,0.72,0.52,0.53,10.97,105.03
5212,926,11230,3848310,536,3.7,2.94,538,3.71,2.29,640,4.41,3.93,0.78,0.77,0.49,0.51,8.08,117.67
5213,791,19559,11421808,483,3.69,2.79,486,3.71,2.02,579,4.42,3.77,0.67,0.65,0.49,0.49,10.79,108.59
5214,903,30759,28771689,569,3.98,3.45,566,3.96,3.09,685,4.79,4.57,0.74,0.72,0.48,0.48,16.32,100.94
5215,845,4956594,6849775049,496,3.67,3.38,481,3.56,1.98,595,4.41,4.36,0.81,0.79,0.44,0.44,12.98,117.08
5216,986,7431762,10262365402,501,3.63,2.99,599,4.34,6.23,622,4.51,4.11,0.79,0.77,0.49,0.51,13.5,109.44
5217,938,363094,185589746,506,3.42,2.71,560,3.78,2.6,673,4.55,3.84,0.77,0.76,0.47,0.47,12.08,100.51
5218,1006,32642,23581642,605,3.73,2.82,612,3.78,2.45,727,4.49,3.81,0.75,0.73,0.47,0.49,8.42,107.7
5219,1166,14408,3236998,665,4.4,3.08,767,5.08,4.9,851,5.64,4.8,0.78,0.75,0.45,0.48,10.55,110.69
5220,1247,271484,72474937,704,4.09,3.43,777,4.52,3.6,870,5.06,4.51,0.79,0.76,0.46,0.46,10.34,115.4
5221,1216,92877,12005369,676,4.22,3.32,743,4.64,4.38,864,5.4,5.02,0.76,0.74,0.46,0.46,7.42,105.33
5222,1121,321382,18527847,650,3.99,3.17,674,4.13,2.68,813,4.99,4.42,0.8,0.78,0.47,0.48,9.19,111.28
5223,1210,415276,23128411,680,4.33,2.97,701,4.46,2.8,844,5.38,4.25,0.73,0.73,0.45,0.47,15.33,100.73
5224,1395,2003002,2104925867,748,4.3,3.42,816,4.69,3.77,943,5.42,5.02,0.74,0.73,0.47,0.48,10.54,102.17
5225,1428,690865,998083890,801,4.43,3.15,807,4.46,2.7,972,5.37,4.31,0.71,0.69,0.43,0.44,14.06,106.91
5226,1389,146527,185878335,811,4.56,2.93,836,4.7,2.82,969,5.44,3.96,0.78,0.76,0.46,0.48,9.64,108.0
5227,1564,912359,1036247540,878,4.75,3.54,905,4.89,3.43,1051,5.68,4.61,0.74,0.73,0.44,0.45,10.45,116.11
5228,1693,216779,251625469,904,4.57,3.27,961,4.85,3.35,1117,5.64,4.7,0.74,0.73,0.45,0.45,8.61,116.58
5229,1766,19136,4094074,828,4.52,3.6,872,4.77,2.76,1082,5.91,5.15,0.73,0.73,0.45,0.46,8.92,111.3
5230,1591,53032,36737686,944,4.67,3.4,933,4.62,2.56,1114,5.51,4.5,0.72,0.71,0.44,0.44,8.58,116.61
5231,1906,216487,147004117,862,4.63,3.43,1092,5.87,4.32,1169,6.28,5.33,0.79,0.77,0.44,0.44,8.44,107.83
5232,1694,24521,5544312,859,4.62,3.2,948,5.1,3.48,1056,5.68,4.63,0.77,0.75,0.45,0.46,8.63,114.12
5233,1379,28176,14771960,749,4.6,3.63,762,4.67,2.91,932,5.72,5.08,0.77,0.75,0.43,0.45,9.22,106.95
5234,1220,259167,14200140,710,4.55,3.04,730,4.68,2.47,854,5.47,4.29,0.8,0.79,0.48,0.49,9.36,112.64
5235,989,11922,4751978,576,4.17,3.3,566,4.1,2.42,710,5.14,4.52,0.77,0.76,0.46,0.48,8.98,119.93
5236,1018,386369,564417144,550,3.79,2.84,600,4.14,3.32,677,4.67,4.22,0.81,0.79,0.47,0.48,8.7,103.04
5237,967,663159,976013092,518,3.5,2.98,558,3.77,2.78,664,4.49,4.34,0.76,0.75,0.52,0.54,13.39,114.57
5238,1050,16497,4412821,588,3.72,2.68,644,4.08,3.09,717,4.54,3.45,0.75,0.73,0.51,0.53,7.43,103.71
5239,1026,905252,72636298,603,3.75,2.98,617,3.83,2.4,749,4.65,3.67,0.74,0.71,0.49,0.52,13.08,103.3
5240,1057,518206,547598534,629,3.79,2.91,666,4.01,2.31,773,4.66,3.93,0.8,0.78,0.47,0.48,15.19,114.36
5241,994,7678500,3804725634,597,3.9,3.07,598,3.91,2.81,724,4.73,4.44,0.77,0.76,0.48,0.49,11.8,118.03
5242,1090,141576,117250308,601,4.03,3.25,617,4.14,3.24,725,4.87,4.28,0.79,0.77,0.48,0.5,14.87,112.89
5243,1250,15809692,22136314389,630,4.41,3.16,669,4.68,3.09,752,5.26,4.3,0.78,0.77,0.43,0.46,15.44,127.27
5244,1282,17429250,23708499379,656,4.26,2.73,667,4.33,2.75,908,5.9,7.41,0.79,0.77,0.41,0.42,14.03,113.76
5245,1251,2735666,2780469347,704,4.24,3.42,752,4.53,3.48,876,5.28,5.02,0.75,0.72,0.49,0.51,11.63,111.17
5246,1190,15706,7111154,636,3.95,2.99,688,4.27,3.01,801,4.98,4.27,0.79,0.77,0.48,0.49,10.39,111.17
5247,1215,15406,4007567,674,4.13,3.2,743,4.56,3.2,823,5.05,4.54,0.78,0.76,0.48,0.48,6.73,109.58
5248,1284,665130,39007249,641,3.93,2.93,842,5.17,5.12,822,5.04,4.22,0.76,0.74,0.47,0.47,6.51,108.34
5249,1323,1342787,112104018,757,4.28,3.04,885,5.0,4.07,938,5.3,4.26,0.78,0.77,0.47,0.5,11.68,102.86
5250,1484,718723,807759080,771,4.48,3.62,852,4.95,4.04,993,5.77,5.08,0.78,0.77,0.43,0.44,9.94,106.54
5251,1330,8068934,9137979814,735,4.32,3.19,835,4.91,3.62,887,5.22,4.34,0.81,0.8,0.44,0.45,11.2,111.03
5252,1479,3158937,3561373752,763,4.74,3.67,906,5.63,4.45,955,5.93,4.66,0.79,0.78,0.47,0.48,13.41,109.21
5253,1545,438596,452562826,820,4.91,3.43,928,5.56,3.63,1006,6.02,4.65,0.78,0.76,0.43,0.44,7.88,102.77
5254,1370,15941,4347171,690,4.54,3.39,758,4.99,4.52,893,5.88,5.4,0.77,0.74,0.47,0.49,7.27,110.11
5255,1535,4446495,5512830317,825,4.77,3.3,929,5.37,4.18,1016,5.87,4.66,0.79,0.77,0.45,0.46,6.46,108.55
5256,1515,48977,21473856,802,4.61,3.65,904,5.2,4.52,978,5.62,4.91,0.76,0.75,0.44,0.44,7.67,113.76
5257,1660,33397,6497487,890,4.66,3.42,1047,5.48,4.66,1143,5.98,4.98,0.77,0.74,0.46,0.48,5.19,110.73
5258,1442,3364154,4102282237,794,4.64,3.46,889,5.2,3.53,1022,5.98,5.06,0.8,0.78,0.43,0.44,6.1,119.95
5259,1132,6645016,8127651238,637,3.88,3.26,688,4.2,3.13,778,4.74,4.4,0.78,0.77,0.46,0.48,8.38,103.82
5260,1027,2557711,2881776591,572,4.09,2.79,629,4.49,3.73,723,5.16,4.15,0.78,0.76,0.49,0.49,8.46,100.46
5261,991,18190,6495986,577,3.95,3.03,575,3.94,2.07,678,4.64,3.85,0.75,0.7,0.48,0.46,9.6,101.28
5262,1012,59010,31288063,609,3.56,2.54,640,3.74,2.36,733,4.29,3.51,0.79,0.77,0.49,0.5,8.45,106.53
5263,1022,76643,81866345,611,3.87,2.77,624,3.95,2.68,726,4.59,3.77,0.77,0.75,0.52,0.53,11.52,104.7
5264,1136,60042,66000267,647,3.87,2.79,663,3.97,2.33,800,4.79,3.78,0.78,0.77,0.49,0.49,10.09,99.23
5265,1148,5378499,7569626800,628,4.05,3.2,679,4.38,3.27,790,5.1,4.57,0.76,0.74,0.49,0.49,9.26,100.17
5266,1116,307086,415553685,660,3.88,2.97,734,4.32,3.14,803,4.72,3.83,0.81,0.79,0.43,0.44,10.98,109.22
5267,1243,11552519,15886260293,715,3.76,2.7,768,4.04,2.43,892,4.69,3.79,0.79,0.77,0.47,0.48,11.91,95.18
5268,1120,7528604,9847951830,670,4.04,2.63,717,4.32,2.56,821,4.95,3.47,0.8,0.77,0.43,0.44,12.01,110.42
5269,1171,23149831,31502182842,701,3.98,3.14,688,3.91,2.15,854,4.85,4.18,0.75,0.73,0.48,0.49,11.84,109.19
5270,1057,11083153,15731228133,590,3.76,3.04,598,3.81,2.44,739,4.71,4.47,0.82,0.8,0.49,0.51,13.88,107.81
5271,1164,10145945,14460784870,630,4.09,3.79,674,4.38,3.94,790,5.13,5.22,0.75,0.73,0.49,0.5,8.94,101.28
5272,1169,23304,10233609,659,4.09,3.18,681,4.23,3.13,795,4.94,4.61,0.78,0.76,0.44,0.44,12.66,108.27
5273,1299,10111276,14401616985,709,4.17,3.31,744,4.38,3.18,856,5.04,4.58,0.77,0.74,0.49,0.51,8.42,109.1
5274,1248,20605117,29427007557,687,4.16,3.21,693,4.2,2.23,841,5.1,4.55,0.73,0.69,0.44,0.47,9.54,115.39
5275,1549,21292,6219814,840,4.75,3.55,937,5.29,3.6,1037,5.86,5.12,0.79,0.77,0.43,0.45,9.25,112.36
5276,1498,750673,803274423,786,4.52,3.31,868,4.99,3.65,989,5.68,4.88,0.78,0.75,0.46,0.45,8.69,106.15
5277,1484,14811,4800069,774,4.37,3.09,847,4.79,2.96,937,5.29,4.33,0.77,0.76,0.42,0.42,5.93,121.27
5278,1368,14810,2899473,732,4.36,3.19,770,4.58,2.77,905,5.39,4.4,0.76,0.74,0.44,0.44,5.48,115.21
5279,1528,17840,7146291,776,4.62,3.55,900,5.36,3.91,977,5.82,5.44,0.79,0.76,0.43,0.44,7.28,113.88
5280,1590,15322,4504899,845,4.45,3.3,958,5.04,4.25,1023,5.38,4.17,0.73,0.71,0.44,0.45,5.48,107.97
5281,1563,14973,4628327,817,4.67,3.71,911,5.21,3.94,1030,5.89,5.47,0.75,0.73,0.46,0.47,5.61,119.51
5282,1337,57181,11140349,736,4.46,3.6,758,4.59,3.05,925,5.61,5.13,0.7,0.68,0.46,0.48,6.31,108.5
5283,1062,10095,2203284,597,4.03,3.17,620,4.19,3.1,738,4.99,4.39,0.75,0.73,0.48,0.47,8.0,104.24
5284,912,9802,2204103,521,3.64,2.88,511,3.57,2.38,619,4.33,4.1,0.73,0.71,0.48,0.48,6.51,115.39
5285,1001,19384,5703812,561,3.51,2.79,624,3.9,2.93,710,4.44,3.77,0.74,0.73,0.49,0.51,8.5,105.85
5286,968,386595,495824478,549,3.56,2.95,540,3.51,2.17,664,4.31,4.06,0.77,0.76,0.47,0.47,10.18,105.64
5287,1096,129855,136636223,573,3.77,3.03,573,3.77,2.95,728,4.79,4.31,0.76,0.74,0.45,0.46,9.26,101.6
5288,1134,1165558,1641983631,634,4.06,3.09,690,4.42,3.11,792,5.08,4.13,0.78,0.76,0.48,0.47,8.48,103.28
5289,1093,4413867,5726562918,595,3.89,2.91,601,3.93,2.72,739,4.83,3.99,0.77,0.75,0.49,0.5,9.43,104.11
5290,1030,4360448,5613425904,562,3.77,3.46,576,3.87,2.72,690,4.63,4.31,0.72,0.71,0.51,0.51,7.71,102.4
5291,1218,89975,87591544,620,3.9,3.11,678,4.26,3.38,801,5.04,4.41,0.77,0.76,0.49,0.5,9.52,99.93
5292,1173,44446,39163419,623,3.78,2.9,699,4.24,3.63,823,4.99,4.32,0.78,0.76,0.47,0.48,7.97,107.85
5293,1358,1124233,1511618762,755,4.27,3.24,806,4.55,3.26,962,5.44,4.28,0.77,0.75,0.5,0.51,13.43,106.73
5294,1333,14095,2993309,737,4.39,3.28,814,4.85,3.53,931,5.54,4.63,0.76,0.74,0.5,0.51,6.38,108.39
5295,1361,78484,56381328,726,4.12,3.3,800,4.55,2.74,923,5.24,4.35,0.78,0.76,0.51,0.52,11.18,108.14
5296,1342,52015,53535698,714,4.33,3.98,730,4.42,3.18,877,5.32,4.96,0.76,0.73,0.45,0.46,6.71,105.27
5297,1379,30889,15258535,693,4.59,3.68,808,5.35,4.56,862,5.71,5.03,0.78,0.76,0.49,0.49,8.74,101.36
5298,1365,889238,970826799,737,4.49,3.36,799,4.87,3.48,909,5.54,4.59,0.81,0.79,0.47,0.47,10.28,101.01
5299,1320,39329,39262994,717,4.27,3.76,679,4.04,2.43,891,5.3,5.48,0.74,0.72,0.46,0.47,8.06,107.08
5300,1416,13455,3092660,767,4.51,3.52,813,4.78,3.82,930,5.47,4.97,0.79,0.78,0.43,0.44,6.77,110.89
5301,1333,19212,5979844,699,4.45,3.93,717,4.57,3.18,858,5.46,5.25,0.79,0.77,0.46,0.47,8.72,110.81
5302,1604,20103,7503430,874,4.75,4.16,924,5.02,4.17,1088,5.91,5.84,0.79,0.77,0.49,0.51,6.08,110.98
5303,1711,14236,2766962,965,5.11,3.51,1085,5.74,4.65,1203,6.37,5.23,0.79,0.77,0.44,0.45,4.5,109.9
5304,1669,15724,3884102,901,4.82,3.76,998,5.34,3.99,1117,5.97,5.37,0.81,0.78,0.43,0.43,4.76,107.62
5305,1759,38887,35180162,943,4.94,3.62,1030,5.39,3.52,1177,6.16,5.44,0.8,0.77,0.45,0.45,7.92,104.5
5306,1368,17947,3614393,739,4.32,3.56,789,4.61,2.97,922,5.39,5.22,0.75,0.73,0.47,0.46,6.84,105.9
5307,1015,10727,4100551,561,3.95,3.37,571,4.02,2.76,687,4.84,4.42,0.75,0.73,0.47,0.47,6.18,107.47
5308,983,9688,2295904,588,3.82,3.33,561,3.64,2.18,694,4.51,4.35,0.72,0.7,0.49,0.5,4.42,106.86
5309,1123,482824,64607314,616,3.87,2.98,676,4.25,3.39,748,4.7,4.02,0.78,0.78,0.52,0.53,9.78,103.9
5310,1242,779017,1005965743,706,4.47,3.56,743,4.7,3.28,890,5.63,4.88,0.79,0.78,0.47,0.48,5.7,101.6
5311,1068,26524,14086058,589,3.82,2.78,627,4.07,2.69,755,4.9,4.18,0.78,0.76,0.5,0.51,11.28,104.9
5312,985,68845,78243398,535,3.88,3.15,501,3.63,2.15,661,4.79,4.33,0.76,0.75,0.5,0.51,10.04,98.96
5313,1209,3220394,3666909820,673,3.89,3.04,698,4.03,3.02,837,4.84,4.31,0.75,0.73,0.46,0.47,9.1,107.15
5314,1302,3892262,4580016662,681,4.18,2.73,803,4.93,3.97,862,5.29,3.84,0.78,0.76,0.46,0.46,9.2,99.67
5315,1151,19479,10573691,663,4.02,3.66,660,4.0,2.76,809,4.9,4.79,0.73,0.71,0.46,0.47,10.91,107.54
5316,1451,18871,7026841,777,4.54,3.14,854,4.99,4.32,995,5.82,4.46,0.75,0.74,0.46,0.46,8.61,103.62
5317,1440,1322020,1006922885,834,4.79,3.58,913,5.25,4.31,1058,6.08,5.13,0.78,0.75,0.44,0.44,7.28,106.32
5318,1452,3523005,4187069015,811,4.56,3.36,874,4.91,3.28,1009,5.67,4.74,0.79,0.77,0.45,0.47,10.49,102.26
5319,1419,41787,34308980,733,4.24,3.29,754,4.36,3.06,943,5.45,4.43,0.75,0.72,0.45,0.46,8.74,102.24
5320,1380,121567,109004627,708,4.07,3.34,831,4.78,3.59,866,4.98,4.55,0.82,0.8,0.44,0.45,7.94,101.93
5321,1525,15119,2421346,801,4.43,3.39,989,5.46,5.6,1054,5.82,5.14,0.77,0.75,0.44,0.45,7.81,107.14
5322,1307,13415,4075153,701,4.05,3.2,697,4.03,3.05,899,5.2,4.78,0.73,0.71,0.45,0.46,7.89,98.74
5323,1579,2599179,3876524502,766,4.7,3.74,950,5.83,6.32,994,6.1,5.68,0.82,0.8,0.44,0.44,7.13,110.06
5324,1561,3295866,4924753122,775,4.14,3.62,889,4.75,3.7,989,5.29,5.2,0.77,0.75,0.5,0.5,8.32,103.57
5325,1393,4610709,6895211664,707,4.34,3.52,729,4.47,2.63,888,5.45,5.19,0.77,0.74,0.46,0.47,11.74,109.9
5326,1383,3127555,4675433793,702,4.47,3.32,713,4.54,2.38,874,5.57,5.14,0.77,0.75,0.46,0.46,10.16,116.56
5327,1493,16605,6251922,788,4.64,3.29,816,4.8,2.84,997,5.86,4.91,0.74,0.72,0.45,0.45,8.31,109.73
5328,1699,2237487,2305681281,911,5.18,3.49,1007,5.72,3.8,1127,6.4,4.72,0.78,0.75,0.43,0.45,7.07,118.57
5329,1582,14565,4055659,770,4.64,3.72,875,5.27,3.62,976,5.88,5.57,0.8,0.77,0.45,0.45,7.01,109.68
5330,1454,13002,3158736,795,4.65,3.79,808,4.73,2.99,960,5.61,5.31,0.77,0.75,0.47,0.47,7.44,105.5
5331,1590,2877677,2468607087,871,5.01,4.12,932,5.36,3.89,1051,6.04,5.52,0.76,0.75,0.44,0.46,6.48,108.08
5332,1470,11468,2316912,774,4.72,3.31,861,5.25,4.64,952,5.8,4.61,0.78,0.76,0.45,0.46,8.03,105.29
5333,1482,2661661,3956356348,782,4.52,3.6,842,4.87,3.71,999,5.77,5.21,0.74,0.71,0.44,0.44,8.18,102.83
5334,1516,15518,3889881,916,4.82,3.31,902,4.75,2.52,1088,5.73,4.53,0.79,0.78,0.45,0.46,7.98,110.4
5335,1402,11720,2864078,791,4.42,3.4,793,4.43,2.86,965,5.39,4.82,0.78,0.76,0.47,0.49,6.65,107.03
5336,1411,13170,3327053,820,4.56,3.71,802,4.46,2.49,987,5.48,4.98,0.79,0.76,0.46,0.48,8.27,111.77
5337,1479,13850,3287704,784,4.48,3.33,836,4.78,3.28,1013,5.79,5.02,0.77,0.75,0.48,0.49,9.73,98.05
5338,1659,209872,64885697,924,4.69,2.96,1071,5.44,3.58,1183,6.01,4.3,0.82,0.79,0.42,0.42,11.0,103.09
5339,1486,271673,14650868,839,4.56,3.13,843,4.58,2.49,1039,5.65,4.41,0.78,0.76,0.48,0.49,7.96,110.32
5340,1598,213094,32729846,902,4.85,3.82,970,5.22,4.02,1119,6.02,5.29,0.77,0.75,0.45,0.46,9.99,108.06
5341,1507,506728,737330809,877,4.59,3.31,939,4.92,3.07,1084,5.68,4.64,0.79,0.77,0.46,0.48,7.47,111.38
5342,1364,403513,557067561,787,4.47,3.22,757,4.3,2.46,966,5.49,4.54,0.79,0.77,0.45,0.45,7.83,107.51
5343,1617,644674,874684117,871,4.63,3.8,856,4.55,3.23,1117,5.94,5.38,0.76,0.73,0.44,0.44,10.49,108.59
5344,1575,281271,136212051,831,4.8,3.92,884,5.11,3.37,1070,6.18,5.77,0.77,0.75,0.44,0.43,9.23,103.47
5345,1582,94602,29592808,798,4.38,3.45,850,4.67,3.47,1060,5.82,5.15,0.78,0.76,0.45,0.47,11.22,102.69
5346,1677,86954,73570933,856,4.89,3.7,943,5.39,5.37,1116,6.38,5.54,0.78,0.77,0.46,0.46,8.41,101.99
5347,1713,128867,29702884,867,4.87,3.41,987,5.54,4.89,1154,6.48,5.46,0.77,0.74,0.45,0.47,7.9,115.19
5348,1590,733490,50744894,855,4.7,3.48,881,4.84,2.99,1092,6.0,5.02,0.79,0.78,0.45,0.45,11.02,111.67
5349,1727,1376624,68325172,879,5.14,4.36,943,5.51,4.19,1138,6.65,6.23,0.81,0.8,0.47,0.48,8.8,105.35
5350,1767,38670,10532576,930,5.11,3.96,960,5.27,3.72,1221,6.71,5.77,0.73,0.71,0.45,0.46,9.89,102.87
5351,1891,162735,10778696,955,5.55,4.34,928,5.4,3.64,1332,7.74,8.35,0.76,0.75,0.47,0.48,8.61,106.39
5352,2648,22973,5150356,1136,6.01,5.49,1156,6.12,4.97,1918,10.15,19.01,0.78,0.76,0.44,0.47,11.09,115.24
5353,2802,494552,25496255,1214,6.04,5.29,1203,5.99,4.25,2053,10.21,19.56,0.75,0.74,0.42,0.43,10.49,113.67
5354,2392,310909,17792817,978,5.72,6.12,863,5.05,3.1,1726,10.09,21.58,0.75,0.73,0.47,0.48,13.01,119.76
5355,2437,2045957,95257764,1032,5.86,5.56,976,5.55,3.48,1774,10.08,19.75,0.75,0.73,0.43,0.45,15.13,114.1
5356,2201,1639895,76268076,910,5.45,5.34,829,4.96,3.5,1579,9.46,17.8,0.73,0.71,0.43,0.44,12.86,106.56
5357,2234,256717,15822250,971,5.58,5.22,960,5.52,3.98,1611,9.26,18.06,0.74,0.71,0.43,0.44,14.56,113.87
5358,2265,21755,4886769,1020,5.64,5.12,1002,5.54,4.57,1723,9.52,18.97,0.77,0.75,0.42,0.42,15.4,107.88
5359,2186,1428107,77741989,937,5.21,5.17,841,4.67,2.69,1621,9.01,19.18,0.76,0.75,0.42,0.44,14.71,111.77
5360,2073,1207175,90796395,841,4.92,5.16,771,4.51,3.21,1539,9.0,19.81,0.72,0.69,0.46,0.46,15.89,106.73
5361,2185,21509,6126195,906,5.3,5.3,807,4.72,2.69,1589,9.29,19.65,0.74,0.72,0.42,0.43,16.24,116.4
5362,2265,488132,27251983,936,5.54,5.26,921,5.45,4.65,1565,9.26,18.38,0.8,0.78,0.44,0.45,14.59,108.7
5363,2192,25114,5280414,946,5.44,4.96,871,5.01,3.53,1592,9.15,17.28,0.73,0.72,0.46,0.48,18.56,111.66
5364,2026,65284,66915626,882,4.85,4.78,808,4.44,3.72,1473,8.09,16.44,0.74,0.71,0.42,0.44,14.06,114.1
5365,2072,56589,53850863,877,5.01,4.6,847,4.84,3.64,1470,8.4,16.62,0.8,0.78,0.42,0.42,16.03,103.94
5366,1988,48331,42687111,885,5.12,5.0,798,4.61,2.96,1422,8.22,16.67,0.8,0.77,0.44,0.43,14.74,111.74
5367,2070,53505,17432321,962,5.14,5.02,859,4.59,2.58,1539,8.23,15.69,0.79,0.75,0.42,0.43,12.57,112.82
5368,1869,54526,56288327,786,4.79,4.94,770,4.7,3.09,1344,8.2,16.2,0.75,0.74,0.47,0.49,14.19,104.5
5369,1878,76259,12001084,861,4.92,5.22,786,4.49,2.75,1382,7.9,15.61,0.78,0.76,0.45,0.45,14.23,105.63
5370,1817,12339,1952610,757,4.73,5.01,660,4.12,2.93,1314,8.21,17.67,0.73,0.72,0.45,0.44,12.65,116.86
5371,2057,32097,12565710,878,5.29,5.06,868,5.23,3.78,1480,8.92,18.0,0.78,0.76,0.46,0.47,13.9,105.65
5372,2217,32871,11079024,941,5.47,5.46,907,5.27,3.72,1601,9.31,19.03,0.79,0.77,0.44,0.45,11.99,108.07
5373,2214,20601,5061176,926,5.26,5.82,846,4.81,3.0,1562,8.88,18.82,0.77,0.76,0.45,0.44,11.89,102.02
5374,2083,15337,2926066,985,5.44,4.81,923,5.1,3.62,1553,8.58,15.45,0.77,0.75,0.46,0.47,12.63,107.83
5375,2076,16716,3327495,893,5.55,5.18,940,5.84,5.12,1483,9.21,17.48,0.82,0.8,0.42,0.44,11.21,119.59
5376,1918,279009,356031224,805,4.91,4.93,749,4.57,3.2,1394,8.5,17.42,0.75,0.73,0.46,0.47,11.07,110.56
5377,2107,17481,3690835,916,5.39,5.11,944,5.55,5.89,1502,8.84,16.4,0.77,0.75,0.47,0.48,11.87,111.12
5378,1820,15660,3613955,792,4.71,5.48,710,4.23,3.04,1358,8.08,17.54,0.72,0.71,0.48,0.5,15.71,107.51
5379,1418,10027,1640748,655,4.46,4.49,548,3.73,2.27,1064,7.24,14.13,0.74,0.73,0.48,0.49,11.68,108.5
5380,1592,18952,9526730,765,4.69,4.28,719,4.41,3.36,1219,7.48,13.66,0.78,0.76,0.47,0.49,13.98,115.4
5381,1451,30508,28180156,691,4.58,4.33,605,4.01,2.46,1098,7.27,13.09,0.78,0.76,0.43,0.44,12.32,105.92
5382,1566,137156,161779437,763,4.74,4.28,725,4.5,3.12,1209,7.51,13.06,0.75,0.73,0.45,0.46,14.66,104.76
5383,1343,30127,24872137,626,4.2,5.01,490,3.29,2.31,1021,6.85,14.01,0.66,0.63,0.51,0.52,19.84,103.1
5384,1334,17616,10454158,598,4.3,4.5,497,3.58,2.42,1045,7.52,15.2,0.69,0.67,0.46,0.49,15.1,102.6
5385,1396,18229,6812360,616,4.28,4.4,516,3.58,2.29,1005,6.98,13.37,0.71,0.71,0.49,0.52,14.54,121.88
5386,1410,19606,11251962,658,4.67,4.39,573,4.06,2.45,1073,7.61,13.47,0.72,0.72,0.48,0.48,14.09,107.36
5387,1972,264041,256245145,738,4.47,4.41,941,5.7,12.5,1266,7.67,14.87,0.74,0.72,0.47,0.5,10.43,110.88
5388,2029,266247,172175490,779,4.96,5.29,969,6.17,11.31,1286,8.19,16.14,0.75,0.74,0.49,0.49,13.05,103.59
5389,1839,603453,387710056,790,4.97,4.6,758,4.77,6.44,1318,8.29,15.05,0.75,0.74,0.45,0.45,16.59,106.74
5390,1754,1971993,1988828664,827,4.78,4.76,728,4.21,2.43,1344,7.77,15.48,0.8,0.77,0.46,0.48,16.23,108.25
5391,1787,1002339,1014329399,815,5.26,4.63,780,5.03,3.71,1332,8.59,14.98,0.75,0.73,0.46,0.48,15.0,113.44
5392,1885,432254,437752291,870,5.09,4.74,830,4.85,3.69,1419,8.3,15.64,0.75,0.75,0.45,0.45,13.92,105.98
5393,1923,818176,596617875,874,5.2,4.88,915,5.45,4.22,1446,8.61,16.17,0.76,0.75,0.47,0.5,12.7,104.58
5394,1680,1043492,699734420,740,4.87,5.62,613,4.03,2.33,1287,8.47,18.33,0.73,0.71,0.46,0.47,14.87,108.89
5395,1611,15694,3258749,766,4.94,4.72,643,4.15,2.72,1248,8.05,15.37,0.73,0.69,0.47,0.48,14.71,113.32
5396,1868,5682559,5926286763,787,4.95,5.28,674,4.24,2.94,1341,8.43,17.83,0.72,0.71,0.47,0.48,16.88,110.36
5397,2070,25624,9577011,855,5.45,5.41,798,5.08,3.7,1496,9.53,19.17,0.78,0.76,0.44,0.44,14.4,111.75
5398,2062,436999,498152155,888,5.38,5.47,823,4.99,4.6,1489,9.02,18.87,0.73,0.72,0.47,0.48,13.46,111.05
5399,2099,20209,9694185,920,5.05,4.91,780,4.29,2.51,1509,8.29,17.56,0.7,0.68,0.43,0.44,11.52,109.51
5400,2076,18109,4527957,909,5.32,4.79,820,4.8,3.71,1509,8.82,16.95,0.69,0.67,0.44,0.44,10.32,111.66
5401,1852,135142,163766096,886,5.15,4.91,783,4.55,3.35,1416,8.23,15.43,0.68,0.67,0.43,0.44,10.22,117.9
5402,1677,264447,296127860,770,4.78,4.61,667,4.14,2.67,1249,7.76,14.51,0.73,0.74,0.45,0.44,14.08,107.95
5403,1471,39161,15432277,685,4.6,4.69,574,3.85,2.49,1130,7.58,14.87,0.68,0.69,0.5,0.5,13.77,107.89
5404,1422,231715,286823294,685,4.03,4.05,590,3.47,2.31,1081,6.36,12.4,0.68,0.65,0.49,0.51,12.89,105.75
5405,1374,20061274,26466804749,697,4.5,3.66,661,4.26,3.03,1074,6.93,12.03,0.75,0.75,0.48,0.5,15.52,100.93
5406,1330,36105,20186649,690,4.16,3.9,606,3.65,2.26,1038,6.25,11.02,0.75,0.74,0.49,0.51,17.36,102.28
5407,1180,34141,32764185,576,4.36,4.5,519,3.93,3.34,900,6.82,12.54,0.77,0.76,0.49,0.49,17.26,102.58
5408,1261,19446,8817502,584,4.23,4.21,516,3.74,2.52,986,7.14,13.11,0.75,0.74,0.49,0.5,17.42,110.89
5409,1213,13024155,16962005172,574,4.13,4.18,481,3.46,2.03,921,6.63,11.97,0.72,0.7,0.52,0.54,17.44,102.49
5410,1297,47815,26751828,609,3.83,3.8,553,3.48,2.29,984,6.19,11.96,0.68,0.65,0.5,0.52,14.64,107.58
5411,1359,24502186,34882066392,657,4.32,4.39,595,3.91,2.71,1044,6.87,12.32,0.77,0.77,0.5,0.51,16.73,96.81
5412,1291,14401163,17465847051,616,4.37,4.22,521,3.7,2.33,998,7.08,12.32,0.77,0.75,0.5,0.5,16.69,108.63
5413,800,37467026,52959541385,435,3.82,4.05,373,3.27,2.57,719,6.31,12.02,0.74,0.72,0.48,0.49,22.71,106.02
5414,741,17460189,20416536523,367,3.71,3.98,340,3.43,3.93,670,6.77,12.33,0.67,0.66,0.55,0.55,24.04,105.75
5415,680,40082320,50010910306,349,3.79,4.39,251,2.73,1.44,626,6.8,14.33,0.73,0.7,0.55,0.55,24.35,107.08
5416,643,4167,1685258,317,3.6,3.94,238,2.7,1.55,593,6.74,13.64,0.69,0.66,0.51,0.52,20.17,108.69
5417,648,432319,322375536,310,3.52,3.93,236,2.68,1.39,589,6.69,13.75,0.72,0.71,0.51,0.5,21.28,110.45
5418,764,40945,30058856,355,3.7,3.81,284,2.96,1.72,704,7.33,15.46,0.74,0.73,0.51,0.51,18.03,113.96
5419,751,531310,535298936,354,3.69,3.96,273,2.84,1.66,687,7.16,14.85,0.73,0.7,0.52,0.51,27.0,108.07
5420,731,958515,979666976,364,4.14,4.68,261,2.97,1.71,684,7.77,16.7,0.75,0.74,0.55,0.55,16.89,112.04
5421,710,502448,737632636,355,3.99,4.77,246,2.76,1.71,647,7.27,15.49,0.76,0.75,0.6,0.58,25.89,106.74
5422,736,683591,37599214,373,4.14,4.7,266,2.96,1.63,681,7.57,15.39,0.73,0.7,0.49,0.48,19.08,119.01
5423,715,23115,27251178,346,3.8,4.23,258,2.84,1.34,648,7.12,14.13,0.72,0.71,0.44,0.43,15.3,113.99
5424,743,28041,25480389,361,3.92,4.13,267,2.9,1.77,672,7.3,15.49,0.72,0.7,0.48,0.48,21.98,115.87
5425,755,6158,2314823,379,4.51,4.77,271,3.23,1.85,700,8.33,16.55,0.67,0.65,0.48,0.48,17.24,116.3
5426,733,5434,1622994,361,3.8,4.22,269,2.83,1.37,669,7.04,14.67,0.76,0.75,0.51,0.51,15.31,109.55
5427,671,5860,1412502,339,4.08,4.41,244,2.94,1.46,616,7.42,14.44,0.77,0.75,0.5,0.48,20.23,112.46
5428,635,5406,968537,314,3.88,4.68,213,2.63,1.42,595,7.35,15.41,0.68,0.66,0.52,0.51,22.27,98.1
5429,703,14360,6205867,360,3.96,4.03,260,2.86,1.72,650,7.14,13.44,0.68,0.65,0.53,0.53,22.21,101.44
5430,3223,77571,66680292,1035,9.41,58.48,322,2.93,1.53,2700,24.55,189.71,0.69,0.67,0.46,0.44,15.47,116.75
5431,18305,483970,411651073,4535,46.75,169.58,307,3.16,2.2,14969,154.32,578.38,0.71,0.68,0.48,0.48,18.44,103.67
5432,17158,1160308,1325776387,4375,47.04,166.09,301,3.24,2.08,14024,150.8,550.92,0.7,0.67,0.48,0.49,24.45,107.63
5433,17247,3296059,3852284690,4343,45.72,164.22,287,3.02,2.23,14282,150.34,557.85,0.65,0.63,0.55,0.56,26.4,93.08
5434,13658,1035894,1040125744,3718,51.64,170.8,201,2.79,2.23,11354,157.69,551.19,0.65,0.63,0.51,0.49,15.72,103.56
5435,6172,185847,164952650,2122,57.35,129.28,79,2.14,1.62,5450,147.3,343.44,0.66,0.65,0.57,0.53,32.23,76.91
5436,12828,541530,557789614,3639,47.26,155.15,207,2.69,2.32,10683,138.74,471.45,0.66,0.64,0.52,0.5,25.55,92.87
5437,15262,16950977,19335536521,3991,46.41,158.4,259,3.01,2.44,12668,147.3,518.88,0.66,0.64,0.51,0.52,21.64,109.59
5438,17403,654676,598309831,4321,55.4,180.34,243,3.12,2.45,14226,182.38,610.95,0.67,0.64,0.5,0.49,23.3,103.96
5439,13882,1259544,1183120570,3531,49.04,161.05,253,3.51,4.36,11333,157.4,545.06,0.7,0.68,0.48,0.49,27.99,94.68
5440,18186,565165,501282664,4297,48.83,169.04,257,2.92,2.51,14599,165.9,592.18,0.66,0.63,0.49,0.49,22.71,111.96
5441,19008,559682,480953303,4356,50.07,174.13,212,2.44,1.86,14990,172.3,619.55,0.68,0.66,0.55,0.57,19.47,101.03
5442,18758,637313,570865867,4479,47.15,168.77,284,2.99,2.16,15071,158.64,587.94,0.67,0.65,0.48,0.48,18.11,101.88
5443,18422,692531,504547160,4509,57.08,185.9,254,3.22,2.19,14959,189.35,636.61,0.71,0.7,0.51,0.5,17.58,116.59
5444,18759,663779,501703595,4496,55.51,184.55,246,3.04,2.02,15098,186.4,637.78,0.63,0.6,0.49,0.49,15.5,109.05
5445,18108,1232237,1471551367,4437,48.76,170.76,276,3.03,2.5,14513,159.48,576.63,0.65,0.63,0.48,0.48,15.18,103.52
5446,17744,627402,508308658,4462,51.29,174.86,312,3.59,2.96,14412,165.66,584.93,0.71,0.68,0.45,0.45,21.36,104.02
5447,18531,694701,607411113,4408,52.48,176.99,270,3.21,2.23,14795,176.13,610.76,0.69,0.66,0.43,0.43,19.75,111.78
5448,18047,592798,493300145,4423,50.84,174.83,298,3.43,3.45,14474,166.37,588.6,0.72,0.7,0.49,0.49,15.22,120.25
5449,18452,1304760,1559063777,4422,61.42,190.39,238,3.31,2.13,14797,205.51,656.34,0.77,0.74,0.5,0.49,19.01,108.53
5450,18217,1306552,1538433757,4424,53.3,178.87,256,3.08,2.25,14598,175.88,608.23,0.76,0.74,0.47,0.48,20.13,115.61
5451,16361,2224640,2889626741,4074,50.3,167.1,235,2.9,2.05,13316,164.4,561.16,0.75,0.73,0.46,0.45,17.69,104.41
5452,5949,223811,181357325,2186,48.58,119.09,94,2.09,1.52,5310,118.0,293.57,0.58,0.56,0.58,0.57,27.64,88.73
5453,6074,708295,926991518,2266,56.65,129.39,86,2.15,1.85,5460,136.5,316.55,0.56,0.54,0.52,0.5,31.73,77.73
5454,5457,179839,166234351,2064,54.32,120.59,81,2.13,1.93,4944,130.11,294.01,0.5,0.49,0.61,0.59,27.09,74.19
5455,6344,178764,150743002,2326,41.54,115.66,131,2.34,1.89,5637,100.66,291.83,0.61,0.6,0.53,0.52,20.55,86.62
5456,9175,511604,524796842,2879,49.64,143.14,138,2.38,1.98,7922,136.59,415.7,0.61,0.6,0.53,0.52,23.9,101.5
5457,17006,1278404,1465702343,4260,42.6,156.43,311,3.11,2.23,13836,138.36,524.9,0.69,0.67,0.49,0.5,18.95,104.17
5458,16230,1099419,1318090901,4133,44.92,159.83,238,2.59,1.95,13275,144.29,525.71,0.65,0.63,0.54,0.52,21.02,91.01
5459,16036,897241,893760868,4170,40.88,150.22,347,3.4,2.61,13142,128.84,495.93,0.7,0.68,0.48,0.5,17.89,108.92
5460,10519,5869492,8501461048,2902,29.92,122.29,279,2.88,1.77,8706,89.75,399.56,0.71,0.69,0.54,0.55,20.81,105.81
5461,10855,392880,356702444,3030,52.24,156.86,145,2.5,1.69,9120,157.24,505.93,0.66,0.65,0.48,0.48,31.26,100.49
5462,20402,850033,720290118,4742,56.45,199.78,271,3.23,3.17,16628,197.95,734.74,0.65,0.63,0.48,0.5,17.8,101.19
5463,25280,1493982,1249529946,5423,58.95,211.4,277,3.01,2.05,20337,221.05,816.77,0.75,0.72,0.48,0.48,18.37,100.86
5464,25544,1573912,1492525013,5414,67.68,225.11,262,3.28,2.03,20409,255.11,874.9,0.76,0.73,0.49,0.49,23.21,108.73
5465,25803,1223554,1183904641,5585,58.79,214.37,311,3.27,3.76,20729,218.2,819.74,0.71,0.68,0.51,0.51,19.82,108.75
5466,25935,958011,821883036,5631,61.88,220.31,270,2.97,1.89,20909,229.77,844.59,0.68,0.65,0.44,0.44,19.39,97.16
5467,26538,1504875,1370666008,5632,62.58,222.05,269,2.99,2.4,21216,235.73,862.32,0.74,0.72,0.48,0.45,23.15,114.8
5468,26869,6523221,6506828462,5654,61.46,220.25,272,2.96,1.82,21590,234.67,865.15,0.71,0.68,0.46,0.46,18.59,105.91
5469,27096,1058097,822193868,5648,68.05,231.11,347,4.18,4.49,21636,260.67,910.94,0.77,0.75,0.44,0.43,20.47,110.79
5470,26864,947277,795740497,5679,67.61,231.75,251,2.99,1.97,21540,256.43,901.89,0.71,0.69,0.55,0.54,21.16,108.65
5471,27531,1235648,863059088,5695,58.71,215.42,338,3.48,3.16,22036,227.18,861.99,0.68,0.64,0.5,0.49,19.28,106.3
5472,27390,1055347,881083554,5805,63.79,227.04,296,3.25,2.68,21820,239.78,880.71,0.72,0.7,0.49,0.49,18.02,105.53
5473,27279,947302,777893151,5728,61.59,220.92,285,3.06,1.82,21971,236.25,876.0,0.68,0.66,0.47,0.46,20.17,103.8
5474,26657,956026,814279465,5790,59.69,218.92,309,3.19,1.99,21590,222.58,843.17,0.71,0.68,0.49,0.47,17.0,104.51
5475,26689,1105513,990432736,5724,64.31,226.69,283,3.18,2.41,21496,241.53,876.99,0.69,0.66,0.48,0.48,19.53,103.06
5476,25265,936525,778709754,5552,61.69,218.41,260,2.89,2.02,20606,228.96,836.44,0.66,0.62,0.49,0.5,17.0,104.61
5477,22879,6188276,7380084063,5116,59.49,205.97,257,2.99,2.29,18565,215.87,770.07,0.71,0.69,0.51,0.5,18.56,110.93
5478,22969,978615,903241065,5187,54.6,198.21,278,2.93,2.11,18787,197.76,742.54,0.68,0.65,0.55,0.54,23.12,97.48
5479,22581,896070,763284022,5176,68.11,221.63,255,3.36,2.82,18517,243.64,814.95,0.72,0.7,0.49,0.49,25.73,93.54
5480,21970,801496,700872529,5101,68.01,221.1,233,3.11,2.74,18163,242.17,804.78,0.75,0.74,0.5,0.46,18.64,95.61
5481,22296,1123488,1065034851,5209,55.41,200.9,276,2.94,2.28,18264,194.3,725.75,0.71,0.68,0.48,0.48,15.24,103.54
5482,22482,869741,755168490,5217,56.1,201.75,309,3.32,2.98,18476,198.67,736.87,0.67,0.65,0.49,0.47,18.66,96.97
5483,22740,836167,709645716,5146,64.32,215.04,237,2.96,2.03,18707,233.84,803.76,0.64,0.6,0.51,0.5,24.44,105.85
5484,22752,961266,829043200,5138,58.39,204.92,254,2.89,1.91,18573,211.06,762.24,0.74,0.71,0.5,0.5,17.99,104.25
5485,15044,607489,536507199,3896,56.46,185.6,196,2.84,2.36,12514,181.36,635.38,0.7,0.68,0.56,0.55,23.86,109.7
5486,21414,1033592,869505015,4901,62.83,214.63,248,3.18,3.01,17467,223.94,797.56,0.76,0.72,0.47,0.47,21.12,107.77
5487,25291,954006,780015978,5420,63.02,218.22,260,3.02,2.42,20432,237.58,847.34,0.74,0.71,0.5,0.49,16.2,99.4
5488,20991,1581539,1541897568,5024,57.09,197.99,300,3.41,1.72,17337,197.01,710.48,0.76,0.73,0.42,0.42,18.94,138.76
5489,20500,736663,638727903,4977,56.56,195.87,334,3.8,2.11,17067,193.94,696.33,0.8,0.76,0.38,0.41,15.53,147.19
5490,21031,841699,749685166,4962,45.52,174.09,369,3.39,1.96,17251,158.27,634.07,0.85,0.82,0.35,0.35,15.24,160.27
5491,20729,749174,634192988,5114,44.09,174.02,388,3.34,1.92,17240,148.62,614.42,0.83,0.8,0.35,0.35,13.51,152.99
5492,20863,743747,620030866,5052,43.18,171.12,395,3.38,2.17,17336,148.17,616.16,0.82,0.78,0.39,0.4,14.09,149.25
5493,20726,1088564,1053234126,4967,48.22,180.46,327,3.17,1.94,16896,164.04,639.21,0.83,0.81,0.34,0.32,11.63,158.18
5494,20003,690713,553525859,4926,42.83,167.96,370,3.22,1.77,16610,144.43,595.59,0.8,0.77,0.35,0.36,12.43,148.72
5495,20562,709786,608939525,4906,45.43,174.07,354,3.28,2.58,16889,156.38,625.4,0.84,0.81,0.36,0.38,11.41,151.63
5496,19190,886965,874026168,4820,45.9,176.09,327,3.11,2.12,16023,152.6,609.57,0.8,0.78,0.39,0.4,11.85,154.7
5497,19806,690767,603469977,4830,42.0,168.08,383,3.33,2.4,16360,142.26,596.13,0.77,0.73,0.35,0.35,8.28,146.11
5498,20027,919320,861563442,4924,44.36,174.41,431,3.88,3.62,16558,149.17,613.92,0.85,0.82,0.31,0.33,6.76,165.84
5499,19340,695126,612567636,4841,40.68,165.28,438,3.68,3.68,15936,133.92,570.66,0.87,0.84,0.35,0.36,5.24,157.09
5500,9015,327208,253170729,2920,41.13,130.97,212,2.99,3.92,8033,113.14,376.21,0.86,0.84,0.52,0.51,14.84,133.15
5501,9376,306296,260390603,3012,38.13,126.06,210,2.66,1.27,8372,105.97,364.31,0.8,0.75,0.4,0.4,6.92,146.79
5502,18141,694407,614563195,4553,41.77,162.87,349,3.2,1.87,15188,139.34,569.12,0.85,0.82,0.38,0.4,6.43,153.31
5503,19306,722637,574095385,4772,44.19,171.67,330,3.06,1.63,15999,148.14,600.46,0.78,0.74,0.37,0.39,9.09,163.27
5504,18287,690024,648067030,4715,42.48,166.54,365,3.29,1.82,15234,137.24,565.23,0.81,0.76,0.37,0.38,5.0,149.21
5505,19344,694170,560508992,4725,41.09,164.6,372,3.23,2.98,16083,139.85,586.1,0.85,0.83,0.36,0.36,7.69,156.48
5506,19252,709657,598534634,4809,43.72,171.07,349,3.17,1.56,16063,146.03,597.73,0.85,0.8,0.31,0.33,4.46,165.02
5507,18159,734622,718167738,4639,44.18,169.62,312,2.97,1.68,15256,145.3,580.21,0.77,0.74,0.37,0.37,10.67,144.19
5508,17365,1661381,1833515741,4530,43.56,165.18,337,3.24,1.84,14558,139.98,554.97,0.8,0.75,0.38,0.38,13.3,151.13
5509,17076,732347,674231941,4449,40.82,158.99,316,2.9,1.72,14254,130.77,532.33,0.86,0.83,0.39,0.41,7.67,151.91
5510,17442,653184,569364134,4530,39.39,155.97,382,3.32,1.73,14619,127.12,530.65,0.87,0.83,0.33,0.34,6.41,158.95
5511,15402,653444,497900231,4125,42.53,160.21,287,2.96,2.13,12935,133.35,531.08,0.86,0.83,0.41,0.4,6.46,150.87
5512,18847,696905,627354951,4751,43.19,170.57,319,2.9,1.96,15585,141.68,581.45,0.82,0.79,0.4,0.4,7.17,151.81
5513,19571,1196564,1279328747,4780,42.3,168.12,353,3.12,1.83,16264,143.93,596.95,0.78,0.74,0.33,0.34,9.14,148.93
5514,19449,821882,698277287,4847,46.16,177.35,334,3.18,1.83,16213,154.41,617.28,0.81,0.76,0.36,0.38,7.18,156.54
5515,20488,659232,527816864,5012,42.84,173.42,364,3.11,1.81,16931,144.71,612.46,0.84,0.82,0.34,0.34,6.92,163.16
5516,21142,742212,647328797,5135,45.44,181.6,357,3.16,1.76,17432,154.27,641.91,0.88,0.85,0.33,0.35,8.03,161.41
5517,21344,706041,604833869,5105,38.97,165.32,464,3.54,2.18,17500,133.59,596.88,0.85,0.82,0.34,0.35,3.77,157.41
5518,20966,759066,614029640,5063,41.5,171.06,433,3.55,2.7,17209,141.06,608.25,0.81,0.78,0.37,0.38,6.0,153.47
5519,20389,685953,602745843,4991,43.4,173.72,381,3.31,1.93,16842,146.45,613.76,0.87,0.84,0.35,0.36,5.86,160.32
5520,20922,769112,600807716,5034,48.87,186.46,333,3.23,1.95,17101,166.03,659.01,0.85,0.81,0.38,0.38,7.67,153.53
5521,21367,776744,604783291,5057,47.26,183.07,362,3.38,1.95,17446,163.05,658.0,0.86,0.83,0.36,0.37,5.58,157.14
5522,20686,926634,906329307,5019,39.52,165.64,427,3.36,1.81,16990,133.78,588.08,0.81,0.77,0.34,0.37,5.46,159.62
5523,19316,608878,493255080,4779,40.85,164.54,377,3.22,1.83,16001,136.76,576.44,0.79,0.74,0.35,0.36,6.04,160.15
5524,18050,818616,747886467,4532,40.83,160.59,338,3.05,1.63,15176,136.72,561.48,0.82,0.79,0.38,0.4,4.66,159.08
5525,17793,688274,605739634,4651,38.44,158.37,347,2.87,1.8,15056,124.43,534.47,0.79,0.75,0.41,0.42,5.71,147.43
5526,16854,516621,421212329,4419,42.9,162.99,290,2.82,1.67,14210,137.96,546.06,0.81,0.77,0.36,0.37,3.85,154.72
5527,18011,590409,511500054,4526,43.1,165.28,316,3.01,1.77,14908,141.98,568.32,0.81,0.78,0.38,0.39,3.33,161.76
5528,21815,890262,851607956,4960,77.5,236.61,174,2.72,1.79,17863,279.11,868.66,0.74,0.72,0.54,0.53,17.18,103.02
5529,23302,855700,758366172,5139,61.18,213.94,245,2.92,1.92,18898,224.98,807.06,0.67,0.64,0.48,0.48,9.66,107.35
5530,23186,1287365,1152802922,5135,64.19,218.29,259,3.24,3.09,18954,236.92,825.67,0.65,0.63,0.47,0.46,10.23,105.32
5531,23557,985400,875027260,5353,67.76,229.58,230,2.91,2.07,19356,245.01,850.5,0.69,0.67,0.48,0.48,8.28,102.22
5532,22880,882928,770856310,5182,58.22,209.05,263,2.96,1.99,18824,211.51,781.48,0.77,0.75,0.49,0.49,10.44,121.36
5533,23528,931270,824487076,5243,60.97,214.68,269,3.13,2.14,19360,225.12,815.69,0.74,0.71,0.54,0.54,9.53,107.67
5534,21867,897804,800844138,5078,54.6,200.15,260,2.8,2.06,18020,193.76,733.31,0.65,0.6,0.51,0.51,6.79,113.19
5535,23750,929687,813432599,5235,52.35,198.35,293,2.93,1.92,19408,194.08,761.08,0.71,0.7,0.48,0.5,10.82,105.52
5536,25959,1038396,934091774,5556,63.86,226.3,270,3.1,2.07,20982,241.17,879.08,0.71,0.68,0.5,0.5,12.65,102.41
5537,25917,1021345,898369877,5466,65.86,228.37,254,3.06,2.09,20874,251.49,896.02,0.66,0.63,0.55,0.57,16.28,108.53
5538,26538,1787204,1956417313,5570,55.15,209.58,311,3.08,1.84,21348,211.37,832.11,0.72,0.68,0.42,0.43,16.87,103.35
5539,27088,1154034,1091339016,5665,56.09,213.39,343,3.4,2.38,21860,216.44,851.29,0.76,0.74,0.46,0.47,12.04,115.22
5540,26596,1372339,1384073161,5708,55.96,214.7,337,3.3,2.69,21413,209.93,830.54,0.71,0.69,0.53,0.54,7.8,102.98
5541,28158,1141995,983252390,5858,58.58,222.65,330,3.3,2.2,22526,225.26,883.2,0.73,0.7,0.51,0.52,4.9,112.19
5542,27456,2061182,2307485457,5705,68.73,238.0,264,3.18,1.95,22134,266.67,948.4,0.67,0.62,0.47,0.49,7.26,115.81
5543,26057,1010418,878984462,5570,62.58,224.02,280,3.15,1.93,21084,236.9,871.73,0.71,0.67,0.49,0.5,8.83,116.7
5544,27266,1033138,901545162,5663,58.99,218.5,329,3.43,1.99,21857,227.68,871.85,0.74,0.71,0.45,0.47,4.24,118.68
5545,27327,5146753,7072864398,5691,54.72,212.3,322,3.1,2.82,21852,210.12,839.67,0.71,0.69,0.5,0.5,4.6,114.61
5546,26013,1202646,1133998362,5517,61.3,220.38,290,3.22,2.1,21043,233.81,865.86,0.72,0.7,0.49,0.49,8.2,111.19
5547,24124,1424193,1042300775,5361,65.38,224.86,263,3.21,1.92,19626,239.34,846.09,0.76,0.73,0.52,0.52,8.89,113.9
5548,23497,1317915,1336565772,5382,54.36,205.5,292,2.95,2.08,19378,195.74,762.97,0.72,0.7,0.53,0.52,11.66,107.32
5549,19569,861441,724914420,4677,57.74,199.09,261,3.22,2.32,16220,200.25,713.75,0.83,0.8,0.57,0.56,13.91,107.74
5550,21764,836440,775867508,5158,59.98,212.09,247,2.87,1.9,18022,209.56,764.89,0.73,0.71,0.51,0.5,11.43,108.4
5551,22857,853255,725337158,5250,59.66,213.01,307,3.49,2.38,18694,212.43,780.22,0.79,0.76,0.56,0.57,12.43,106.37
5552,22499,760841,685974713,5160,67.89,224.73,238,3.13,2.21,18611,244.88,832.12,0.75,0.72,0.52,0.52,16.38,115.54
5553,23153,834419,710161187,5262,63.4,219.64,262,3.16,2.23,19040,229.4,814.96,0.69,0.66,0.5,0.49,11.53,106.02
5554,21842,741676,668565966,5016,52.8,196.06,268,2.82,1.83,17985,189.32,722.25,0.77,0.76,0.55,0.55,24.72,111.85
5555,21535,761167,645029398,5088,54.71,200.54,309,3.32,2.44,17804,191.44,723.1,0.78,0.75,0.53,0.53,19.96,106.53
5556,17840,688144,631363213,4381,49.78,181.92,243,2.76,1.77,14909,169.42,651.05,0.8,0.77,0.54,0.55,14.23,108.3
5557,20063,844147,749057758,4771,70.16,219.85,204,3.0,1.75,16782,246.79,790.85,0.72,0.7,0.54,0.55,15.44,101.78
5558,37394,1457361,1231533216,6737,105.27,335.42,193,3.02,2.24,29776,465.25,1577.25,0.79,0.78,0.54,0.52,14.87,112.65
5559,58789,2324148,1934075486,8899,101.12,367.07,274,3.11,2.51,45716,519.5,1922.41,0.73,0.72,0.5,0.49,11.62,111.21
5560,59491,2101686,1873367834,9021,104.9,376.31,294,3.42,3.0,46273,538.06,1967.56,0.7,0.67,0.47,0.46,9.86,105.97
5561,62548,2408100,2063213804,9208,95.92,363.88,324,3.38,2.89,47951,499.49,1932.58,0.68,0.65,0.49,0.49,6.52,101.57
5562,64289,2254615,1971075385,9507,99.03,376.65,320,3.33,3.07,48985,510.26,1974.58,0.68,0.65,0.54,0.53,8.06,106.83
5563,63372,2241930,1920111168,9413,90.51,357.59,315,3.03,2.14,48331,464.72,1873.97,0.69,0.67,0.55,0.57,10.96,96.57
5564,64409,2273201,1940673287,9613,98.09,374.05,409,4.17,4.96,49122,501.24,1958.3,0.68,0.64,0.51,0.5,11.35,112.85
5565,65198,2286548,1946559869,9651,90.2,360.15,413,3.86,3.69,49497,462.59,1893.53,0.73,0.72,0.49,0.48,9.98,115.02
5566,60802,2253703,1984417667,9261,100.66,372.26,311,3.38,2.18,46591,506.42,1915.96,0.75,0.73,0.48,0.47,10.81,110.53
5567,60142,3191248,3319544935,9206,80.05,330.96,377,3.28,2.34,46235,402.04,1706.19,0.67,0.64,0.5,0.52,6.61,116.59
5568,60877,2652232,2429754523,9247,88.91,350.11,331,3.18,2.15,46943,451.38,1818.85,0.64,0.62,0.52,0.52,5.38,106.79
5569,60340,2287434,2023744850,9182,92.75,356.61,315,3.18,2.47,46475,469.44,1844.99,0.69,0.67,0.48,0.48,7.07,100.57
5570,58641,2444641,2268943642,9181,96.64,363.47,363,3.82,3.36,45498,478.93,1840.62,0.69,0.64,0.45,0.44,4.63,99.78
5571,55431,2043217,1801537850,8759,108.14,375.9,277,3.42,2.66,43137,532.56,1885.11,0.75,0.74,0.51,0.52,6.97,107.03
5572,52219,2470475,2387468212,8347,103.05,357.42,271,3.35,2.72,41128,507.75,1796.71,0.75,0.72,0.49,0.47,9.6,97.05
5573,50008,2084145,1787552792,8158,99.49,349.01,216,2.63,2.08,39656,483.61,1724.36,0.69,0.67,0.56,0.57,13.6,103.62
5574,49710,2036596,1798708899,8171,100.88,349.34,251,3.1,2.64,39303,485.22,1714.59,0.67,0.64,0.52,0.53,6.67,99.49
5575,50009,2068271,1885284547,8166,94.95,340.43,283,3.29,3.52,39548,459.86,1678.01,0.69,0.65,0.49,0.5,9.98,99.41
5576,51481,2631016,2524340636,8489,93.29,344.0,348,3.82,4.94,40726,447.54,1682.58,0.65,0.61,0.47,0.47,6.84,106.58
5577,49891,6755364,7038644607,8264,90.81,333.78,282,3.1,2.12,39500,434.07,1631.86,0.77,0.74,0.5,0.5,10.43,100.6
5578,48847,1871570,1708066021,8060,97.11,341.29,248,2.99,2.46,38672,465.93,1669.58,0.72,0.7,0.51,0.5,14.06,100.1
5579,46944,1770121,1625350071,7887,90.66,326.19,261,3.0,2.11,37513,431.18,1583.12,0.75,0.73,0.54,0.56,15.87,97.81
5580,51090,37443903,52020867642,8501,97.71,352.38,249,2.86,2.08,40369,464.01,1703.71,0.73,0.71,0.52,0.51,14.97,102.72
5581,50957,2461670,2375376867,8263,105.94,360.24,266,3.41,3.27,40304,516.72,1789.26,0.68,0.66,0.5,0.51,6.4,99.22
5582,52460,5244717,5055241185,8486,83.2,324.58,302,2.96,1.95,41219,404.11,1611.48,0.68,0.66,0.5,0.51,13.15,106.76
5583,56586,3635971,3909094383,8680,85.94,334.12,373,3.69,5.11,43723,432.9,1720.12,0.67,0.64,0.56,0.58,9.72,97.56
5584,59173,3607822,3911353976,8961,92.38,352.28,306,3.15,2.22,45629,470.4,1829.29,0.64,0.61,0.57,0.57,11.7,96.33
5585,56916,6774875,8096011935,8845,101.67,366.62,296,3.4,2.72,43948,505.15,1855.75,0.7,0.67,0.5,0.51,13.49,102.39
5586,58297,4371286,5206649885,9013,92.92,353.24,336,3.46,2.33,45246,466.45,1813.77,0.76,0.72,0.49,0.48,12.87,115.07
5587,60423,2336269,2185452476,9146,97.3,364.86,334,3.55,4.07,46483,494.5,1892.75,0.72,0.69,0.51,0.51,8.03,108.58
5588,60536,3311852,3490324781,9204,100.04,371.11,374,4.07,5.66,46291,503.16,1904.35,0.73,0.69,0.52,0.53,13.19,106.19
5589,60657,2434975,2309384209,9217,100.18,372.27,283,3.08,2.27,46739,508.03,1923.13,0.75,0.72,0.54,0.54,12.39,95.28
5590,59774,3366401,3612132330,9162,107.79,383.77,298,3.51,2.67,46225,543.82,1972.06,0.7,0.67,0.5,0.49,13.03,100.46
5591,60670,2553690,2339504171,9209,97.97,367.0,348,3.7,3.05,46644,496.21,1898.51,0.78,0.74,0.49,0.5,8.07,108.46
5592,62113,3012024,3061013826,9349,98.41,371.11,301,3.17,2.35,47563,500.66,1927.3,0.69,0.67,0.54,0.54,13.44,99.61
5593,59620,2857957,2856708209,9158,97.43,365.27,321,3.41,2.55,45775,486.97,1864.4,0.72,0.69,0.53,0.54,15.38,107.18
5594,57272,2504581,2335218309,8901,95.71,357.32,314,3.38,2.76,44354,476.92,1814.81,0.71,0.68,0.49,0.5,24.83,105.08
5595,55665,2335091,2218355856,8752,89.31,342.25,311,3.17,2.42,43313,441.97,1726.91,0.66,0.63,0.49,0.51,12.56,100.68
5596,53473,2136820,1999971048,8642,99.33,358.22,305,3.51,2.81,42123,484.17,1778.32,0.66,0.64,0.5,0.52,6.89,98.14
5597,54712,14785401,19914572421,8696,87.84,338.85,282,2.85,2.02,42776,432.08,1700.44,0.77,0.75,0.58,0.58,13.71,104.08
5598,50637,3130168,3613060617,8352,94.91,344.15,248,2.82,2.25,40008,454.64,1681.16,0.69,0.68,0.53,0.53,20.21,101.26
5599,52856,2674834,2761539878,8475,93.13,343.62,285,3.13,2.47,41492,455.96,1715.24,0.73,0.7,0.52,0.54,17.41,105.34
5600,55972,2241028,2066319539,8644,84.75,331.58,316,3.1,2.52,43403,425.52,1699.98,0.75,0.73,0.56,0.57,10.92,100.15
5601,55908,2499020,2243609618,8602,80.39,320.73,374,3.5,2.78,43246,404.17,1653.41,0.76,0.74,0.54,0.54,20.43,107.5
5602,54450,2146119,1941637039,8575,83.25,326.8,305,2.96,2.18,42220,409.9,1644.82,0.7,0.68,0.51,0.52,15.14,94.71
5603,57229,2498182,2341528808,8906,97.87,361.57,282,3.1,2.53,44414,488.07,1835.92,0.65,0.63,0.52,0.53,16.49,99.04
5604,53503,2193742,1917581145,8505,96.65,349.81,297,3.38,2.83,41796,474.95,1755.28,0.79,0.76,0.5,0.52,18.11,111.95
5605,53267,2069276,1784519836,8639,95.99,352.6,256,2.84,2.04,41780,464.22,1736.49,0.71,0.69,0.53,0.55,14.86,95.24
5606,51874,5214952,4973455204,8497,96.56,349.49,275,3.12,2.08,40826,463.93,1714.48,0.76,0.72,0.5,0.51,13.9,109.04
5607,52254,1994717,1827092384,8435,95.85,348.56,235,2.67,1.91,41101,467.06,1727.33,0.66,0.64,0.52,0.52,8.12,97.92
5608,54011,2250243,2003355596,8597,103.58,364.85,242,2.92,2.18,42172,508.1,1820.52,0.68,0.66,0.43,0.42,10.77,98.48
5609,55363,7942497,10398877354,8808,95.74,355.63,318,3.46,2.32,43238,469.98,1779.41,0.76,0.73,0.48,0.5,12.08,99.33
5610,53897,5974132,5335054308,8440,109.61,371.45,248,3.22,2.91,41976,545.14,1879.26,0.71,0.69,0.52,0.52,15.08,99.11
5611,52541,2346071,2187325941,8245,114.51,374.34,252,3.5,3.23,40804,566.72,1885.29,0.77,0.76,0.53,0.55,22.2,101.2
5612,55029,2175109,1953746354,8512,100.14,356.95,283,3.33,2.7,42644,501.69,1823.43,0.7,0.68,0.55,0.55,12.39,98.76
5613,58558,2149962,1916221819,8815,103.71,369.99,277,3.26,2.73,45139,531.05,1929.03,0.72,0.69,0.49,0.5,10.91,99.53
5614,59684,2500348,2297592282,8883,98.7,362.13,308,3.42,2.36,45758,508.42,1902.18,0.68,0.64,0.51,0.53,7.78,98.39
5615,57221,2327983,2125317321,8677,112.69,380.91,306,3.97,4.05,44194,573.95,1976.26,0.74,0.73,0.49,0.49,8.34,104.02
5616,52150,4457605,4280289485,8304,110.72,370.54,247,3.29,3.19,40631,541.75,1841.85,0.68,0.66,0.53,0.52,9.69,96.28
5617,59983,2594055,2283480994,8898,97.78,360.75,317,3.48,4.3,45928,504.7,1899.56,0.68,0.64,0.47,0.46,6.59,105.57
5618,58913,2325293,1983240046,8752,96.18,354.48,289,3.18,2.23,45279,497.57,1871.42,0.7,0.66,0.5,0.5,13.92,109.96
5619,56341,2134076,1845600126,8510,113.47,379.15,243,3.24,2.22,43520,580.27,1971.39,0.72,0.69,0.49,0.49,12.55,106.99
5620,53664,2027103,1769116397,8372,104.65,362.16,223,2.79,2.07,41686,521.08,1833.56,0.74,0.72,0.51,0.5,9.09,107.79
5621,53401,2291776,2006175925,8431,98.03,350.62,272,3.16,2.09,41735,485.29,1770.38,0.7,0.67,0.46,0.48,10.15,103.03
5622,53233,2115022,1935037900,8397,91.27,337.35,309,3.36,2.54,41516,451.26,1705.82,0.73,0.69,0.54,0.56,18.28,106.58
5623,53533,2011976,1856654842,8463,93.0,343.46,244,2.68,1.76,41775,459.07,1728.88,0.73,0.7,0.51,0.48,11.66,105.01
5624,52902,3780189,3526491351,8391,99.89,354.88,245,2.92,2.3,41362,492.4,1780.35,0.73,0.69,0.49,0.49,23.07,106.41
5625,46363,1735153,1578151907,7901,90.82,326.3,276,3.17,2.38,36901,424.15,1556.39,0.7,0.68,0.48,0.46,11.61,96.92
5626,48884,2438407,2235885499,8127,91.31,333.96,261,2.93,2.46,38690,434.72,1616.51,0.78,0.76,0.53,0.54,17.04,104.68
5627,50878,5513255,7052640492,8288,103.6,356.75,265,3.31,2.51,39991,499.89,1755.63,0.71,0.67,0.5,0.5,14.79,106.29
5628,49288,2512896,2239454330,8156,98.27,346.88,229,2.76,2.23,38666,465.86,1670.02,0.71,0.69,0.53,0.52,13.38,92.07
5629,51057,2001876,1748672548,8330,90.54,335.78,316,3.43,2.7,39748,432.04,1634.31,0.75,0.72,0.48,0.49,18.06,102.37
5630,49613,1953463,1759344034,8176,99.71,349.33,245,2.99,3.14,39131,477.21,1699.57,0.77,0.74,0.54,0.54,14.54,101.21
5631,46718,2071879,1874836407,7931,92.22,329.54,293,3.41,4.42,36942,429.56,1566.61,0.68,0.65,0.51,0.5,13.18,107.66
5632,45346,3816781,4574927497,7798,90.67,325.18,274,3.19,3.9,35980,418.37,1527.74,0.64,0.6,0.54,0.51,14.83,95.75
5633,49075,2196929,1991660208,8035,90.28,329.91,258,2.9,2.27,38633,434.08,1614.93,0.73,0.72,0.51,0.51,9.94,107.81
5634,50573,2013149,1861234588,8144,95.81,341.94,260,3.06,2.58,39530,465.06,1688.78,0.81,0.78,0.53,0.49,11.41,100.73
5635,51703,2386892,2321057493,8111,92.17,334.36,262,2.98,2.17,39913,453.56,1676.96,0.78,0.76,0.53,0.53,14.67,100.7
5636,50716,2139261,2060704563,8139,114.63,372.13,208,2.93,2.04,39622,558.06,1841.89,0.78,0.76,0.52,0.53,11.9,109.37
5637,49638,3230020,3122334690,7957,112.07,362.55,237,3.34,2.17,38870,547.46,1806.78,0.71,0.66,0.46,0.41,7.69,107.58
5638,48531,2156037,1932731250,7910,111.41,360.77,269,3.79,2.66,37816,532.62,1756.89,0.76,0.7,0.47,0.43,11.14,116.74
5639,49813,2065468,1862412167,8016,112.9,367.03,228,3.21,2.45,38867,547.42,1807.57,0.68,0.67,0.58,0.55,9.48,100.59
5640,46469,2326421,2187671125,7761,110.87,357.58,253,3.61,4.24,36569,522.41,1711.83,0.77,0.75,0.54,0.53,19.28,97.39
5641,45912,2137731,2072962468,7642,100.55,337.45,234,3.08,2.2,36039,474.2,1621.7,0.72,0.71,0.51,0.52,6.34,102.88
5642,49135,2060450,1887240988,7993,90.83,328.17,288,3.27,2.43,38494,437.43,1614.97,0.78,0.77,0.51,0.5,4.71,100.89
5643,52398,2219784,1981964477,8314,89.4,333.27,283,3.04,2.14,40861,439.37,1672.5,0.79,0.77,0.54,0.52,12.09,104.57
5644,50615,3457238,3374497128,8187,113.71,371.48,240,3.33,2.16,39366,546.75,1817.71,0.77,0.75,0.49,0.47,7.83,114.69
5645,49640,2014009,1839618471,8043,108.69,360.91,226,3.05,2.18,38672,522.59,1764.17,0.78,0.76,0.54,0.52,5.7,112.83
5646,51461,2373247,2251576197,8263,99.55,349.0,280,3.37,2.57,40256,485.01,1736.24,0.75,0.73,0.51,0.5,9.03,96.32
5647,51204,2290407,1969290687,8151,100.63,349.57,268,3.31,2.44,40263,497.07,1758.97,0.78,0.76,0.55,0.54,14.28,108.61
5648,52123,2316922,2011272127,8235,98.04,347.23,285,3.39,2.35,40531,482.51,1740.79,0.71,0.68,0.51,0.51,7.38,102.72
5649,52280,2370850,2311478043,8280,107.53,365.07,220,2.86,2.02,40917,531.39,1833.87,0.76,0.74,0.54,0.54,10.89,106.85
5650,48936,3030005,1873138737,8044,92.46,334.31,260,2.99,2.31,38437,441.8,1625.65,0.78,0.77,0.53,0.54,14.74,111.31
5651,49203,7613120,9349884904,8018,108.35,359.57,230,3.11,2.65,38461,519.74,1753.77,0.77,0.74,0.54,0.55,14.22,108.83
5652,50690,2964029,3064099142,8121,104.12,354.96,253,3.24,2.2,39262,503.36,1746.74,0.84,0.82,0.5,0.5,16.28,114.98
5653,52446,11054425,15286111579,8366,113.05,375.34,233,3.15,2.83,41100,555.41,1874.2,0.84,0.82,0.56,0.55,14.8,106.91
5654,54402,2038900,1741200920,8441,104.21,361.43,277,3.42,2.09,42259,521.72,1845.17,0.83,0.8,0.46,0.48,11.8,114.38
5655,50508,2007601,1871967535,8077,106.28,357.13,246,3.24,2.39,39493,519.64,1782.07,0.79,0.76,0.46,0.48,13.51,102.4
5656,45449,2004056,1907429298,7715,85.72,313.56,290,3.22,2.29,35832,398.13,1488.89,0.73,0.7,0.53,0.52,15.23,105.76
5657,46165,2467341,2504866945,7904,86.86,318.19,335,3.68,2.52,36211,397.92,1494.72,0.74,0.72,0.51,0.52,10.96,100.82
5658,47275,2969775,2439033542,7805,83.92,312.21,300,3.23,2.52,36830,396.02,1507.47,0.77,0.76,0.52,0.54,11.9,110.8
5659,43420,2148860,2072977434,7493,90.28,316.67,304,3.66,2.73,33992,409.54,1477.33,0.84,0.83,0.54,0.54,11.29,110.14
5660,48155,2109389,1951962181,7991,95.13,335.07,311,3.7,2.74,37471,446.08,1607.8,0.9,0.88,0.49,0.5,14.64,121.8
5661,45849,2272846,2126826629,7719,89.76,321.0,313,3.64,2.67,35830,416.63,1521.49,0.85,0.83,0.58,0.59,13.28,108.13
5662,44496,2585860,2575304681,7600,88.37,314.62,290,3.37,2.49,35098,408.12,1490.23,0.74,0.72,0.52,0.51,7.84,122.56
5663,48749,2726154,2793357881,8017,100.21,345.17,305,3.81,4.53,38007,475.09,1672.07,0.77,0.74,0.49,0.5,11.14,113.65
5664,50444,2535911,2386677710,8118,87.29,323.91,330,3.55,2.61,39072,420.13,1596.53,0.75,0.72,0.52,0.52,10.81,114.74
5665,48838,2451016,2322857183,7989,84.09,315.56,362,3.81,2.57,37672,396.55,1524.42,0.77,0.76,0.5,0.5,9.64,113.86
5666,47031,2671665,2686126868,7914,92.02,327.1,341,3.97,2.56,36722,427.0,1558.51,0.75,0.72,0.47,0.47,12.49,120.25
5667,47812,8907071,12104932660,7990,92.91,331.02,318,3.7,2.91,37236,432.98,1580.81,0.74,0.73,0.48,0.48,10.95,126.82
5668,48402,2382184,2212698353,7900,85.87,317.46,381,4.14,8.16,37484,407.43,1541.69,0.79,0.76,0.53,0.52,14.91,109.08
5669,47763,2435923,2347932090,7904,83.2,311.98,361,3.8,3.19,37168,391.24,1502.12,0.76,0.72,0.5,0.48,10.1,121.29
5670,51336,2449164,2416039920,8192,91.02,332.69,349,3.88,4.66,39698,441.09,1649.33,0.75,0.72,0.53,0.52,12.69,108.54
5671,46846,2613075,2555409657,7727,97.81,334.12,292,3.7,2.38,36702,464.58,1620.11,0.83,0.81,0.47,0.45,12.4,111.82
5672,43395,1932821,1787008391,7467,93.34,321.29,279,3.49,2.34,34213,427.66,1501.66,0.81,0.78,0.51,0.5,7.71,123.32
5673,46423,2484944,2442027246,7800,82.98,310.71,331,3.52,2.5,36419,387.44,1485.49,0.81,0.78,0.52,0.53,6.82,116.86
5674,45772,2053461,2011907642,7687,89.38,318.86,324,3.77,2.58,36188,420.79,1536.14,0.82,0.81,0.49,0.51,6.81,105.42
5675,44260,1954223,1844492273,7447,84.62,305.85,329,3.74,3.09,34773,395.15,1457.09,0.81,0.78,0.49,0.47,12.08,99.64
5676,43619,4379320,5057213026,7497,87.17,310.59,354,4.12,3.12,34371,399.66,1456.71,0.82,0.8,0.52,0.54,11.14,108.97
5677,46463,2249808,2153516630,7804,94.02,329.19,320,3.86,2.65,36746,442.72,1584.91,0.81,0.78,0.5,0.51,11.57,105.05
5678,45178,2172035,2162641896,7729,78.87,299.33,371,3.79,2.52,35532,362.57,1414.33,0.77,0.72,0.49,0.49,10.45,113.04
5679,44706,2220698,1945370461,7539,101.88,336.59,275,3.72,2.34,35157,475.09,1600.27,0.79,0.76,0.46,0.46,13.53,105.39
5680,48659,2206481,1968622517,7966,93.72,331.86,295,3.47,2.08,38034,447.46,1621.95,0.8,0.78,0.52,0.53,12.92,112.95
5681,46245,2076348,1929622255,7762,97.02,332.8,292,3.65,2.65,36524,456.55,1602.52,0.81,0.79,0.5,0.49,9.84,108.04
5682,47061,2226313,2037068112,7846,89.16,322.09,305,3.47,2.67,36952,419.91,1550.69,0.82,0.79,0.49,0.49,9.21,111.21
5683,48940,2000147,1778566304,7897,81.41,310.51,299,3.08,2.24,38255,394.38,1534.76,0.78,0.75,0.52,0.51,10.12,107.78
5684,52397,2222320,2101115580,8219,87.44,327.07,336,3.57,2.98,40358,429.34,1642.06,0.78,0.76,0.54,0.53,11.36,113.65
5685,44678,2479325,2518840737,7449,112.86,351.51,241,3.65,2.63,34842,527.91,1677.0,0.78,0.76,0.57,0.58,7.29,115.32
5686,45758,2171306,2017339253,7608,100.11,335.78,240,3.16,2.18,35515,467.3,1597.65,0.76,0.74,0.47,0.46,11.04,112.04
5687,46428,2332023,2249454020,7693,90.51,322.22,267,3.14,2.25,35974,423.22,1537.1,0.74,0.73,0.53,0.52,6.34,100.31
5688,45230,2107953,2026857830,7525,88.53,314.16,298,3.51,2.71,35337,415.73,1506.29,0.72,0.68,0.45,0.44,8.56,109.64
5689,44545,2030558,1910774426,7436,123.93,367.97,231,3.85,4.38,34932,582.2,1754.13,0.75,0.73,0.52,0.5,9.62,100.34
5690,46649,2076963,2000589565,7683,80.87,304.51,337,3.55,2.89,36346,382.59,1473.18,0.78,0.76,0.46,0.46,11.81,106.01
5691,44904,2151010,2142914719,7495,107.07,343.87,276,3.94,3.37,34985,499.79,1636.18,0.79,0.78,0.45,0.45,10.68,121.48
5692,38444,2072868,2069597479,6790,99.85,316.84,218,3.21,2.44,30402,447.09,1442.34,0.78,0.77,0.54,0.53,19.09,99.09
5693,39477,1934413,1978914895,7031,95.01,314.68,278,3.76,4.3,31150,420.95,1423.21,0.7,0.68,0.52,0.52,12.0,103.25
5694,41495,1658932,1577511585,7156,100.79,328.01,226,3.18,2.91,32678,460.25,1530.81,0.73,0.7,0.5,0.5,11.9,108.61
5695,40936,1836423,1809661183,7204,94.79,318.38,218,2.87,1.98,32194,423.61,1450.56,0.79,0.77,0.55,0.57,5.84,112.96
5696,39063,2346133,2288108559,7021,103.25,327.84,187,2.75,1.75,31134,457.85,1479.87,0.76,0.72,0.53,0.54,19.46,113.33
5697,45161,1746495,1588077176,7631,105.99,346.65,208,2.89,1.89,35575,494.1,1642.42,0.73,0.7,0.53,0.54,11.28,104.02
5698,40342,1938427,1764479153,7180,83.49,298.61,251,2.92,2.08,32022,372.35,1359.3,0.68,0.67,0.52,0.54,17.59,96.41
5699,39070,2158691,2192490405,7031,101.9,325.35,206,2.99,2.07,31218,452.43,1468.85,0.79,0.78,0.5,0.47,10.76,110.23
5700,43429,2014001,1930739114,7519,82.63,302.59,350,3.85,3.09,34355,377.53,1419.99,0.76,0.75,0.47,0.49,15.02,104.21
5701,41608,1984616,1988612219,7422,87.32,310.24,248,2.92,1.92,33134,389.81,1413.98,0.8,0.77,0.5,0.51,12.25,114.31
5702,38395,1836528,1768526300,7012,101.62,323.49,231,3.35,2.16,30843,447.0,1449.78,0.8,0.77,0.47,0.48,13.26,113.82
5703,41010,1835780,1755354593,7286,94.62,318.89,258,3.35,2.26,32548,422.7,1456.28,0.8,0.76,0.5,0.49,11.34,113.58
5704,36101,3185405,1775948745,6606,115.89,332.3,251,4.4,2.14,28794,505.16,1476.2,0.9,0.88,0.4,0.4,6.02,158.05
5705,34754,2037920,2155115954,6659,81.21,279.71,345,4.21,2.35,27932,340.63,1211.02,0.79,0.76,0.42,0.44,5.32,142.54
5706,42637,2692079,2994285544,7421,76.51,288.85,386,3.98,2.87,33661,347.02,1345.73,0.79,0.77,0.46,0.48,13.36,96.88
5707,46653,3083606,3342440183,7832,96.69,334.23,291,3.59,2.61,36382,449.16,1588.52,0.85,0.82,0.54,0.55,12.36,108.5
5708,44087,2347133,2382217030,7498,92.57,320.04,319,3.94,3.7,34496,425.88,1506.15,0.79,0.77,0.52,0.52,8.1,98.32
5709,46369,2367655,2303845017,7805,80.46,304.75,335,3.45,2.68,36165,372.84,1448.46,0.75,0.73,0.5,0.5,13.42,110.38
5710,47429,3997924,4418960991,7804,83.02,308.44,390,4.15,3.34,36749,390.95,1493.88,0.78,0.77,0.5,0.5,6.31,104.49
5711,49843,12603889,17560891383,8121,88.27,324.28,378,4.11,2.9,38400,417.39,1574.38,0.78,0.76,0.47,0.47,11.22,118.82
5712,47665,3442106,3887560898,7900,75.96,297.29,397,3.82,3.01,36814,353.98,1425.74,0.74,0.72,0.5,0.49,9.1,108.48
5713,47780,2721264,2900316541,7808,87.73,319.02,304,3.42,2.51,37105,416.91,1550.31,0.76,0.73,0.47,0.47,8.35,108.71
5714,48788,3232337,3340751510,8050,90.45,328.12,366,4.11,3.58,37650,423.03,1571.24,0.8,0.78,0.5,0.51,9.12,106.13
5715,44286,2318836,2403883476,7562,77.96,294.27,333,3.43,2.24,34707,357.8,1388.07,0.76,0.73,0.5,0.51,6.9,113.46
5716,40353,2409576,2547563537,7181,84.48,299.52,264,3.11,2.05,31867,374.91,1357.78,0.7,0.69,0.51,0.49,10.37,114.21
5717,42762,2271053,2290500797,7483,74.09,286.34,325,3.22,2.25,33687,333.53,1324.41,0.83,0.81,0.49,0.52,7.76,106.43
5718,44280,2377101,1876061757,7627,112.16,354.15,246,3.62,3.02,34852,512.53,1651.78,0.79,0.77,0.52,0.52,14.29,101.33
5719,40826,2375282,2401184492,7321,97.61,323.76,284,3.79,2.4,32307,430.76,1460.29,0.82,0.81,0.45,0.46,15.85,99.28
5720,38211,2220748,2339098816,7076,93.11,310.91,254,3.34,2.05,30596,402.58,1375.74,0.72,0.68,0.52,0.52,13.21,106.18
5721,42367,2402252,2539771565,7670,85.22,310.8,301,3.34,2.17,33640,373.78,1395.16,0.72,0.65,0.49,0.47,7.61,103.23
5722,39994,5048184,6252023167,7253,98.01,324.5,243,3.28,2.08,31838,430.24,1449.73,0.78,0.75,0.49,0.5,9.85,99.4
5723,36738,2275228,2419603760,6950,90.26,304.29,271,3.52,2.73,29540,383.64,1320.16,0.86,0.85,0.56,0.57,15.49,103.78
5724,40974,2690525,2920942431,7447,78.39,292.87,329,3.46,2.09,32563,342.77,1319.47,0.86,0.84,0.5,0.49,9.96,112.43
5725,41739,2567100,2080622342,7451,76.03,289.02,323,3.3,2.36,32969,336.42,1313.43,0.79,0.78,0.53,0.54,11.42,105.09
5726,42100,2104487,2086977127,7410,74.85,286.09,341,3.44,2.73,33280,336.16,1319.78,0.77,0.76,0.47,0.47,9.91,118.14
5727,43325,2400664,2417408548,7347,85.43,304.39,294,3.42,2.54,33963,394.92,1440.05,0.75,0.74,0.49,0.5,11.04,105.31
5728,48300,2814147,2736319563,7765,87.25,317.51,280,3.15,2.32,37102,416.88,1549.61,0.77,0.74,0.49,0.49,11.59,109.48
5729,46000,2453478,2517611640,7586,102.51,338.91,237,3.2,2.73,35393,478.28,1612.05,0.7,0.67,0.51,0.52,9.88,94.82
5730,46296,2670587,2801446269,7711,88.63,318.92,255,2.93,2.22,35862,412.21,1513.2,0.78,0.76,0.53,0.52,10.59,112.98
5731,49335,2166546,2045743319,8125,90.28,330.08,308,3.42,2.99,38091,423.23,1586.07,0.74,0.72,0.5,0.51,11.48,108.18
5732,47028,2367639,2245887212,7887,83.02,312.39,304,3.2,2.54,36401,383.17,1474.95,0.71,0.69,0.53,0.52,8.97,96.71
5733,45219,2266839,2283002129,7758,76.81,296.75,328,3.25,2.11,35312,349.62,1385.27,0.74,0.72,0.49,0.47,5.88,115.0
5734,42885,2250007,2126132190,7623,74.01,287.38,379,3.68,3.17,33729,327.47,1309.85,0.73,0.73,0.43,0.4,11.13,112.45
5735,47799,2203055,2106636478,8109,84.47,317.87,337,3.51,2.15,37141,386.89,1493.97,0.74,0.71,0.5,0.51,12.91,107.67
5736,43473,6931191,9129262606,7581,83.31,304.7,349,3.84,2.54,34114,374.88,1408.54,0.74,0.72,0.53,0.53,9.29,114.01
5737,40767,2142954,2106127879,7339,67.33,268.98,372,3.41,2.27,32039,293.94,1210.31,0.76,0.76,0.51,0.49,6.16,98.14
5738,45559,14370494,19810918413,7790,79.49,303.05,298,3.04,1.92,35492,362.16,1415.72,0.76,0.75,0.44,0.41,9.22,113.38
5739,40957,1958082,1856955587,7122,80.02,290.5,284,3.19,2.27,32145,361.18,1343.45,0.79,0.78,0.52,0.52,6.76,108.18
5740,35279,2091692,1907661150,6754,88.87,296.81,274,3.61,2.93,28229,371.43,1267.69,0.79,0.79,0.48,0.46,7.84,112.09
5741,35759,2414047,2226880356,6815,90.87,302.61,255,3.4,2.48,28654,382.05,1298.39,0.75,0.73,0.52,0.51,9.35,97.12
5742,36160,3563958,4187597393,6918,101.74,320.43,220,3.24,2.28,29215,429.63,1381.74,0.73,0.7,0.5,0.49,14.63,110.94
5743,30804,1873871,2019973051,6370,60.09,233.67,469,4.42,5.15,25000,235.85,950.14,0.74,0.71,0.48,0.49,10.59,109.54
5744,47787,5463457,6804725741,8016,60.27,263.42,639,4.8,3.78,36083,271.3,1257.99,0.82,0.8,0.45,0.47,9.49,111.49
5745,60338,3383064,3453887540,9096,61.88,280.46,817,5.56,4.21,43923,298.8,1434.08,0.83,0.81,0.47,0.49,7.41,108.25
5746,67219,3363938,3052795641,9674,65.81,300.32,800,5.44,5.07,48132,327.43,1569.23,0.83,0.81,0.43,0.44,9.22,110.01
5747,63803,2732423,2485752435,9489,63.26,289.51,866,5.77,4.77,46687,311.25,1504.5,0.82,0.8,0.44,0.46,9.55,106.03
5748,65489,3094954,2765156033,9404,75.23,318.42,623,4.98,3.66,47398,379.18,1675.82,0.81,0.79,0.46,0.49,9.23,110.61
5749,63791,3157291,2986677717,9457,61.01,285.28,782,5.05,3.64,46545,300.29,1479.72,0.83,0.82,0.45,0.47,8.41,107.02
5750,65561,3391745,3009175183,9506,62.54,290.16,811,5.34,4.34,47644,313.45,1527.25,0.78,0.76,0.45,0.45,8.5,106.66
5751,39687,1823316,1696856618,7147,64.97,261.41,359,3.26,2.98,31048,282.25,1170.84,0.78,0.76,0.48,0.49,11.97,103.2
5752,53398,3021789,2961834697,8281,71.39,291.53,557,4.8,3.77,39279,338.61,1438.23,0.84,0.83,0.47,0.48,10.18,106.59
5753,60254,2870834,2522085049,8761,67.91,292.16,594,4.6,2.69,43293,335.6,1506.64,0.84,0.83,0.46,0.48,10.5,103.52
5754,71973,5289408,3662440371,9640,57.04,276.37,1106,6.54,5.79,49260,291.48,1505.9,0.85,0.83,0.46,0.49,11.27,105.15
5755,74564,4115045,4133525012,10195,64.12,302.42,993,6.25,6.97,51810,325.85,1622.65,0.81,0.79,0.44,0.45,9.0,113.99
5756,82704,3795805,3483253158,10570,67.32,319.34,874,5.57,4.33,56284,358.5,1780.5,0.83,0.81,0.45,0.46,7.84,109.51
5757,82777,3903064,3691360513,10602,64.65,310.1,965,5.88,4.34,56198,342.67,1736.69,0.8,0.77,0.44,0.47,8.11,116.01
5758,73410,3775833,3643283431,9787,64.81,301.75,717,4.75,3.28,51090,338.34,1648.49,0.8,0.77,0.45,0.47,8.84,102.58
5759,70048,4700848,4753444599,9770,65.13,303.07,686,4.57,3.22,48951,326.34,1582.92,0.8,0.78,0.44,0.44,8.93,107.18
5760,70348,4512587,4191595306,9915,63.56,298.32,822,5.27,3.87,49883,319.76,1581.03,0.84,0.82,0.41,0.43,5.68,117.59
5761,79018,5581074,5948757883,10254,67.91,314.8,835,5.53,3.86,53991,357.56,1740.55,0.81,0.8,0.45,0.47,6.13,115.67
5762,69689,4005210,4137748788,9794,72.55,318.32,743,5.5,4.27,49107,363.76,1672.04,0.81,0.78,0.43,0.44,8.1,112.29
5763,62908,3422872,3366157612,9330,57.59,275.24,778,4.8,3.51,45569,281.29,1414.85,0.81,0.79,0.49,0.51,7.57,109.5
5764,70471,13874821,18670477931,9767,65.11,302.31,686,4.57,3.16,50359,335.73,1630.69,0.8,0.77,0.42,0.44,4.3,105.05
5765,63019,2996153,2788012267,9373,62.07,288.37,698,4.62,3.16,46181,305.83,1485.27,0.78,0.76,0.44,0.44,8.88,106.68
5766,63898,2943424,2787172400,9241,66.01,295.27,690,4.93,5.17,45940,328.14,1535.43,0.83,0.82,0.45,0.46,8.26,107.77
5767,64417,3955096,2858744211,9425,77.25,326.28,512,4.2,2.69,46763,383.3,1674.7,0.8,0.77,0.45,0.43,11.0,97.74
5768,14453,1580037,1187017752,2858,20.86,140.81,754,5.5,4.13,10807,78.88,675.04,0.82,0.8,0.49,0.51,12.61,102.14
5769,937,170372,126319896,647,4.2,2.89,722,4.69,2.7,776,5.04,3.44,0.86,0.84,0.48,0.49,12.59,103.78
5770,4857,337215,331056935,1449,11.5,82.54,572,4.54,2.91,3984,31.62,300.17,0.87,0.85,0.51,0.52,15.16,99.21
5771,62508,11207500,12861266353,9477,70.72,313.91,697,5.2,4.06,47509,354.54,1674.33,0.84,0.83,0.45,0.46,9.04,122.27
5772,79694,3051070,2699567359,10367,81.63,351.29,583,4.59,2.88,57325,451.38,2020.6,0.89,0.86,0.39,0.4,9.67,149.29
5773,84596,5917633,5111502824,10736,77.24,346.13,692,4.98,2.8,59990,431.58,2018.58,0.91,0.9,0.43,0.44,7.31,141.43
5774,90586,8718262,11082994007,11273,81.69,367.2,639,4.63,3.15,64472,467.19,2182.67,0.89,0.86,0.41,0.43,8.05,146.4
5775,94485,3475850,3029261276,11060,80.73,359.4,702,5.12,3.04,65794,480.25,2231.11,0.9,0.87,0.43,0.47,8.73,140.84
5776,92211,10671603,11793303188,10873,79.95,355.93,644,4.74,3.04,63613,467.74,2166.14,0.87,0.83,0.4,0.44,5.8,137.55
5777,32263,3352764,3652971132,4556,32.31,193.98,777,5.51,3.54,21830,154.82,1111.46,0.9,0.88,0.4,0.43,7.8,142.89
5778,1988,1441815,2073925428,894,6.08,8.39,818,5.56,3.51,1294,8.8,23.16,0.89,0.84,0.35,0.41,7.92,150.5
5779,1357,92040,75682260,738,5.47,5.11,780,5.78,3.59,892,6.61,7.26,0.9,0.87,0.39,0.41,8.34,143.12
5780,1571,71006,56404745,903,5.9,5.02,939,6.14,3.94,1049,6.86,6.48,0.9,0.87,0.34,0.37,6.67,144.58
5781,1530,128262,77556281,813,5.53,4.15,954,6.49,4.69,1017,6.92,5.88,0.87,0.84,0.35,0.4,7.87,140.86
5782,1384,61013,48481418,805,5.59,4.05,872,6.06,3.79,990,6.88,5.27,0.87,0.84,0.37,0.41,7.72,139.84
5783,1229,156733,96157051,702,5.53,3.96,731,5.76,3.45,874,6.88,5.68,0.88,0.86,0.36,0.39,8.74,141.4
5784,1195,54757,38182070,679,5.14,4.02,702,5.32,3.11,847,6.42,5.75,0.83,0.81,0.4,0.43,7.93,149.23
5785,1233,57256,42770521,704,4.99,3.23,746,5.29,3.59,858,6.09,4.31,0.84,0.82,0.39,0.43,9.04,145.59
5786,1019,47431,34202610,601,4.93,2.73,635,5.2,2.71,735,6.02,3.44,0.83,0.79,0.36,0.4,10.02,137.55
5787,1121,62575,55039150,633,4.8,3.05,766,5.8,4.46,829,6.28,4.47,0.86,0.85,0.4,0.42,11.35,136.54
5788,1128,51165,36310678,674,4.29,2.87,729,4.64,2.81,800,5.1,3.65,0.86,0.83,0.45,0.48,8.32,136.02
5789,751,14315543,17562010648,484,4.21,3.17,558,4.85,3.39,559,4.86,3.76,0.85,0.83,0.44,0.43,10.77,121.95
5790,723,22421,7286812,465,3.66,2.29,511,4.02,2.1,557,4.39,2.55,0.86,0.83,0.41,0.44,8.19,147.94
5791,785,4158758,3055381614,491,3.72,2.34,563,4.27,2.59,606,4.59,2.66,0.87,0.84,0.44,0.47,7.21,153.6
5792,701,2970813,2559646485,454,3.69,2.15,506,4.11,2.05,577,4.69,2.69,0.85,0.82,0.45,0.47,6.28,142.54
5793,813,3454165,2642446807,530,3.9,2.57,568,4.18,2.1,646,4.75,3.08,0.85,0.83,0.42,0.45,8.75,143.8
5794,695,1337638,1194938947,498,3.8,2.24,537,4.1,2.08,582,4.44,2.79,0.85,0.84,0.48,0.51,8.1,137.2
5795,804,27743,27290744,541,3.95,2.19,590,4.31,2.51,630,4.6,2.61,0.84,0.81,0.42,0.43,9.93,139.53
5796,1097,477815,622932763,674,4.49,2.2,836,5.57,3.85,801,5.34,2.65,0.86,0.85,0.45,0.47,8.22,141.57
5797,945,621733,353586615,603,4.4,2.74,644,4.7,2.14,745,5.44,3.26,0.87,0.85,0.43,0.47,7.09,138.18
5798,1032,14394,4696002,627,4.27,2.84,740,5.03,3.32,813,5.53,3.54,0.87,0.85,0.43,0.47,6.67,143.11
5799,1120,13846,3969762,713,4.24,2.07,830,4.94,2.28,880,5.24,2.59,0.87,0.85,0.42,0.45,5.25,151.09
5800,1452,6241721,7914012679,810,4.33,2.11,947,5.06,2.54,1005,5.37,2.58,0.83,0.8,0.41,0.45,6.98,155.4
5801,1157,884562,1297814895,711,4.21,2.36,851,5.04,4.08,918,5.43,2.91,0.85,0.82,0.47,0.5,5.91,142.52
5802,1118,13619427,16781966538,667,3.69,2.31,864,4.77,2.54,964,5.33,3.06,0.83,0.8,0.48,0.48,8.46,117.53
5803,1291,13499124,17506420221,761,4.03,2.55,1016,5.38,3.53,1073,5.68,3.69,0.84,0.81,0.46,0.46,7.96,119.04
5804,1281,2098302,2954655185,741,4.21,2.7,1025,5.82,3.57,1035,5.88,3.41,0.86,0.84,0.45,0.48,8.64,119.04
5805,1320,6449061,8125694063,788,4.26,2.72,1096,5.92,4.48,1059,5.72,3.64,0.89,0.88,0.45,0.47,7.13,123.68
5806,1166,10863064,14229768411,675,3.95,2.41,957,5.6,3.73,894,5.23,3.23,0.84,0.81,0.46,0.47,7.81,122.94
5807,1476,10429505,13459084940,820,4.32,2.64,1166,6.14,3.41,1194,6.28,3.82,0.82,0.8,0.44,0.46,7.0,118.86
5808,1157,8166522,10878993219,676,3.93,2.72,912,5.3,3.34,933,5.42,3.93,0.85,0.84,0.49,0.52,8.28,110.43
5809,1205,12153195,16767964920,702,3.97,2.29,938,5.3,2.52,1004,5.67,3.3,0.84,0.81,0.46,0.48,7.57,124.23
5810,956,86178,30980970,598,3.67,1.92,743,4.56,2.29,808,4.96,2.88,0.81,0.78,0.45,0.47,8.72,120.51
5811,772,5487765,6962957194,503,3.42,2.46,625,4.25,2.56,683,4.65,3.14,0.81,0.79,0.51,0.51,8.25,115.88
5812,820,120294,153781975,513,3.27,2.55,588,3.75,2.16,663,4.22,3.18,0.8,0.77,0.51,0.51,7.57,111.93
5813,829,163304,44153601,485,3.28,2.37,542,3.66,2.02,607,4.1,3.04,0.81,0.8,0.55,0.56,6.68,105.51
5814,793,146131,197715389,512,3.32,2.71,509,3.31,1.98,611,3.97,3.22,0.76,0.74,0.55,0.55,6.82,105.4
5815,815,261058,346983630,490,3.38,2.46,530,3.66,2.1,595,4.1,3.2,0.83,0.81,0.53,0.54,7.78,111.29
5816,788,23102,10682220,489,3.11,2.57,525,3.34,2.37,596,3.8,3.09,0.8,0.8,0.55,0.54,8.66,97.62
5817,851,3878435,5738756053,534,3.47,2.73,556,3.61,2.47,628,4.08,3.27,0.8,0.78,0.55,0.55,5.73,107.13
5818,942,133057,175956328,573,3.65,2.83,609,3.88,2.27,709,4.52,3.36,0.78,0.76,0.56,0.56,8.24,100.77
5819,1273,441079,570397237,726,4.2,3.12,811,4.69,3.24,905,5.23,4.18,0.83,0.82,0.49,0.5,7.44,106.74
5820,1115,290850,355188193,683,4.02,2.84,705,4.15,2.31,855,5.03,4.06,0.81,0.8,0.49,0.5,7.76,114.08
5821,883,19113480,28248007442,546,3.66,3.15,561,3.77,2.14,639,4.29,3.8,0.85,0.84,0.54,0.55,8.49,117.23
5822,1206,236364,41877476,696,4.24,3.97,731,4.46,2.62,873,5.32,5.5,0.84,0.81,0.49,0.49,7.11,114.06
5823,1006,10479,1941218,568,4.0,4.53,577,4.06,2.68,694,4.89,5.29,0.85,0.85,0.52,0.53,8.13,108.35
5824,1130,15428,2629816,637,3.91,4.06,717,4.4,3.12,776,4.76,4.75,0.8,0.78,0.47,0.49,6.96,111.17
5825,1330,1038974,1178223741,685,3.76,3.13,877,4.82,3.66,908,4.99,4.31,0.79,0.77,0.48,0.49,8.57,117.32
5826,1171,18097,3862929,670,3.92,4.36,687,4.02,2.28,842,4.92,5.48,0.83,0.81,0.48,0.49,7.9,123.01
5827,1231,18514,3696759,694,4.21,4.24,764,4.63,3.24,838,5.08,5.15,0.83,0.82,0.5,0.51,6.95,119.63
5828,1121,23265,6691966,644,4.05,4.36,689,4.33,2.85,805,5.06,5.21,0.8,0.78,0.5,0.52,7.46,117.23
5829,1453,18122,4051830,767,4.19,4.56,843,4.61,3.54,1029,5.62,5.96,0.78,0.77,0.49,0.51,5.78,120.29
5830,1186,11136,2857741,675,3.88,4.75,704,4.05,2.37,851,4.89,5.68,0.76,0.74,0.5,0.52,7.76,117.46
5831,1289,11710,2646819,741,4.23,4.43,787,4.5,2.44,936,5.35,5.33,0.83,0.81,0.46,0.48,6.16,120.07
5832,1114,12012,2565644,639,3.87,4.33,691,4.19,2.49,798,4.84,5.25,0.79,0.77,0.49,0.51,5.78,122.03
5833,1238,13209,3258636,726,4.12,3.93,744,4.23,2.31,879,4.99,4.83,0.79,0.76,0.46,0.47,7.7,124.94
5834,1231,10808,2432612,731,4.27,4.41,728,4.26,2.48,903,5.28,5.61,0.79,0.78,0.47,0.48,5.42,126.39
5835,1259,131531,80332247,757,4.05,3.58,776,4.15,2.14,965,5.16,4.35,0.8,0.78,0.48,0.48,7.77,120.95
5836,1302,33180,30440061,798,4.41,5.42,789,4.36,2.9,983,5.43,6.22,0.83,0.82,0.49,0.51,5.8,118.42
5837,1222,15376,3387236,731,4.02,4.46,740,4.07,2.71,912,5.01,5.29,0.77,0.74,0.48,0.49,8.41,115.02
5838,1114,26734,22042266,660,4.1,3.61,669,4.16,2.74,804,4.99,4.32,0.81,0.79,0.48,0.5,6.42,117.75
5839,1115,18537,3609661,644,3.9,3.94,644,3.9,2.1,779,4.72,4.76,0.8,0.79,0.5,0.51,10.08,117.2
5840,1128,47692,46172491,669,3.84,3.08,718,4.13,2.48,815,4.68,3.89,0.82,0.8,0.51,0.52,6.98,116.06
5841,1079,1765314,1939228818,640,3.86,3.47,687,4.14,3.46,778,4.69,4.46,0.82,0.8,0.5,0.5,6.94,123.46
5842,1179,2001015,2754900675,627,3.94,3.53,721,4.53,3.67,754,4.74,4.44,0.85,0.83,0.46,0.49,10.29,119.28
5843,1597,3286072,4696222649,832,5.04,13.66,680,4.12,2.87,1180,7.15,26.88,0.78,0.76,0.49,0.5,7.11,124.14
5844,126594,5055935,4005054061,11897,72.54,356.82,694,4.23,3.09,82416,502.54,2573.36,0.82,0.81,0.44,0.43,6.62,116.57
5845,111885,5014371,3873974159,11157,62.68,318.69,819,4.6,3.38,73552,413.21,2215.25,0.83,0.81,0.45,0.45,4.16,120.23
5846,94198,5309091,4448350300,10500,57.07,293.8,772,4.2,2.48,63879,347.17,1886.72,0.8,0.77,0.49,0.51,6.41,111.84
5847,63853,6002931,5628956225,8966,51.23,252.73,821,4.69,3.36,46262,264.35,1383.11,0.8,0.77,0.46,0.48,8.16,117.4
5848,54771,4440819,4073927261,8066,51.05,241.59,685,4.34,3.38,39991,253.11,1260.47,0.79,0.77,0.48,0.49,10.6,108.52
5849,56868,4546760,4124868603,8252,49.12,237.33,835,4.97,3.59,41577,247.48,1268.61,0.89,0.88,0.46,0.47,6.63,120.19
5850,51570,4555815,4279847308,7734,47.16,225.95,694,4.23,3.0,37754,230.21,1165.96,0.82,0.81,0.44,0.44,4.29,117.92
5851,57001,5738899,5797031007,8197,49.38,237.87,774,4.66,4.12,40934,246.59,1255.08,0.81,0.79,0.49,0.5,7.65,121.39
5852,49842,4570963,4176291725,7570,47.61,225.4,631,3.97,2.39,36419,229.05,1149.7,0.78,0.76,0.46,0.46,6.27,122.09
5853,56216,5519914,5348802033,7849,53.76,242.97,711,4.87,4.02,40259,275.75,1314.66,0.84,0.82,0.47,0.48,3.82,124.68
5854,51525,6927397,7677534157,7533,46.21,220.0,709,4.35,3.06,37049,227.29,1151.39,0.78,0.75,0.49,0.51,4.46,116.39
5855,51954,5519565,5299766229,7663,49.76,230.46,664,4.31,2.65,37388,242.78,1191.68,0.78,0.76,0.49,0.5,5.61,125.14
5856,49216,5033274,5039642450,7460,45.77,218.77,633,3.88,2.27,35706,219.06,1104.35,0.8,0.77,0.48,0.5,5.84,125.02
5857,49138,6037445,6251704373,7385,41.49,202.32,894,5.02,3.72,35515,199.52,1045.63,0.81,0.79,0.47,0.49,4.5,115.62
5858,51227,5372332,5482474969,7604,42.01,209.99,713,3.94,2.49,36932,204.04,1083.67,0.79,0.76,0.46,0.47,4.21,121.07
5859,47712,5277767,5346364865,7191,47.31,218.09,604,3.97,2.8,34585,227.53,1107.37,0.76,0.75,0.48,0.48,5.84,110.32
5860,43198,4586702,4623996190,6807,42.54,201.09,648,4.05,3.57,31793,198.71,990.06,0.8,0.78,0.5,0.5,8.46,112.86
5861,45185,4708684,4714376607,6971,45.27,207.72,733,4.76,3.35,33089,214.86,1051.5,0.86,0.84,0.49,0.49,4.56,124.84
5862,43842,4863600,4825686501,6859,42.08,200.02,682,4.18,2.74,31962,196.09,995.17,0.83,0.81,0.47,0.47,5.8,125.05
5863,47842,4983324,4911286220,7136,41.25,203.32,589,3.4,2.33,34668,200.39,1042.06,0.8,0.78,0.49,0.49,8.62,120.71
5864,40229,4113581,4053894989,6494,39.12,186.65,714,4.3,5.27,29375,176.96,901.52,0.78,0.76,0.5,0.5,9.73,108.41
5865,45157,4842226,4822708375,6977,44.16,206.11,702,4.44,3.15,33029,209.04,1036.06,0.86,0.85,0.46,0.47,9.35,116.05
5866,43498,6397228,7171101750,6687,40.77,192.08,765,4.66,3.42,31466,191.87,972.2,0.83,0.81,0.45,0.45,9.71,118.5
5867,50124,15064658,19707265518,7415,43.88,210.32,768,4.54,3.25,36014,213.1,1089.41,0.78,0.76,0.51,0.52,6.16,113.78
5868,42481,4581067,4688204565,6724,40.51,192.31,703,4.23,2.9,31079,187.22,951.26,0.8,0.79,0.54,0.55,5.88,106.39
5869,46358,4961836,4948274192,7110,42.57,201.61,963,5.77,5.98,33484,200.5,1015.63,0.83,0.82,0.49,0.49,5.41,111.89
5870,40069,5116532,5403606083,6344,39.9,186.85,782,4.92,4.95,29212,183.72,913.62,0.85,0.84,0.49,0.49,11.53,114.15
5871,45359,5732851,6153200423,6857,43.96,203.19,700,4.49,2.91,32926,211.06,1037.84,0.8,0.76,0.47,0.49,10.45,113.54
5872,41555,4711336,4993340889,6420,43.09,195.9,645,4.33,3.47,30185,202.58,976.8,0.81,0.79,0.45,0.46,6.52,113.11
5873,47426,5804399,5820194528,6995,38.65,191.33,893,4.93,3.76,33852,187.03,989.82,0.84,0.83,0.45,0.45,6.71,114.3
5874,46210,5459738,5515079293,6879,40.7,194.5,934,5.53,5.34,32894,194.64,996.26,0.86,0.85,0.47,0.47,4.32,120.72
5875,47490,5866923,6163403167,7109,42.83,204.29,879,5.3,5.97,34041,205.07,1040.59,0.85,0.84,0.46,0.47,4.64,124.84
5876,46185,5327743,5417375565,6929,41.24,197.96,803,4.78,3.92,33302,198.23,1012.64,0.88,0.87,0.48,0.49,6.57,125.33
5877,44994,5645144,5746845414,6900,38.55,190.24,913,5.1,4.95,32252,180.18,953.82,0.81,0.78,0.45,0.47,5.77,120.58
5878,44146,6462261,6920719114,6693,41.06,193.09,867,5.32,4.54,31918,195.82,982.44,0.84,0.82,0.48,0.48,5.55,118.69
5879,42235,4958247,5202840897,6539,42.74,195.46,685,4.48,3.61,30697,200.63,985.17,0.82,0.8,0.47,0.49,5.21,132.5
5880,48772,7369485,7832631526,7197,44.15,208.51,797,4.89,3.87,35007,214.77,1080.99,0.86,0.85,0.47,0.48,4.56,125.89
5881,45095,6087752,6171009876,6806,38.45,188.05,820,4.63,3.86,32268,182.31,957.76,0.79,0.77,0.45,0.47,5.71,120.57
5882,45569,6404077,6790181507,6888,45.32,208.3,637,4.19,2.86,32988,217.03,1054.66,0.82,0.8,0.47,0.49,6.9,120.32
5883,39831,4844708,4884451587,6421,42.24,193.58,723,4.76,5.34,29250,192.43,937.62,0.81,0.79,0.47,0.48,5.34,124.45
5884,35473,67246470,87556082812,5987,39.13,180.31,652,4.26,4.14,26356,172.26,841.51,0.82,0.8,0.47,0.47,12.19,118.26
5885,39033,35644973,41179732153,6374,38.87,183.92,695,4.24,3.7,28959,176.58,889.12,0.79,0.77,0.51,0.51,9.59,104.22
5886,36504,44452736,56883160064,6068,38.41,177.43,788,4.99,4.45,26929,170.44,846.56,0.75,0.73,0.49,0.49,10.73,99.54
5887,38970,6959456,6963217591,6379,41.69,191.76,653,4.27,4.02,28620,187.06,910.97,0.77,0.76,0.51,0.52,10.08,111.84
5888,36144,30968844,39256429058,5895,43.99,190.97,641,4.78,4.54,26510,197.84,908.78,0.79,0.77,0.49,0.5,8.74,111.25
5889,39379,35872293,48706704777,6286,45.88,201.0,590,4.31,4.18,29121,212.56,979.69,0.8,0.79,0.52,0.54,15.95,105.64
5890,36105,26514147,35427410041,5978,44.28,191.56,668,4.95,5.24,26786,198.41,906.57,0.81,0.8,0.52,0.52,15.3,101.43
5891,39282,51625827,68170403683,6279,38.76,181.81,752,4.64,4.62,28787,177.7,890.85,0.8,0.79,0.48,0.49,16.42,103.22
5892,39019,30406053,42070818772,6158,37.78,176.28,2211,13.56,100.27,27277,167.34,839.21,0.8,0.79,0.52,0.55,9.54,101.21
5893,39046,7292001,5900898790,6283,41.89,190.41,833,5.55,8.68,28002,186.68,906.11,0.82,0.8,0.44,0.47,10.11,107.77
5894,41430,4717453,4860296015,6418,41.95,191.95,1020,6.67,11.82,29743,194.4,946.65,0.81,0.78,0.49,0.48,7.7,102.2
5895,45425,5151976,5525739136,6771,44.25,202.89,947,6.19,9.95,32238,210.71,1026.66,0.81,0.78,0.43,0.44,10.27,111.54
5896,42282,7788481,8960454428,6495,41.9,192.72,811,5.23,4.76,30066,193.97,956.2,0.8,0.79,0.44,0.47,6.93,111.15
5897,44577,5991151,6542462398,6570,38.65,186.11,906,5.33,8.79,31451,185.01,949.26,0.72,0.7,0.53,0.54,8.93,111.66
5898,40532,5585522,5923051750,6232,39.95,182.15,1161,7.44,13.54,28461,182.44,896.1,0.78,0.77,0.45,0.46,6.52,108.74
5899,45010,6089162,6571910810,6876,41.42,193.82,975,5.87,6.91,32095,193.34,977.15,0.76,0.74,0.43,0.44,11.93,112.67
5900,44952,9333958,10549204357,6777,43.17,198.91,913,5.82,8.63,31825,202.71,997.38,0.75,0.74,0.46,0.47,11.16,106.42
5901,43458,6795801,7724571506,6589,36.01,177.86,950,5.19,5.94,30596,167.19,897.08,0.76,0.75,0.45,0.47,5.87,114.37
5902,42269,5745056,6391140862,6898,39.19,190.24,784,4.45,3.06,31111,176.77,920.9,0.77,0.76,0.46,0.48,8.56,116.67
5903,39626,5385853,6057870906,6718,39.75,190.92,690,4.08,2.81,29663,175.52,897.46,0.78,0.75,0.48,0.5,9.54,116.79
5904,35724,4637636,4893144668,6414,33.76,167.08,816,4.29,2.67,26684,140.44,756.65,0.79,0.78,0.46,0.49,8.91,114.74
5905,40647,5082125,5312752427,6716,43.61,199.08,810,5.26,5.24,30018,194.92,950.4,0.82,0.81,0.47,0.5,6.99,106.06
5906,36800,3880111,3897820123,6323,39.27,183.08,1022,6.35,8.64,27293,169.52,849.33,0.81,0.79,0.47,0.49,7.22,110.34
5907,37334,4864057,5341323385,6212,38.58,181.75,885,5.5,9.39,27573,171.26,854.33,0.76,0.74,0.5,0.52,5.97,112.12
5908,34959,4067252,4176891425,5812,37.74,173.72,652,4.23,4.87,25873,168.01,820.01,0.78,0.77,0.52,0.53,10.76,108.46
5909,31134,3813530,3982272776,5462,37.93,169.88,553,3.84,4.2,23158,160.82,765.82,0.76,0.74,0.5,0.53,9.64,103.43
5910,33983,5604009,5560242804,5863,39.09,177.01,608,4.05,3.36,25358,169.05,812.05,0.77,0.76,0.49,0.51,10.71,102.5
5911,34361,7118591,7450062409,5832,41.96,182.64,601,4.32,4.05,25537,183.72,850.01,0.83,0.81,0.44,0.46,10.63,110.94
5912,32290,7357153,8755059016,5543,37.97,170.54,632,4.33,5.2,23884,163.59,783.14,0.72,0.7,0.46,0.47,7.51,106.52
5913,38863,4378965,4665095551,6145,37.93,178.75,622,3.84,3.32,28261,174.45,873.9,0.74,0.72,0.49,0.51,6.96,100.6
5914,35285,3986610,3970543475,5838,40.26,180.47,625,4.31,3.53,25808,177.99,848.01,0.79,0.76,0.47,0.48,10.25,103.61
5915,39379,4996633,5169068482,6193,43.92,195.18,487,3.45,2.69,28703,203.57,952.19,0.74,0.73,0.48,0.49,14.28,95.92
5916,37466,4831252,4987037353,5920,38.19,176.6,558,3.6,3.05,27301,176.14,863.3,0.75,0.74,0.53,0.55,14.64,101.52
5917,38596,4553589,4828910852,6190,44.86,194.83,708,5.13,5.51,27953,202.56,938.67,0.81,0.8,0.5,0.52,8.89,102.7
5918,42907,4964801,5230795962,6580,42.73,195.4,758,4.92,4.87,30891,200.59,978.74,0.82,0.81,0.5,0.51,7.63,105.31
5919,41266,4718692,4946707436,6417,44.26,197.93,645,4.45,3.56,29697,204.81,977.11,0.81,0.8,0.54,0.56,9.28,98.68
5920,28904,13091382,16486235247,5174,37.49,164.3,619,4.49,6.07,21215,153.73,723.85,0.81,0.78,0.53,0.55,8.11,109.99
5921,27209,3180608,3296893026,4966,42.08,174.02,510,4.32,5.46,20350,172.46,766.71,0.82,0.81,0.53,0.53,5.33,112.08
5922,38301,4212174,4416289448,6043,44.43,194.25,565,4.15,4.17,27658,203.37,941.68,0.77,0.74,0.49,0.5,8.16,110.19
5923,39662,4934624,5268172106,6314,42.09,192.7,662,4.41,4.36,28743,191.62,933.54,0.83,0.81,0.51,0.53,9.34,105.51
5924,39914,4444896,4583838594,6297,46.64,202.26,838,6.21,11.1,28931,214.3,981.46,0.82,0.79,0.51,0.52,7.39,105.18
5925,40877,5452544,5577995957,6252,41.68,189.09,974,6.49,9.26,29361,195.74,949.09,0.85,0.83,0.47,0.48,6.33,107.01
5926,46538,5503491,5551223819,6844,45.63,206.75,1178,7.85,14.43,32952,219.68,1060.0,0.83,0.8,0.49,0.5,4.65,112.91
5927,43564,5676115,6250741323,6663,42.71,197.75,1162,7.45,13.77,31232,200.21,983.89,0.79,0.77,0.48,0.48,4.3,108.03
5928,36113,3972152,4219975331,5952,37.67,174.54,1089,6.89,13.45,26268,166.25,825.53,0.79,0.78,0.51,0.53,5.56,109.07
5929,36421,4581649,4978544869,5929,38.75,177.22,889,5.81,9.08,26706,174.55,850.12,0.79,0.78,0.49,0.5,5.38,105.23
5930,35216,4262005,4674509126,5862,37.58,173.87,797,5.11,7.07,25933,166.24,816.86,0.74,0.72,0.46,0.47,9.35,108.64
5931,30304,3583473,3947645126,5380,38.99,169.91,701,5.08,8.2,22524,163.22,753.66,0.77,0.75,0.5,0.51,4.38,109.99
5932,32050,5509948,5369074942,5598,43.73,184.52,604,4.72,5.05,23969,187.26,836.8,0.78,0.77,0.44,0.46,7.49,113.04
5933,28863,2940722,2947700255,5085,39.42,166.53,523,4.05,4.09,21774,168.79,754.38,0.74,0.73,0.47,0.45,7.85,108.94
5934,29563,4782071,5617286390,5550,41.42,178.03,769,5.74,8.3,22657,169.08,776.96,0.77,0.75,0.52,0.54,6.49,108.02
5935,35310,4032475,4176557293,6207,50.46,209.73,547,4.45,4.9,27247,221.52,964.89,0.78,0.76,0.5,0.48,13.31,98.0
5936,29876,3487988,3883122999,5700,38.51,173.16,567,3.83,2.96,23215,156.86,752.2,0.79,0.76,0.48,0.49,11.21,101.64
5937,31187,3932148,4110192871,5496,45.05,184.97,520,4.26,3.83,23543,192.98,838.5,0.84,0.83,0.52,0.53,13.83,104.31
5938,32265,3581109,3604880231,5531,36.87,166.65,555,3.7,2.94,24217,161.45,776.03,0.78,0.76,0.54,0.56,11.98,98.98
5939,30262,3641592,3891293541,5349,42.79,177.68,460,3.68,2.59,22722,181.78,800.97,0.77,0.75,0.47,0.48,11.88,98.69
5940,34652,3993774,4258662585,5892,40.63,181.04,549,3.79,2.88,25581,176.42,835.35,0.83,0.81,0.52,0.52,7.18,98.96
5941,35150,4055937,4352107832,5810,41.8,182.48,739,5.32,10.0,25872,186.13,863.99,0.83,0.82,0.53,0.53,8.22,102.46
5942,39136,4728054,4866836332,6221,39.88,185.04,953,6.11,10.87,28339,181.66,899.35,0.85,0.83,0.51,0.52,6.66,114.39
5943,39833,7821869,9076735333,6318,40.24,186.7,664,4.23,3.87,29032,184.92,911.92,0.83,0.82,0.5,0.5,12.41,114.53
5944,40633,4754355,5154113763,6375,38.64,182.71,679,4.12,2.36,29203,176.99,897.3,0.88,0.86,0.49,0.5,7.06,117.03
5945,41283,4453039,4493930755,6382,41.99,190.83,744,4.89,4.91,29859,196.44,950.92,0.85,0.83,0.47,0.49,6.27,120.84
5946,42500,5652800,6308983773,6515,46.54,205.43,662,4.73,5.74,30682,219.16,1021.4,0.87,0.84,0.43,0.44,10.15,126.25
5947,41541,4712313,4800267543,6583,39.18,185.48,768,4.57,2.79,29939,178.21,911.69,0.87,0.84,0.46,0.48,10.25,129.72
5948,40310,7323184,8944749386,6329,44.26,196.3,599,4.19,2.78,29557,206.69,972.23,0.84,0.8,0.46,0.46,8.06,125.61
5949,44869,5537025,5869976178,6844,40.26,191.07,860,5.06,3.54,32262,189.78,971.71,0.83,0.77,0.43,0.42,5.36,127.97
5950,38565,4206370,4262782005,6228,40.97,187.16,661,4.35,2.63,28056,184.58,908.85,0.82,0.8,0.43,0.44,6.04,132.13
5951,41111,5679032,6285611855,6507,41.98,191.62,709,4.57,2.86,30169,194.64,950.76,0.82,0.8,0.45,0.46,4.75,134.34
5952,30776,4558693,5286272147,5487,34.95,161.7,572,3.64,2.34,23286,148.32,732.71,0.8,0.77,0.47,0.47,6.71,127.65
5953,33323,3864874,4065422841,5780,40.7,181.56,477,3.36,2.16,25010,176.13,825.55,0.79,0.77,0.51,0.53,7.66,123.96
5954,38689,5496329,6325999782,6341,39.88,185.17,663,4.17,2.78,28476,179.09,886.41,0.83,0.82,0.52,0.54,5.4,129.32
5955,33060,4915843,5595645512,5753,37.6,173.28,547,3.58,2.18,24748,161.75,789.69,0.79,0.76,0.48,0.49,7.17,125.32
5956,32500,3688877,3849656765,5657,40.7,177.68,542,3.9,2.69,24397,175.52,810.54,0.8,0.78,0.51,0.52,6.2,119.05
5957,29789,3920388,4367502835,5382,33.85,155.16,624,3.92,2.47,22425,141.04,694.84,0.77,0.76,0.54,0.57,8.06,119.0
5958,29206,3534828,3397581663,5390,33.07,154.99,613,3.76,2.63,21911,134.42,684.81,0.8,0.78,0.49,0.52,9.64,117.31
5959,50492,5536952,5400598538,7095,47.3,220.15,633,4.22,3.43,36719,244.79,1245.65,0.81,0.79,0.51,0.51,10.67,120.22
5960,74316,7718577,7734226273,9176,55.28,270.58,660,3.98,3.12,53602,322.9,1654.83,0.79,0.77,0.52,0.53,7.26,126.13
5961,77310,8867767,9251914088,9366,56.08,274.84,684,4.1,2.89,55458,332.08,1707.49,0.81,0.78,0.51,0.53,9.43,115.56
5962,75366,12761778,13241913364,9157,52.03,260.78,695,3.95,2.51,53924,306.39,1620.6,0.82,0.81,0.51,0.53,8.33,120.77
5963,75854,10605448,10996636072,9072,54.32,266.12,697,4.17,3.19,54058,323.7,1662.01,0.81,0.79,0.51,0.51,9.88,114.34
5964,70004,8873907,9434195460,8762,53.75,259.2,656,4.02,2.5,49948,306.43,1554.91,0.8,0.78,0.53,0.55,9.51,110.93
5965,65677,8199932,8994368101,8565,48.66,242.62,732,4.16,3.12,46985,266.96,1410.09,0.82,0.8,0.47,0.48,7.01,115.22
5966,63447,8572588,9646234929,8240,46.82,233.21,673,3.82,2.37,45208,256.86,1350.13,0.8,0.78,0.48,0.49,5.5,120.61
5967,63017,6353667,6456198394,8080,46.71,230.09,749,4.33,3.23,44751,258.68,1348.48,0.86,0.84,0.48,0.5,6.29,122.01
5968,60367,6927573,6668418822,7972,50.14,238.57,861,5.42,7.28,43223,271.84,1367.74,0.85,0.82,0.48,0.48,7.41,124.02
5969,61846,6350342,6366346161,8097,47.08,231.25,1026,5.97,12.08,43887,255.16,1324.37,0.81,0.77,0.48,0.5,5.63,119.51
5970,67884,20757337,25225881204,8519,51.32,247.33,987,5.95,7.62,47812,288.02,1472.91,0.84,0.83,0.51,0.53,6.73,122.25
5971,65847,8627153,9222192937,8473,50.74,243.95,1304,7.81,12.61,46506,278.48,1420.27,0.83,0.8,0.45,0.47,5.39,127.17
5972,67980,10589299,12108677851,8611,50.36,247.37,829,4.85,3.84,48179,281.75,1459.3,0.84,0.82,0.44,0.46,5.51,130.57
5973,69284,7613888,7958222879,8901,49.73,247.38,934,5.22,4.19,48985,273.66,1450.1,0.84,0.81,0.43,0.44,5.72,130.95
5974,61409,7608019,8156937909,8180,53.82,249.7,690,4.54,3.06,43997,289.45,1417.28,0.83,0.82,0.46,0.47,6.03,121.86
5975,61640,6817560,6892386144,8213,49.18,237.78,754,4.51,3.27,44317,265.37,1357.5,0.81,0.79,0.47,0.49,6.32,127.88
5976,59108,7783925,8323971160,7970,47.44,231.5,795,4.73,5.36,42722,254.3,1310.12,0.82,0.8,0.49,0.48,6.55,121.3
5977,62032,7299014,7651046685,8171,51.72,244.47,729,4.61,4.12,44590,282.22,1405.04,0.82,0.79,0.47,0.47,5.69,125.17
5978,57827,6400575,6696608121,7850,47.29,228.71,776,4.67,4.95,42087,253.54,1296.5,0.82,0.79,0.5,0.52,3.74,125.17
5979,53612,6215479,6493957451,7542,48.35,227.67,764,4.9,7.0,39519,253.33,1252.77,0.83,0.8,0.49,0.51,5.45,126.39
5980,45161,7833411,8264983649,6862,47.0,213.18,808,5.53,7.77,33841,231.79,1106.01,0.83,0.81,0.48,0.49,6.59,122.83
5981,44693,5037673,5337501274,6801,40.72,198.49,576,3.45,2.32,33708,201.84,1053.19,0.81,0.79,0.48,0.49,7.36,121.21
5982,37060,4571596,4970841459,6126,37.35,177.45,696,4.24,4.03,27985,170.64,862.41,0.8,0.78,0.51,0.53,7.32,120.95
5983,42728,7530317,7887447376,6415,45.18,201.61,542,3.82,2.56,31630,222.75,1047.21,0.81,0.78,0.46,0.46,9.15,124.17
5984,12676,1732153,2033358826,2152,14.94,101.97,510,3.54,3.63,9405,65.31,522.48,0.78,0.77,0.51,0.53,6.26,121.51
5985,79387,15544232,17349846132,8937,53.51,264.09,721,4.32,3.34,55400,331.74,1742.47,0.83,0.81,0.5,0.52,10.66,109.12
5986,99261,14762865,17502290962,10696,67.27,325.99,568,3.57,2.22,69771,438.81,2209.63,0.81,0.79,0.46,0.46,6.71,115.68
5987,97071,9588685,9602852712,10507,69.58,327.78,823,5.45,17.71,67949,449.99,2214.03,0.86,0.83,0.43,0.46,12.47,131.63
5988,97735,10065092,9694021051,10490,60.29,301.9,796,4.57,4.14,68323,392.66,2064.53,0.86,0.84,0.47,0.48,7.66,118.11
5989,100793,11254522,11559236748,10704,63.34,313.76,858,5.08,7.76,70327,416.14,2161.88,0.87,0.85,0.47,0.49,10.58,121.96
5990,101164,19844076,22225910096,10686,65.96,320.59,709,4.38,3.38,70296,433.93,2203.89,0.85,0.82,0.5,0.52,10.39,122.26
5991,97626,12600644,13453000401,10490,66.82,316.49,1023,6.52,7.77,67828,432.03,2152.64,0.83,0.81,0.42,0.44,5.57,112.41
5992,94434,11383025,12174299058,10322,63.33,306.21,1007,6.18,9.07,65882,404.18,2061.99,0.83,0.82,0.44,0.46,8.91,113.43
5993,88648,9190014,9467242752,10053,59.49,293.93,871,5.15,6.1,62465,369.62,1914.38,0.81,0.79,0.46,0.47,4.77,126.86
5994,82744,10175539,11026690869,9684,60.15,290.1,983,6.11,9.59,58178,361.35,1827.46,0.79,0.77,0.48,0.48,6.89,120.37
5995,86477,8827778,9331243789,9919,53.91,274.32,1009,5.48,5.29,60254,327.47,1767.46,0.82,0.79,0.46,0.49,5.71,117.73
5996,85521,10200185,11250631344,9855,54.45,275.69,1033,5.71,6.42,60266,332.96,1780.8,0.86,0.84,0.44,0.46,5.02,126.71
5997,85511,8765905,9184900176,9843,57.56,285.78,938,5.49,10.37,59801,349.71,1823.46,0.82,0.8,0.45,0.48,4.87,129.64
5998,86223,12237906,13721568559,9845,58.25,283.96,1716,10.15,23.97,59159,350.05,1820.08,0.84,0.8,0.42,0.43,3.78,127.85
5999,90335,10674161,11275352686,10127,58.88,289.96,1606,9.34,20.08,61879,359.76,1874.71,0.82,0.8,0.44,0.46,3.83,131.54
6000,88475,17911510,21608415227,9911,61.18,294.41,891,5.5,6.38,60328,372.4,1886.53,0.84,0.82,0.44,0.46,5.14,131.95
6001,84080,9444883,9979944365,9817,58.43,284.07,933,5.55,6.44,58454,347.94,1794.73,0.79,0.76,0.44,0.46,6.09,119.74
6002,85746,10498956,11275394895,9859,53.01,270.12,1134,6.1,7.61,58932,316.84,1716.54,0.85,0.82,0.46,0.47,6.36,121.67
6003,85623,9355570,9677847786,9920,57.67,283.85,908,5.28,4.17,59376,345.21,1799.05,0.82,0.79,0.45,0.46,7.11,124.77
6004,77128,9095016,9837711521,9279,53.95,266.7,739,4.3,3.37,54339,315.92,1649.14,0.79,0.77,0.49,0.51,5.22,122.0
6005,80450,8769030,8868476810,9441,65.56,296.84,818,5.68,8.39,56880,395.0,1879.08,0.8,0.78,0.47,0.48,4.91,133.44
6006,88023,12575858,14343159564,10255,60.68,295.27,953,5.64,8.58,61663,364.87,1882.01,0.84,0.8,0.49,0.51,6.08,119.54
6007,87556,8876515,9038854276,10019,57.91,288.86,759,4.39,3.09,60785,351.36,1842.6,0.8,0.77,0.48,0.51,7.07,135.27
6008,84102,11276580,11754056153,9843,57.9,282.61,935,5.5,5.33,58868,346.28,1791.85,0.82,0.8,0.47,0.49,8.02,118.58
6009,85408,8911171,9609937244,9875,57.41,282.89,1040,6.05,6.74,59423,345.48,1804.94,0.81,0.79,0.47,0.47,6.6,119.62
6010,78962,8017170,8139657908,9591,59.2,285.29,806,4.98,5.18,55452,342.3,1730.89,0.81,0.78,0.48,0.51,7.91,119.0
6011,78345,12104896,13844572013,9360,54.1,265.93,985,5.69,6.2,54566,315.41,1645.4,0.85,0.83,0.44,0.43,4.33,131.42
6012,74423,14498880,18071120875,9182,57.39,272.04,1080,6.75,12.38,51875,324.22,1631.63,0.81,0.78,0.45,0.47,5.76,114.59
6013,79229,18565319,21740684341,9508,53.42,267.13,960,5.39,6.7,55958,314.37,1666.12,0.86,0.85,0.49,0.51,8.89,117.67
6014,74703,10052125,10410408082,8997,55.88,267.82,742,4.61,4.69,52502,326.1,1657.13,0.84,0.81,0.44,0.45,12.51,124.06
6015,80528,9690321,9325430171,9690,54.13,266.78,1848,10.32,23.17,55918,312.39,1652.46,0.86,0.83,0.45,0.48,7.58,122.53
6016,78923,9698047,9601295771,9421,56.75,276.35,1139,6.86,15.28,55366,333.53,1706.44,0.77,0.73,0.48,0.5,6.59,122.91
6017,67520,7214109,7449847397,8728,54.55,260.24,1321,8.26,18.53,47945,299.66,1502.85,0.8,0.78,0.47,0.49,8.58,116.47
6018,73606,6767474,6968497197,9088,51.93,257.71,1628,9.3,19.64,51867,296.38,1555.49,0.83,0.8,0.48,0.5,8.3,125.42
6019,72442,12185014,13636576866,9096,51.1,254.9,1218,6.84,12.27,50936,286.16,1517.76,0.83,0.8,0.45,0.47,7.57,128.76
6020,71161,7987531,7634729664,8953,51.75,258.15,1251,7.23,13.05,49960,288.79,1535.87,0.87,0.85,0.47,0.47,7.31,125.19
6021,83016,11060427,11241159461,9582,52.36,266.24,1434,7.84,16.04,57433,313.84,1687.45,0.81,0.78,0.48,0.5,5.18,124.48
6022,74906,7029771,6958767257,9280,53.33,263.34,1300,7.47,13.71,51965,298.65,1566.0,0.81,0.78,0.46,0.47,6.88,120.31
6023,79042,7948031,8260079896,9330,54.88,267.19,1792,10.54,28.28,54716,321.86,1662.15,0.81,0.79,0.44,0.46,5.26,117.47
6024,77816,8494762,8468575722,9478,48.61,250.13,1590,8.15,19.4,54182,277.86,1530.86,0.84,0.82,0.45,0.46,7.13,117.64
6025,76793,6590889,6473587239,9310,49.52,250.7,1377,7.32,18.33,53479,284.46,1542.61,0.81,0.79,0.46,0.49,10.34,121.73
6026,82920,9025667,9244846516,9623,51.19,259.6,920,4.89,3.22,57823,307.57,1660.9,0.8,0.77,0.44,0.46,11.64,125.38
6027,73798,10598728,10278099556,8980,54.42,260.62,914,5.54,6.71,51616,312.82,1580.73,0.76,0.73,0.47,0.48,12.44,117.59
6028,72587,7811978,8276191275,9031,55.07,262.26,1489,9.08,22.03,50847,310.04,1584.31,0.81,0.79,0.44,0.45,10.74,116.54
6029,80883,8410972,8729912846,9637,56.69,276.38,834,4.91,5.15,56735,333.74,1715.83,0.8,0.77,0.45,0.46,12.14,125.72
6030,74042,10644076,11664523514,9220,52.99,258.35,781,4.49,2.73,52418,301.25,1563.65,0.78,0.75,0.46,0.47,14.4,120.24
6031,76314,8695216,9536943217,9109,52.35,255.85,991,5.7,9.86,53468,307.29,1595.92,0.76,0.74,0.47,0.49,10.83,121.24
6032,70462,11369914,13004859186,8972,51.27,249.31,939,5.37,6.27,49966,285.52,1481.51,0.79,0.77,0.45,0.48,10.81,125.01
6033,79104,10266022,11022183720,9485,54.2,264.73,980,5.6,5.68,55311,316.06,1643.92,0.84,0.82,0.49,0.5,10.06,117.43
6034,75001,7457375,7395467311,9263,51.18,253.11,948,5.24,5.52,52423,289.63,1530.66,0.82,0.79,0.46,0.48,11.02,117.99
6035,70895,8817193,9392530558,8978,50.72,248.71,855,4.83,3.71,50432,284.93,1489.53,0.78,0.76,0.46,0.46,10.9,115.28
6036,67614,6576100,6809619420,8625,49.29,239.82,1002,5.73,6.15,47733,272.76,1418.83,0.77,0.75,0.47,0.48,10.2,115.57
6037,70258,10087536,11060624374,8764,52.17,247.07,1156,6.88,10.74,49041,291.91,1483.99,0.82,0.79,0.47,0.48,9.67,120.82
6038,70277,6521387,6577970516,8756,50.61,244.89,913,5.28,5.39,49722,287.41,1485.78,0.84,0.82,0.47,0.47,13.99,122.25
6039,66541,7821436,8450004783,8580,50.47,243.45,852,5.01,5.75,46980,276.35,1414.02,0.79,0.76,0.46,0.48,11.65,115.77
6040,69703,6992571,7263312558,8761,47.61,235.98,1158,6.29,7.23,48774,265.08,1419.72,0.81,0.78,0.46,0.48,14.65,119.94
6041,69406,9640853,10785693401,8688,48.0,237.86,1493,8.25,24.06,48522,268.08,1419.33,0.79,0.76,0.45,0.46,16.73,122.68
6042,60690,6181247,6437733900,8120,51.39,239.62,695,4.4,3.6,43570,275.76,1379.99,0.83,0.81,0.47,0.51,18.25,120.67
6043,55813,8751406,9807505733,7808,47.61,224.48,947,5.77,8.36,41080,250.49,1257.85,0.82,0.79,0.47,0.48,16.23,120.96
6044,52693,5755271,5967824723,7542,46.27,217.37,1011,6.2,9.34,38676,237.28,1192.2,0.85,0.83,0.47,0.49,12.21,125.98
6045,55563,5866195,5998662418,7773,46.27,220.79,890,5.3,6.74,40691,242.21,1230.68,0.8,0.78,0.49,0.5,14.37,120.7
6046,48618,5597461,6062104454,7297,42.92,206.01,822,4.84,5.66,36272,213.36,1096.27,0.8,0.78,0.48,0.5,10.61,120.03
6047,53308,5715227,5902757260,7624,51.17,230.68,660,4.43,3.71,39655,266.14,1274.13,0.77,0.75,0.51,0.52,13.14,121.05
6048,47229,6886084,7978106202,7266,44.85,208.86,811,5.01,5.11,35452,218.84,1087.06,0.76,0.74,0.5,0.5,16.44,114.4
6049,50563,5075276,5196421153,7394,46.5,215.3,1029,6.47,13.24,37418,235.33,1160.78,0.78,0.74,0.44,0.46,16.13,123.36
6050,44738,5092322,5283717045,7021,45.89,208.75,627,4.1,2.62,33684,220.16,1065.79,0.75,0.73,0.52,0.55,16.01,114.96
6051,43541,7220668,8459356074,6710,45.65,205.16,651,4.43,4.51,32946,224.12,1068.4,0.7,0.67,0.52,0.54,16.04,112.93
6052,37587,3788196,3890539818,6295,43.41,194.96,483,3.33,3.1,29049,200.34,944.09,0.78,0.76,0.51,0.52,19.78,114.5
6053,37560,6382800,7326417066,6235,47.6,201.82,537,4.1,3.3,29031,221.61,991.7,0.79,0.77,0.5,0.52,14.88,107.34
6054,40130,6641425,7478392914,6544,46.08,203.42,731,5.15,6.94,30483,214.67,1000.86,0.78,0.78,0.49,0.51,15.48,105.54
6055,49780,4396849,4467539509,7181,49.18,220.18,680,4.66,5.07,36868,252.52,1204.13,0.77,0.75,0.49,0.5,19.78,108.98
6056,54285,6008608,6739679521,7621,46.47,219.47,918,5.6,8.1,39944,243.56,1222.83,0.78,0.76,0.49,0.5,16.54,110.89
6057,49975,4393673,4501111157,7353,50.71,226.02,779,5.37,6.63,37067,255.63,1205.18,0.78,0.75,0.49,0.48,14.91,103.63
6058,53624,4843839,5085690315,7528,55.76,240.62,721,5.34,6.27,39339,291.4,1330.87,0.8,0.79,0.45,0.44,13.35,104.98
6059,53924,15109782,18025893002,7657,45.58,217.19,718,4.27,3.4,39604,235.74,1197.2,0.78,0.76,0.51,0.52,14.09,106.75
6060,62498,7235472,7938408450,8267,49.21,234.04,759,4.52,3.04,44684,265.98,1358.85,0.78,0.76,0.5,0.51,18.66,104.59
6061,61883,10542757,11271818632,8329,48.71,233.33,979,5.73,6.51,44337,259.28,1329.4,0.78,0.76,0.47,0.47,14.69,109.84
6062,64629,5894890,5981221530,8355,51.26,240.5,1723,10.57,24.59,45607,279.8,1405.47,0.82,0.81,0.46,0.48,12.06,107.54
6063,61443,5201448,5316836333,8207,51.62,238.98,1273,8.01,15.96,43898,276.09,1362.01,0.8,0.78,0.45,0.47,12.79,100.7
6064,66506,5450303,5378286861,8510,52.21,245.62,809,4.96,4.62,47348,290.48,1455.85,0.77,0.75,0.47,0.46,13.58,114.24
6065,58247,5911596,5850996358,7964,53.09,237.78,1066,7.11,15.32,41975,279.83,1341.14,0.78,0.77,0.46,0.48,13.16,118.04
6066,65071,6043838,6279201219,8560,52.84,245.41,1060,6.54,9.07,46203,285.2,1433.06,0.81,0.79,0.45,0.46,11.47,114.02
6067,71748,7132826,7419580966,8861,54.36,255.52,1017,6.24,10.5,50694,311.01,1558.15,0.78,0.75,0.44,0.47,13.0,115.77
6068,66703,6443815,6462847393,8645,52.39,245.69,1175,7.12,12.61,47074,285.3,1438.56,0.77,0.75,0.46,0.46,9.79,113.64
6069,75376,8292552,8668773524,9227,53.96,257.31,1172,6.85,8.07,52552,307.32,1578.53,0.77,0.75,0.43,0.43,10.45,122.36
6070,71751,6167086,6128830266,8884,51.35,245.34,1161,6.71,7.78,50326,290.9,1501.36,0.73,0.71,0.47,0.5,9.36,118.36
6071,75854,7441243,7570311681,9151,47.66,240.68,1404,7.31,12.05,52673,274.34,1494.46,0.77,0.76,0.44,0.45,9.77,116.62
6072,67834,6556165,6835617203,8843,54.93,255.11,937,5.82,6.47,47841,297.15,1475.64,0.74,0.71,0.46,0.47,11.36,116.28
6073,69898,6283216,6490566636,8858,51.8,246.33,958,5.6,4.5,49449,289.18,1484.72,0.75,0.74,0.44,0.44,11.4,125.22
6074,57631,6106728,6631708165,8032,46.7,222.45,1026,5.97,8.39,41750,242.73,1245.01,0.74,0.72,0.47,0.47,11.21,114.54
6075,58145,6173877,6378685276,8115,47.18,226.29,902,5.24,5.69,42474,246.94,1271.25,0.75,0.73,0.46,0.46,9.92,113.25
6076,42633,4560929,3519839749,6791,47.82,209.79,581,4.09,3.24,32262,227.2,1056.83,0.77,0.74,0.5,0.51,14.15,112.43
6077,45977,4008909,3896901416,7041,52.94,226.54,615,4.62,4.7,34693,260.85,1182.24,0.78,0.75,0.48,0.49,17.76,113.17
6078,46596,7218777,7253387291,7185,47.27,213.98,684,4.5,5.03,35426,233.07,1123.86,0.77,0.75,0.5,0.52,16.71,125.35
6079,42418,7155731,7351473603,6667,40.9,190.42,752,4.61,5.33,31892,195.66,979.62,0.76,0.73,0.52,0.54,17.6,120.83
6080,45772,4321822,3781143214,6974,47.77,213.67,746,5.11,7.49,34384,235.51,1114.34,0.75,0.73,0.49,0.5,12.01,120.71
6081,34842,5265556,6019743334,5933,49.44,201.61,490,4.08,3.71,27073,225.61,979.11,0.78,0.77,0.52,0.53,15.3,111.58
6082,29876,3159641,3376076643,5517,48.82,193.06,419,3.71,3.77,23653,209.32,870.49,0.78,0.76,0.53,0.54,15.02,118.95
6083,28910,4849078,5922530237,5410,41.94,176.32,437,3.39,2.62,22937,177.81,787.04,0.77,0.75,0.52,0.53,15.26,109.52
6084,30441,5227743,5331534985,5483,47.27,189.56,468,4.03,3.75,23812,205.28,867.25,0.73,0.71,0.52,0.53,15.99,103.29
6085,34562,4607562,5315735966,5828,47.0,193.96,452,3.65,2.6,26546,214.08,933.92,0.74,0.72,0.5,0.5,13.9,121.45
6086,32540,2728402,2775737075,5688,49.46,197.04,475,4.13,3.87,25589,222.51,930.01,0.79,0.78,0.48,0.5,16.66,113.74
6087,34595,2975677,3068457624,6035,43.73,187.69,700,5.07,5.76,26766,193.96,891.08,0.78,0.74,0.45,0.47,10.63,125.77
6088,45015,4307892,4603640951,6853,44.5,201.67,807,5.24,4.81,33533,217.75,1084.72,0.82,0.78,0.4,0.42,10.86,126.87
6089,60090,5376249,5491475751,7907,56.88,245.7,1147,8.25,13.96,42818,308.04,1422.03,0.77,0.75,0.44,0.46,12.5,120.6
6090,28951,2690731,2874667239,5307,41.14,172.64,653,5.06,9.68,22506,174.47,784.46,0.82,0.81,0.51,0.52,15.65,118.26
6091,29047,3660651,4308378438,5390,39.34,168.12,618,4.51,4.54,23005,167.92,764.68,0.83,0.82,0.48,0.49,11.08,120.57
6092,28718,2483614,2471979708,5330,44.05,178.1,562,4.64,4.28,22670,187.36,805.1,0.76,0.74,0.51,0.53,12.74,112.96
6093,29530,3213160,3472693022,5506,41.71,176.89,631,4.78,4.94,23307,176.57,790.3,0.77,0.75,0.47,0.48,11.03,115.04
6094,26352,2663830,2891130166,5158,37.65,161.33,660,4.82,6.33,20928,152.76,694.69,0.76,0.74,0.54,0.55,11.24,103.42
6095,29563,11927738,11994308432,5424,42.38,176.44,553,4.32,3.69,23366,182.55,810.81,0.75,0.74,0.5,0.51,12.14,108.56
6096,25794,2098822,2119613570,4930,41.43,166.12,675,5.67,9.2,20369,171.17,727.11,0.77,0.75,0.49,0.51,13.38,113.92
6097,27655,2389786,2423608878,5194,41.89,172.48,490,3.95,4.44,21965,177.14,769.9,0.76,0.74,0.54,0.55,15.08,115.65
6098,25225,2290420,2303299483,4959,46.78,177.71,433,4.08,3.46,20168,190.26,763.27,0.74,0.72,0.51,0.53,11.26,116.32
6099,25618,3571167,4297497201,4958,45.07,176.14,336,3.05,2.05,20733,188.48,770.92,0.78,0.77,0.51,0.51,14.21,111.56
6100,21702,1826975,1835993500,4399,44.43,163.43,322,3.25,2.45,17414,175.9,680.81,0.78,0.78,0.54,0.53,14.37,102.98
6101,19270,8800808,11591978246,4016,34.32,139.86,355,3.03,2.51,15525,132.69,574.3,0.75,0.75,0.57,0.58,13.82,106.0
6102,25250,3096789,3334520709,4915,41.65,166.52,434,3.68,3.09,20338,172.36,728.4,0.73,0.72,0.5,0.51,13.05,110.17
6103,25232,2136600,2098702709,4961,39.69,164.49,401,3.21,2.83,20355,162.84,709.8,0.76,0.75,0.59,0.61,15.99,107.94
6104,24099,1893327,1739772952,4863,42.29,166.87,429,3.73,3.53,19289,167.73,701.19,0.79,0.78,0.51,0.52,16.03,113.14
6105,20175,1721576,1559319958,4076,35.14,152.67,371,3.2,2.5,16180,139.48,651.91,0.74,0.72,0.48,0.49,17.1,103.95
6106,3553,216407,207594861,1011,8.79,57.67,351,3.05,2.17,2895,25.17,215.14,0.68,0.68,0.51,0.5,19.35,108.6
6107,50167,5088364,3965707676,7375,66.44,265.08,403,3.63,2.89,38512,346.95,1440.94,0.79,0.78,0.5,0.52,17.41,109.62
6108,49849,12359665,14282759687,7386,63.13,258.38,439,3.75,2.83,38488,328.96,1402.08,0.81,0.8,0.47,0.47,15.36,107.66
6109,47544,6483400,5029515765,7232,64.57,258.28,446,3.98,3.42,37002,330.38,1376.22,0.78,0.78,0.57,0.59,17.21,113.58
6110,43699,3884539,3840610678,6895,57.46,236.78,434,3.62,2.55,34185,284.88,1226.19,0.8,0.78,0.5,0.52,15.73,117.12
6111,43248,35570579,40477311431,6760,58.28,236.15,503,4.34,4.47,33487,288.68,1220.63,0.74,0.72,0.46,0.46,15.82,112.89
6112,44114,5051176,5418775987,6705,54.96,229.47,445,3.65,3.67,34605,283.65,1233.22,0.74,0.72,0.54,0.55,12.2,134.55
6113,71778,6468627,6278339021,8906,58.21,271.91,1025,6.7,11.68,51415,336.05,1705.53,0.82,0.8,0.45,0.47,12.15,129.07
6114,87442,7707038,7309048319,10131,58.56,284.86,1437,8.31,17.27,61454,355.23,1843.12,0.82,0.8,0.43,0.45,10.56,138.13
6115,86141,7903616,7771706393,9912,60.07,285.58,1117,6.77,9.13,60400,366.06,1855.01,0.8,0.77,0.44,0.47,12.76,136.5
6116,89012,8532170,8872329343,10222,57.75,284.43,1143,6.46,7.88,62260,351.75,1845.51,0.8,0.78,0.47,0.48,9.07,132.28
6117,85886,9470144,9771427994,9848,55.64,272.53,1239,7.0,8.59,59864,338.21,1775.92,0.83,0.8,0.45,0.46,9.46,142.93
6118,90411,9705233,10530132750,10294,55.95,276.81,2190,11.9,28.71,62384,339.04,1811.27,0.85,0.83,0.42,0.43,9.13,138.23
6119,84675,8317036,8575481621,9991,55.82,274.33,1141,6.37,6.56,59469,332.23,1756.33,0.83,0.8,0.44,0.47,9.2,143.29
6120,76901,7275165,6945330566,9405,49.24,249.39,2218,11.61,28.26,53875,282.07,1538.93,0.81,0.78,0.42,0.44,5.47,144.3
6121,73186,8577537,9227813522,9166,49.28,248.01,1021,5.49,3.62,52233,280.82,1519.56,0.79,0.76,0.43,0.46,5.63,136.52
6122,74687,6377611,6206834474,9282,53.04,259.94,1008,5.76,5.38,53431,305.32,1598.28,0.85,0.83,0.45,0.45,8.07,136.65
6123,67320,7782596,8245982685,8870,58.74,270.44,880,5.83,5.95,49053,324.85,1584.4,0.81,0.79,0.46,0.47,7.37,135.7
6124,64608,5944469,6066469854,8530,52.98,250.52,1112,6.91,9.96,47163,292.94,1473.25,0.8,0.77,0.51,0.52,4.15,128.23
6125,54023,6422345,6122682137,7763,47.92,228.14,1012,6.25,9.04,40332,248.96,1261.24,0.77,0.74,0.49,0.51,6.88,125.85
6126,61777,5141285,4547127575,8163,50.7,249.24,780,4.84,5.13,45568,283.03,1519.2,0.82,0.8,0.51,0.52,10.46,124.75
6127,84812,7121960,7051397117,10134,57.58,289.3,833,4.73,3.83,61836,351.34,1854.53,0.83,0.8,0.48,0.49,6.04,129.06
6128,79051,6903694,6611557708,9617,57.59,279.93,780,4.67,2.98,58148,348.19,1786.57,0.82,0.8,0.45,0.47,8.18,124.74
6129,77942,6885072,6590500356,9648,56.42,277.33,903,5.28,4.77,57164,334.29,1736.76,0.81,0.79,0.47,0.48,5.43,123.49
6130,78584,10805607,12262382958,9546,55.82,276.2,799,4.67,4.14,57706,337.46,1758.46,0.8,0.78,0.49,0.5,9.75,126.42
6131,45394,3643079,3499969010,5851,34.62,212.23,817,4.83,5.46,33044,195.53,1340.38,0.76,0.73,0.49,0.52,10.4,131.04
6132,1171,10419144,15368667757,702,4.28,3.17,753,4.59,2.66,891,5.43,4.55,0.78,0.75,0.43,0.45,6.08,138.39
6133,1442,825114,1196710400,770,4.48,3.12,1014,5.9,4.78,972,5.65,4.61,0.85,0.83,0.45,0.48,4.82,132.55
6134,1355,15978,4494994,767,4.31,2.96,881,4.95,4.04,992,5.57,4.81,0.82,0.78,0.42,0.44,7.28,137.52
6135,1226,61342,65614806,705,4.3,3.26,738,4.5,2.6,905,5.52,4.51,0.79,0.76,0.43,0.44,10.17,134.36
6136,1180,19739,12067044,670,4.41,3.61,726,4.78,3.09,890,5.86,4.91,0.79,0.77,0.44,0.45,6.06,132.59
6137,1009,10227,2282095,488,3.56,2.64,796,5.81,7.36,617,4.5,3.5,0.83,0.81,0.52,0.55,5.19,137.4
6138,1452,15936,3282008,807,4.51,3.06,1037,5.79,5.02,1039,5.8,4.12,0.83,0.81,0.43,0.45,4.74,137.04
6139,1465,214228,15680055,760,4.37,3.37,1072,6.16,7.17,954,5.48,4.06,0.82,0.79,0.45,0.47,6.34,130.37
6140,1575,68867,42189813,790,4.36,3.37,1131,6.25,9.23,1029,5.69,4.57,0.82,0.8,0.44,0.46,5.62,132.28
6141,1849,18744,4910258,867,4.45,2.85,1363,6.99,8.23,1135,5.82,3.85,0.84,0.82,0.43,0.44,4.18,132.57
6142,1635,19932,3224782,888,4.53,3.15,1126,5.74,5.03,1149,5.86,4.11,0.81,0.79,0.47,0.48,5.59,136.2
6143,1565,12148,2119876,749,4.62,3.28,1133,6.99,9.66,958,5.91,5.1,0.82,0.8,0.44,0.47,3.51,140.93
6144,1603,12749,2433005,867,4.79,3.35,1170,6.46,5.77,1104,6.1,4.9,0.82,0.79,0.44,0.45,4.53,135.46
6145,2362,19701,3762120,966,5.03,3.34,1890,9.84,17.93,1205,6.28,4.25,0.85,0.85,0.43,0.44,4.42,131.79
6146,1601,13124,2353839,810,4.6,3.6,1167,6.63,8.86,1020,5.8,4.86,0.85,0.83,0.44,0.47,3.77,137.22
6147,1265,26133,14390357,691,4.32,3.1,879,5.49,6.07,874,5.46,4.43,0.81,0.79,0.49,0.49,7.96,130.56
6148,1125,22416,17140556,592,3.65,3.01,834,5.15,9.53,722,4.46,3.61,0.81,0.79,0.49,0.51,6.13,132.91
6149,886,14034,9347776,513,3.49,2.9,612,4.16,4.02,609,4.14,3.54,0.82,0.8,0.5,0.52,6.43,130.85
6150,864,12687,4365622,506,3.26,2.35,593,3.83,3.44,624,4.03,2.95,0.75,0.72,0.53,0.53,8.68,132.75
6151,820,13293,4962284,501,3.36,2.63,534,3.58,2.35,597,4.01,3.2,0.82,0.81,0.54,0.53,8.08,114.46
6152,849,11661,4358041,497,3.25,2.17,593,3.88,3.39,609,3.98,2.57,0.77,0.75,0.5,0.51,7.16,122.33
6153,59272,4179425,3852853260,7702,55.81,280.22,596,4.32,3.67,43613,316.04,1696.14,0.78,0.76,0.49,0.5,12.02,117.29
6154,80869,6753092,6456099698,9757,68.23,311.91,629,4.4,4.18,59384,415.27,1974.7,0.8,0.78,0.54,0.56,12.78,117.64
6155,91673,9929459,10805299054,10665,66.66,319.72,897,5.61,5.52,66210,413.81,2079.86,0.86,0.83,0.44,0.46,8.29,130.41
6156,91624,10610167,10935370430,10762,68.11,324.45,773,4.89,3.17,66620,421.65,2106.34,0.83,0.81,0.45,0.47,7.96,126.92
6157,95738,9157747,8770422074,10712,73.37,335.66,885,6.06,6.51,67984,465.64,2234.95,0.84,0.82,0.46,0.47,8.06,122.85
6158,96686,12810189,14076267276,10993,67.44,327.13,798,4.9,4.74,69448,426.06,2164.09,0.86,0.84,0.46,0.48,8.56,124.82
6159,93814,54030775,72905853315,10703,69.95,328.52,859,5.61,7.32,67472,440.99,2169.99,0.78,0.74,0.46,0.46,7.08,125.38
6160,96562,10434181,10571240616,10875,69.71,330.62,889,5.7,6.63,68831,441.22,2189.47,0.81,0.78,0.46,0.47,8.79,120.4
6161,100254,9392417,9078749678,10959,70.25,334.32,914,5.86,7.76,71212,456.49,2270.31,0.83,0.8,0.47,0.49,9.64,126.11
6162,96940,9968217,10131759228,10831,67.27,323.9,840,5.22,4.62,69513,431.76,2179.97,0.87,0.85,0.47,0.49,9.02,127.84
6163,93003,10361163,10188489515,10639,69.08,325.0,879,5.71,5.59,66683,433.01,2137.01,0.83,0.8,0.48,0.47,6.52,120.24
6164,110145,22236016,25883123575,11711,68.49,340.01,1157,6.77,9.66,76750,448.83,2339.19,0.85,0.82,0.48,0.49,6.35,121.78
6165,114623,20439110,24002120301,11880,63.87,330.32,1209,6.5,10.67,79623,428.08,2330.43,0.84,0.81,0.51,0.51,6.27,124.06
6166,112273,22425796,26765279077,11660,68.59,340.15,1263,7.43,13.03,77895,458.21,2383.44,0.81,0.79,0.49,0.5,6.15,116.84
6167,116835,26142890,31572611012,11880,66.37,337.42,1201,6.71,10.9,80905,451.98,2411.41,0.8,0.77,0.46,0.47,4.77,122.85
6168,119300,30518454,36293972342,12104,69.97,349.46,1043,6.03,5.79,82992,479.72,2512.11,0.8,0.78,0.46,0.48,5.91,123.17
6169,117181,26362581,31825433805,11955,69.51,348.19,1116,6.49,10.36,81840,475.81,2487.41,0.79,0.76,0.52,0.54,6.04,119.41
6170,114171,28948823,35078126893,11896,69.98,346.51,1278,7.52,12.33,80055,470.91,2445.54,0.82,0.8,0.49,0.51,7.32,116.56
6171,117078,12710119,13128033938,11956,71.59,353.69,1144,6.85,9.93,81720,489.34,2521.95,0.81,0.78,0.5,0.5,8.04,116.71
6172,118605,10929640,10686737037,11951,71.99,354.12,804,4.84,3.33,82452,496.7,2552.85,0.79,0.77,0.48,0.49,7.4,118.49
6173,118119,10990703,10903779447,12105,67.63,342.32,1097,6.13,6.6,82347,460.04,2451.99,0.79,0.76,0.47,0.49,6.24,121.98
6174,116503,10072296,9818769458,11891,66.8,338.48,1241,6.97,11.05,81284,456.65,2428.8,0.8,0.77,0.48,0.49,4.84,116.56
6175,107666,10100876,10205445169,11428,66.44,331.5,845,4.91,4.69,75981,441.75,2308.56,0.82,0.8,0.5,0.51,8.2,118.13
6176,107481,11680232,12108353693,11335,69.97,339.08,770,4.75,3.65,75446,465.72,2362.64,0.84,0.8,0.44,0.44,7.6,124.13
6177,115654,10117394,9690044826,11545,75.46,358.67,629,4.11,3.27,80491,526.08,2592.9,0.78,0.75,0.47,0.49,7.62,118.84
6178,117098,10654280,10424091591,11934,71.89,352.06,949,5.72,6.51,81333,489.96,2512.44,0.81,0.78,0.45,0.46,7.49,119.17
6179,114469,10516249,10763999107,11594,65.5,332.11,892,5.04,4.99,79442,448.82,2381.13,0.82,0.79,0.49,0.49,10.3,115.72
6180,113168,9946759,9342518237,11575,65.77,332.32,927,5.27,5.55,78638,446.81,2362.35,0.79,0.77,0.47,0.47,6.49,110.7
6181,110863,10017758,9576897623,11370,71.96,346.59,840,5.32,5.82,77651,491.46,2462.65,0.8,0.77,0.49,0.49,7.68,120.02
6182,116846,10299383,9856152566,11706,69.68,343.99,841,5.01,4.91,80824,481.1,2484.34,0.83,0.81,0.48,0.49,8.9,119.08
6183,118352,10938197,10815576426,11895,70.38,348.66,1270,7.51,14.49,81301,481.07,2493.22,0.81,0.77,0.47,0.49,8.88,115.63
6184,113237,10146590,10123264118,11573,63.24,325.24,1153,6.3,9.59,78057,426.54,2298.57,0.81,0.78,0.46,0.47,7.66,124.09
6185,114364,9909715,9634244801,11674,67.48,337.89,1151,6.65,10.65,79222,457.93,2400.19,0.8,0.77,0.44,0.46,6.46,117.53
6186,111615,10058084,9821064812,11409,65.57,328.81,1283,7.37,16.74,77678,446.43,2344.56,0.81,0.79,0.44,0.46,5.21,119.39
6187,113567,10880737,10545393518,11760,62.89,322.8,1200,6.42,7.91,78653,420.6,2288.46,0.82,0.8,0.4,0.41,5.46,127.51
6188,115325,11058009,10501256378,11696,70.88,345.41,1298,7.87,13.92,79723,483.17,2469.64,0.86,0.83,0.44,0.45,6.48,129.19
6189,122526,14644284,16212369348,11847,70.1,345.27,1174,6.95,9.05,82924,490.67,2538.86,0.82,0.79,0.42,0.43,3.78,130.34
6190,125628,10517504,10141657718,11924,68.14,341.74,1488,8.5,18.55,84347,481.98,2539.91,0.82,0.78,0.47,0.49,4.12,131.99
6191,129014,11952346,12123734520,12086,71.51,354.37,897,5.31,4.0,86346,510.92,2654.12,0.83,0.8,0.47,0.47,6.5,120.25
6192,134498,12525138,12788254367,12270,69.72,350.44,1385,7.87,12.12,89412,508.02,2688.09,0.84,0.82,0.47,0.48,4.26,123.59
6193,142374,12551599,12143685761,12713,73.91,369.27,1190,6.92,10.04,93709,544.82,2850.11,0.8,0.76,0.42,0.42,3.9,122.87
6194,143692,12175392,11825106178,12868,73.11,367.48,1461,8.3,13.93,94257,535.55,2830.45,0.79,0.75,0.48,0.49,3.53,122.33
6195,128648,11058998,10881933489,12173,65.8,339.01,1127,6.09,6.85,86201,465.95,2524.93,0.79,0.77,0.48,0.5,5.21,117.17
6196,123899,10621027,10411220870,11928,74.09,356.63,1225,7.61,9.94,83593,519.21,2622.23,0.81,0.77,0.5,0.53,4.73,119.86
6197,117317,9723197,9473215174,11451,70.69,342.85,1073,6.62,9.08,79315,489.6,2488.07,0.81,0.8,0.47,0.48,4.72,130.7
6198,115243,10388925,10446745641,11482,61.73,319.92,1010,5.43,6.3,79514,427.49,2325.95,0.79,0.77,0.48,0.49,4.18,117.6
6199,119181,10642858,10583414402,11652,66.58,333.84,1186,6.78,10.24,81049,463.14,2441.78,0.81,0.79,0.45,0.46,5.22,118.95
6200,122170,11505479,11820906282,11754,67.55,338.05,1268,7.29,13.31,82819,475.97,2501.44,0.81,0.78,0.44,0.46,4.82,113.15
6201,127409,11255589,10789007949,12066,70.56,350.12,1285,7.51,11.67,85423,499.55,2602.15,0.82,0.8,0.43,0.44,5.12,120.93
6202,119844,10945215,10186140651,11691,66.81,334.92,946,5.41,5.62,81513,465.79,2453.41,0.82,0.79,0.46,0.47,5.69,105.38
6203,122897,11162491,10567766335,11621,67.96,340.1,1051,6.15,15.81,83366,487.52,2542.9,0.83,0.8,0.45,0.47,8.8,114.1
6204,121836,12827512,13611196853,11606,67.48,337.86,1063,6.18,12.0,82279,478.37,2502.02,0.84,0.81,0.45,0.46,6.95,124.27
6205,123129,11538753,11657154926,11777,66.91,337.75,1264,7.18,16.25,83196,472.7,2503.12,0.85,0.83,0.45,0.45,5.42,119.47
6206,120404,11700438,11656816643,11516,72.43,348.13,956,6.01,6.44,81447,512.25,2575.14,0.85,0.83,0.46,0.46,5.23,114.93
6207,123759,11273786,11150939751,11629,71.34,348.79,985,6.04,9.42,83141,510.07,2597.99,0.82,0.79,0.47,0.48,10.09,115.16
6208,121731,11496333,11752688964,11506,67.29,334.9,1215,7.11,9.32,82454,482.19,2513.84,0.82,0.8,0.45,0.47,6.52,119.6
6209,122480,13747514,14189142296,11656,67.38,337.63,1138,6.58,9.64,82827,478.77,2510.8,0.84,0.82,0.45,0.46,6.69,120.19
6210,125518,11867617,11441131488,11821,73.88,357.43,1173,7.33,12.04,84505,528.16,2662.46,0.81,0.78,0.49,0.5,6.54,119.99
6211,122477,10670385,10142323570,11779,65.08,333.47,1253,6.92,11.69,83045,458.81,2463.63,0.8,0.77,0.49,0.51,5.42,127.5
6212,123042,11712188,11337164798,11697,66.84,336.23,1253,7.16,10.3,82725,472.71,2494.31,0.82,0.79,0.44,0.45,7.65,120.92
6213,128698,11396373,11242739677,12135,64.89,335.86,1515,8.1,15.53,86165,460.78,2510.65,0.79,0.75,0.44,0.44,6.93,118.53
6214,119825,11816161,11751138526,11620,68.35,339.1,1465,8.62,15.3,81514,479.49,2491.01,0.78,0.75,0.44,0.46,5.31,118.16
6215,118473,11830984,11429203536,11682,67.53,336.29,1433,8.28,12.61,80189,463.52,2430.5,0.83,0.81,0.48,0.49,5.18,113.6
6216,120271,11778485,10868031822,11720,69.76,345.14,1450,8.63,13.66,81718,486.42,2512.22,0.79,0.75,0.46,0.49,4.76,121.76
6217,119824,11370889,11407977951,11810,74.28,358.28,1119,7.04,9.5,81441,512.21,2572.98,0.77,0.74,0.47,0.48,5.73,119.47
6218,108104,10832596,11077551587,10946,68.41,331.3,1192,7.45,11.85,74880,468.0,2358.28,0.81,0.79,0.48,0.5,4.59,122.28
6219,98446,8244539,8083966116,10424,63.56,311.11,776,4.73,4.05,69166,421.74,2155.35,0.85,0.83,0.5,0.51,5.99,119.82
6220,90060,7839066,7862180003,9943,67.64,313.77,1103,7.5,17.22,63870,434.49,2096.2,0.8,0.78,0.49,0.51,4.41,115.87
6221,94242,7744953,7672883651,10069,65.38,311.51,785,5.1,7.73,67040,435.32,2151.58,0.74,0.71,0.48,0.48,5.91,110.04
6222,86711,8151333,8383535657,9765,68.29,312.44,873,6.1,8.32,62345,435.98,2072.35,0.77,0.76,0.5,0.51,7.56,106.1
6223,88082,7708542,7824218097,9957,61.46,297.93,773,4.77,5.38,63039,389.13,1972.14,0.8,0.77,0.49,0.5,7.37,111.16
6224,92303,7363107,7136373547,10126,67.96,316.26,1064,7.14,10.22,65527,439.78,2137.66,0.82,0.79,0.51,0.52,7.56,107.07
6225,90618,8222512,8130625167,10086,69.08,320.44,978,6.7,10.11,64985,445.1,2141.65,0.78,0.76,0.51,0.51,10.47,102.87
6226,94488,8597532,8806245223,10064,72.93,328.1,867,6.28,11.29,66407,481.21,2249.11,0.8,0.77,0.5,0.49,11.54,102.02
6227,103679,11638801,12808733911,10771,65.28,318.87,1518,9.2,18.29,71763,434.93,2225.33,0.76,0.74,0.5,0.52,7.39,101.81
6228,106685,9721409,9580372481,11012,59.2,303.26,1385,7.45,12.04,73657,396.01,2149.16,0.8,0.78,0.53,0.53,7.29,104.25
6229,125098,14046282,15641204499,12014,68.26,340.23,1514,8.6,11.08,84203,478.43,2522.58,0.82,0.8,0.46,0.49,7.81,114.12
6230,112387,23685527,25755277085,11291,64.89,323.0,1436,8.25,14.94,77192,443.63,2331.92,0.82,0.8,0.46,0.46,7.63,120.42
6231,120192,12883410,13872022747,11398,74.01,349.59,970,6.3,6.86,81609,529.93,2616.66,0.83,0.82,0.5,0.51,7.47,113.43
6232,121133,11573877,12005964889,11750,64.21,326.4,1331,7.27,9.28,82265,449.54,2420.4,0.82,0.79,0.45,0.45,5.9,116.66
6233,122994,11157331,11155136505,11520,68.57,336.91,1194,7.11,9.26,82615,491.76,2538.87,0.82,0.79,0.47,0.5,4.92,116.26
6234,125038,10990554,11001505701,11835,66.49,336.45,1148,6.45,8.23,84554,475.02,2526.5,0.77,0.75,0.47,0.47,5.86,118.98
6235,126042,10480087,10317055880,11834,70.02,345.96,1313,7.77,11.98,84649,500.88,2595.0,0.81,0.8,0.46,0.47,7.41,110.21
6236,136009,13288910,13570722617,12311,67.64,346.89,1491,8.19,13.61,90226,495.75,2668.93,0.77,0.75,0.5,0.53,6.27,114.79
6237,137942,14206230,14997128249,12358,62.73,330.83,1664,8.45,13.25,90970,461.78,2584.26,0.79,0.76,0.47,0.47,3.39,116.26
6238,137236,13543496,14137357117,12759,66.8,346.06,1848,9.68,16.48,90775,475.26,2618.18,0.81,0.8,0.43,0.44,4.97,113.38
6239,136080,13614283,13935790279,12502,64.78,339.22,1143,5.92,5.3,90938,471.18,2611.27,0.79,0.77,0.46,0.48,4.33,113.47
6240,131188,13511869,13867249873,12232,68.72,345.92,1076,6.04,6.19,87943,494.06,2626.57,0.82,0.8,0.46,0.48,4.52,118.94
6241,125469,11489499,11223202367,12050,67.7,339.83,1606,9.02,18.41,84308,473.64,2517.44,0.79,0.77,0.45,0.45,5.47,109.11
6242,118540,12137672,12175805359,11612,73.96,352.07,804,5.12,4.49,80999,515.92,2573.44,0.81,0.78,0.49,0.5,6.96,114.94
6243,106363,10477568,10396581976,11007,68.79,330.51,901,5.63,6.74,73836,461.48,2323.39,0.82,0.8,0.49,0.51,5.32,110.03
6244,106984,9796961,10065272628,11170,68.11,331.58,1064,6.49,10.62,74509,454.32,2317.61,0.82,0.79,0.51,0.52,6.15,105.31
6245,102071,9172831,9232678840,10605,71.66,333.79,1257,8.49,15.03,71056,480.11,2327.01,0.85,0.83,0.5,0.51,9.53,111.51
6246,108553,9410463,9183709484,11100,66.47,325.64,1209,7.24,11.78,74768,447.71,2304.99,0.82,0.81,0.48,0.49,5.7,108.01
6247,107212,9659372,9541461627,11002,64.72,320.65,1256,7.39,12.39,74564,438.61,2278.21,0.83,0.81,0.5,0.52,4.71,111.84
6248,109436,11201836,12070686655,11092,64.87,323.91,1380,8.07,16.93,75355,440.67,2299.06,0.83,0.81,0.48,0.49,6.11,111.79
6249,115532,10845595,10762454216,11518,66.58,331.97,1286,7.43,12.49,79315,458.47,2404.09,0.82,0.79,0.47,0.48,6.04,106.72
6250,111104,8731108,8200333073,11241,73.95,348.36,1010,6.64,11.0,77019,506.7,2488.05,0.82,0.79,0.47,0.46,6.22,105.29
6251,124248,12007737,12613668036,11848,68.88,343.08,1356,7.88,15.26,84368,490.51,2563.46,0.8,0.77,0.51,0.51,5.11,103.83
6252,129665,14440148,15570900608,12251,65.51,337.83,1462,7.82,13.21,86705,463.66,2531.02,0.8,0.79,0.49,0.5,11.08,108.45
6253,128144,14689350,16104873647,12025,69.51,347.02,1257,7.27,12.35,85700,495.38,2599.63,0.84,0.82,0.48,0.49,8.74,109.86
6254,131044,11031631,11140719949,12166,63.36,331.08,1374,7.16,11.19,87174,454.03,2507.23,0.79,0.77,0.43,0.44,5.76,114.01
6255,137674,15531612,16961141357,12341,73.9,363.14,1755,10.51,20.37,90706,543.15,2799.17,0.83,0.81,0.46,0.48,5.23,108.02
6256,140480,13150748,13448772285,12451,69.56,353.33,1189,6.64,9.21,92658,517.64,2761.82,0.85,0.83,0.5,0.52,6.59,110.18
6257,138120,16419606,18314814822,12312,76.47,369.55,1348,8.37,13.3,90992,565.17,2858.48,0.85,0.83,0.44,0.44,6.08,112.89
6258,142918,27771846,30765023781,12471,69.28,354.53,1240,6.89,13.26,93414,518.97,2779.14,0.79,0.77,0.46,0.47,7.29,114.23
6259,146366,13600525,13747377870,12834,70.52,362.47,1350,7.42,15.35,95835,526.57,2837.41,0.85,0.82,0.43,0.44,8.21,119.69
6260,149551,26466565,28807936217,12979,78.19,383.26,1163,7.01,9.13,97822,589.29,3026.94,0.84,0.81,0.43,0.46,7.43,116.48
6261,156509,13861249,13523686023,13229,70.74,366.7,1331,7.12,9.07,101354,542.0,2957.46,0.81,0.79,0.48,0.49,6.53,110.76
6262,152244,15202090,15963036105,13096,65.81,350.65,1673,8.41,13.64,98814,496.55,2794.5,0.8,0.77,0.47,0.49,3.97,109.19
6263,152288,14702159,15187717295,13107,75.76,379.65,1368,7.91,12.64,98732,570.71,2996.77,0.82,0.8,0.45,0.46,5.17,121.67
6264,146699,13709147,14039219546,12814,71.99,363.58,1660,9.33,15.9,95432,536.13,2852.82,0.81,0.78,0.44,0.46,3.53,117.03
6265,151797,13691109,13556865946,13121,69.42,361.4,1253,6.63,7.59,98684,522.14,2864.8,0.79,0.77,0.45,0.46,4.55,114.04
6266,142875,15110550,15748194832,12786,66.94,348.83,1557,8.15,11.14,94043,492.37,2713.16,0.83,0.81,0.46,0.48,3.86,109.71
6267,124425,12648994,13394924620,11550,75.99,357.54,880,5.79,7.21,83811,551.39,2711.26,0.85,0.83,0.47,0.48,6.05,118.55
6268,113882,9921411,9572676215,11323,73.05,348.14,1171,7.55,14.38,78075,503.71,2498.5,0.78,0.74,0.48,0.48,3.08,113.29
6269,107449,9949843,10151355632,10994,69.14,333.03,948,5.96,8.47,74719,469.93,2362.53,0.8,0.78,0.51,0.54,6.18,106.88
6270,102584,17981060,19965858625,10686,65.56,318.67,1330,8.16,14.59,71227,436.98,2218.26,0.81,0.78,0.54,0.57,7.61,112.1
6271,106658,14716256,15646374698,11053,65.02,321.18,1163,6.84,9.06,73983,435.19,2257.06,0.81,0.8,0.5,0.53,7.49,106.21
6272,110293,23306629,28065741088,11163,69.77,335.73,1131,7.07,11.53,76092,475.58,2392.5,0.81,0.79,0.5,0.52,8.35,99.33
6273,111929,9991622,9754370011,11210,69.63,338.06,781,4.85,6.04,76657,476.13,2410.0,0.82,0.81,0.5,0.52,9.36,102.44
6274,114169,9279833,9037596590,11374,69.35,339.12,849,5.18,5.45,78176,476.68,2436.27,0.8,0.78,0.46,0.49,8.24,107.08
6275,118235,10317720,10310799021,11480,70.43,342.7,1216,7.46,10.19,79856,489.91,2491.55,0.87,0.86,0.51,0.53,6.42,107.78
6276,125084,13829637,15260699457,11890,70.77,349.6,1419,8.45,12.63,84250,501.49,2594.54,0.81,0.79,0.51,0.52,4.82,107.4
6277,128445,12000474,12225252866,11752,71.22,348.34,1820,11.03,20.56,85012,515.22,2636.79,0.81,0.8,0.5,0.52,4.51,100.02
6278,130770,10021979,9343014928,12179,66.92,341.61,1441,7.92,12.18,87190,479.07,2576.36,0.85,0.84,0.44,0.44,6.13,114.99
6279,136935,11681966,11677444520,12349,72.22,359.79,1199,7.01,11.15,91093,532.71,2778.4,0.87,0.84,0.45,0.44,10.39,115.96
6280,117501,10604760,10607183845,11545,69.55,339.42,1268,7.64,12.87,79679,479.99,2463.09,0.82,0.78,0.46,0.47,5.56,128.17
6281,123301,11057610,11396639965,11730,74.24,353.43,1525,9.65,16.03,82791,523.99,2621.54,0.83,0.81,0.47,0.48,5.12,122.01
6282,222057,11588902,10255856304,15186,90.39,450.99,1305,7.77,11.51,136932,815.07,4230.84,0.84,0.8,0.42,0.45,10.09,125.95
6283,184880,19560712,22682773788,14140,78.99,404.31,1899,10.61,20.55,117385,655.78,3530.03,0.83,0.8,0.42,0.43,6.73,131.79
6284,137570,11131326,10701422941,12603,64.63,339.65,2104,10.79,19.27,91172,467.55,2603.29,0.82,0.79,0.44,0.45,5.04,126.76
6285,133547,10932150,10461975689,12222,66.42,339.68,1327,7.21,10.35,88757,482.38,2607.43,0.79,0.76,0.45,0.45,4.4,132.5
6286,144552,11870310,11467091967,12940,67.05,350.57,1455,7.54,10.34,95378,494.19,2738.68,0.82,0.79,0.45,0.47,4.49,135.14
6287,121043,9643472,9173513811,11656,64.4,328.53,1172,6.48,6.91,81656,451.14,2447.94,0.86,0.83,0.43,0.46,4.99,132.46
6288,99728,8868012,9105650908,9918,71.35,339.93,996,7.17,9.13,67669,486.83,2523.69,0.81,0.77,0.47,0.5,3.64,131.32
6289,127220,10927206,10874493683,11960,67.57,339.18,1214,6.86,9.67,85699,484.18,2563.84,0.8,0.77,0.44,0.45,7.23,129.48
6290,115655,9579061,9352803106,11566,60.87,314.4,1189,6.26,5.77,79615,419.03,2298.24,0.86,0.84,0.44,0.46,6.04,129.84
6291,105643,11621540,11486435784,11034,61.3,309.2,1092,6.07,5.86,74223,412.35,2203.65,0.82,0.79,0.44,0.45,6.43,135.37
6292,94649,8650107,8410082548,10401,60.47,300.1,934,5.43,5.93,67144,390.37,2036.51,0.84,0.81,0.44,0.46,6.85,129.86
6293,100243,8026191,7915990613,10712,60.18,303.08,1129,6.34,8.53,70717,397.29,2110.24,0.82,0.79,0.46,0.46,6.64,127.17
6294,96910,7222415,6883742463,10409,58.48,296.72,1163,6.53,9.82,68127,382.74,2035.38,0.79,0.78,0.5,0.51,6.63,117.99
6295,105469,9417295,7762555152,10925,58.74,302.77,1362,7.32,15.64,73664,396.04,2151.97,0.82,0.79,0.46,0.49,6.75,119.94
6296,101729,12595115,14246681979,10593,61.23,304.12,1202,6.95,10.38,71463,413.08,2166.06,0.82,0.79,0.48,0.5,7.31,120.33
6297,107522,7302781,6827245266,10918,61.68,309.62,1386,7.83,10.45,74824,422.73,2239.1,0.84,0.81,0.49,0.48,4.87,118.95
6298,113397,8040425,7410704175,11267,65.51,326.44,1182,6.87,9.82,78345,455.49,2380.95,0.8,0.78,0.51,0.52,7.87,122.11
6299,120950,9019256,8656032249,11684,62.82,322.64,1362,7.32,10.89,83206,447.34,2430.07,0.84,0.82,0.48,0.49,5.97,122.22
6300,118836,9137094,9225982365,11713,69.31,341.03,1236,7.31,12.06,80473,476.17,2463.26,0.86,0.84,0.48,0.5,8.28,127.41
6301,123428,9869015,9689423272,11903,66.13,332.8,1431,7.95,12.67,83387,463.26,2472.84,0.83,0.8,0.43,0.44,5.59,122.59
6302,124877,10271397,10090309337,11942,65.62,333.49,1416,7.78,13.21,83997,461.52,2479.04,0.84,0.82,0.46,0.47,4.85,126.23
6303,120943,10278831,10173389749,11647,61.62,320.8,1788,9.46,18.0,81393,430.65,2361.36,0.82,0.79,0.49,0.5,8.36,127.01
6304,119443,9287144,8410947250,11501,64.25,326.32,1139,6.36,9.46,80924,452.09,2412.1,0.81,0.78,0.48,0.5,7.05,122.78
6305,112318,9567418,9203390347,11228,66.83,330.32,1140,6.79,10.97,76663,456.33,2357.21,0.81,0.79,0.49,0.5,6.48,121.14
6306,118579,11566520,12168916157,11533,65.53,329.27,1496,8.5,13.77,80321,456.37,2412.34,0.87,0.86,0.48,0.49,5.17,120.13
6307,115959,27390521,33391490255,11439,64.99,327.36,1328,7.55,10.55,78873,448.14,2369.64,0.83,0.79,0.49,0.49,5.43,128.63
6308,119663,21182202,24974702271,11711,67.69,338.89,1035,5.98,6.92,81183,469.27,2460.73,0.88,0.85,0.46,0.48,7.74,130.55
6309,122769,19722285,22810280021,11826,65.7,334.06,1292,7.18,10.52,82730,459.61,2457.47,0.86,0.84,0.48,0.49,8.41,123.12
6310,127054,20997466,24455186888,11828,62.25,322.31,1695,8.92,12.79,83269,438.26,2411.16,0.86,0.83,0.46,0.47,5.11,128.07
6311,118559,10614541,10443057701,11464,60.02,311.8,1597,8.36,11.34,79625,416.88,2297.02,0.85,0.83,0.44,0.44,3.39,125.9
6312,98835,8504134,8350646912,10265,63.76,311.17,1324,8.22,12.6,67892,421.69,2212.14,0.85,0.83,0.48,0.48,3.17,125.35
6313,121745,11287281,11630215837,11571,68.06,339.02,1135,6.68,10.25,82083,482.84,2513.31,0.8,0.78,0.5,0.5,5.31,121.14
6314,108728,8220417,7697838172,11022,64.46,318.69,1178,6.89,9.09,74552,435.98,2270.8,0.85,0.82,0.42,0.43,5.6,129.41
6315,108117,9570056,9574016878,11038,64.55,320.63,981,5.74,6.87,74676,436.7,2275.83,0.83,0.81,0.51,0.53,4.95,121.59
6316,99796,9331642,9308306962,10470,64.23,310.53,1112,6.82,9.61,69884,428.74,2178.03,0.82,0.8,0.51,0.53,5.0,122.69
6317,100471,7980356,8023727527,10497,58.64,296.73,1351,7.55,12.93,69937,390.71,2082.48,0.8,0.78,0.48,0.5,4.52,120.14
6318,98110,7661040,7201762437,10323,61.45,300.45,1174,6.99,11.48,68592,408.29,2106.14,0.82,0.79,0.47,0.48,5.3,130.14
6319,97636,8735966,8727749386,10042,60.86,293.29,1266,7.67,10.77,68479,415.02,2121.21,0.88,0.86,0.43,0.46,6.94,143.95
6320,97858,7160362,6666619133,10440,56.74,288.32,1775,9.65,17.65,67891,368.97,1991.53,0.89,0.86,0.42,0.42,5.48,133.78
6321,96848,8042728,7913806580,10280,57.75,289.9,1624,9.12,16.71,67748,380.61,2020.94,0.89,0.88,0.44,0.46,6.61,134.43
6322,102614,7886724,7594438426,10571,58.08,295.54,2061,11.32,26.37,70521,387.48,2083.74,0.88,0.86,0.44,0.45,5.74,146.14
6323,104061,7033020,6344540090,10571,55.93,287.77,2024,10.71,24.71,70797,374.59,2050.37,0.88,0.86,0.42,0.45,4.74,137.95
6324,107306,12362935,13925849479,10818,60.1,303.77,1098,6.1,7.88,73416,407.87,2178.66,0.87,0.84,0.4,0.41,4.69,149.9
6325,111429,10923226,11489146186,10968,55.96,291.97,1538,7.85,14.53,73920,377.14,2100.89,0.88,0.85,0.38,0.38,4.67,142.17
6326,110809,7882106,7482353342,11002,55.01,291.04,1224,6.12,7.1,75197,375.98,2118.71,0.89,0.87,0.41,0.42,5.97,142.16
6327,114581,8947737,8841869836,11266,56.9,299.73,1351,6.82,9.96,77160,389.7,2187.42,0.87,0.84,0.4,0.4,3.52,148.84
6328,109275,8417107,8032415985,11054,56.11,294.14,1241,6.3,5.99,74621,378.79,2117.39,0.87,0.85,0.39,0.41,4.68,142.63
6329,114961,8101638,8004144465,11081,55.4,293.69,1535,7.68,14.98,76576,382.88,2159.61,0.89,0.86,0.41,0.43,7.16,148.46
6330,114551,8680279,8317621055,10978,58.71,301.44,1181,6.32,5.9,75560,404.06,2203.36,0.86,0.85,0.38,0.39,4.15,157.59
6331,117297,9226998,9287247121,11215,59.65,307.73,1260,6.7,7.36,77132,410.28,2242.09,0.89,0.86,0.4,0.42,4.94,152.1
6332,114899,8843440,8763877090,11371,57.72,304.05,1471,7.47,12.22,77451,393.15,2197.89,0.88,0.85,0.41,0.42,4.75,142.54
6333,114994,8725399,8085087669,11522,57.04,304.35,1527,7.56,12.61,77898,385.63,2184.6,0.89,0.86,0.4,0.42,3.36,147.8
6334,122782,9820539,9546163818,11612,59.55,309.07,1577,8.09,12.56,80912,414.93,2306.38,0.9,0.88,0.39,0.41,3.46,149.49
6335,122450,7986224,7037641202,11420,57.97,305.07,1258,6.39,5.46,80195,407.08,2277.41,0.87,0.84,0.39,0.41,3.14,151.54
6336,122437,9928138,9874376311,11620,57.24,306.03,1775,8.74,16.03,80267,395.4,2244.66,0.87,0.84,0.41,0.41,3.56,151.02
6337,118706,9655788,9803469139,11538,56.84,301.84,1848,9.1,14.4,78034,384.4,2180.53,0.87,0.83,0.42,0.44,4.15,143.85
6338,113489,8939849,8557012615,11239,56.76,297.97,1779,8.98,15.34,75307,380.34,2130.76,0.87,0.85,0.42,0.45,3.9,144.35
6339,112269,8121593,7521690843,11053,58.48,302.2,2354,12.46,33.68,73922,391.12,2141.07,0.88,0.86,0.41,0.42,4.37,144.35
6340,108707,8171503,7618587129,11172,52.95,285.18,1898,9.0,14.77,73294,347.36,2006.59,0.86,0.83,0.43,0.44,3.2,142.49
6341,109250,8007333,7182917208,11159,56.08,294.51,1578,7.93,8.27,73623,369.96,2078.56,0.89,0.87,0.41,0.42,4.37,143.84
6342,126745,9422718,8860406630,12001,61.54,325.56,1613,8.27,14.64,84116,431.36,2405.68,0.86,0.84,0.44,0.45,5.28,134.52
6343,127627,12200575,11760791552,11991,59.66,319.47,1613,8.02,13.85,84437,420.08,2375.82,0.87,0.84,0.48,0.49,6.6,125.83
6344,125938,9819106,9299734160,11969,66.49,339.12,1451,8.06,13.62,83285,462.69,2475.22,0.88,0.85,0.46,0.47,6.19,119.88
6345,140310,10370507,9758419157,12482,65.69,343.2,1969,10.36,19.09,89851,472.9,2599.56,0.8,0.77,0.47,0.48,4.87,121.3
6346,130393,9842301,9535954937,12374,66.53,344.03,1325,7.12,10.67,87424,470.02,2556.45,0.83,0.81,0.44,0.46,6.49,120.81
6347,134793,11630100,11897736798,12278,71.8,358.97,1589,9.29,17.9,88856,519.63,2710.39,0.86,0.83,0.47,0.48,4.39,128.58
6348,133275,12584999,12694622311,12468,65.97,342.37,1554,8.22,12.38,88687,469.24,2571.46,0.82,0.79,0.5,0.52,8.31,113.7
6349,128727,10649651,10161073547,12175,61.18,327.03,1477,7.42,12.76,85956,431.94,2433.25,0.87,0.84,0.46,0.47,10.65,122.13
6350,128250,10087071,10048329687,11991,63.78,331.12,1556,8.28,15.97,85172,453.04,2477.89,0.84,0.81,0.44,0.44,6.36,119.2
6351,129187,10397851,9624380238,12075,66.71,341.44,1235,6.82,8.29,85294,471.24,2532.24,0.86,0.83,0.43,0.44,6.86,125.62
6352,123376,9079347,8558207093,11777,63.66,328.31,1330,7.19,15.58,82124,443.91,2408.22,0.85,0.83,0.46,0.47,5.62,123.37
6353,132464,9584038,9537050362,11947,62.88,327.5,1874,9.86,17.61,86617,455.88,2506.63,0.88,0.86,0.43,0.44,4.71,127.0
6354,131527,21966097,26085636043,12152,62.32,330.66,1551,7.95,13.47,86281,442.47,2469.58,0.85,0.82,0.45,0.47,5.27,114.11
6355,128099,21528100,26321808442,11964,64.32,331.34,1113,5.98,4.73,84874,456.31,2480.18,0.85,0.82,0.42,0.44,6.1,128.28
6356,137730,10642803,10405074867,12384,63.84,336.1,1586,8.18,10.78,89527,461.48,2565.63,0.88,0.86,0.43,0.44,5.67,125.07
6357,142268,11505510,11631601685,12571,65.47,341.64,1561,8.13,11.36,91531,476.72,2632.93,0.85,0.83,0.46,0.48,5.17,124.3
6358,142056,11527990,11910737773,12584,62.92,335.59,2255,11.28,21.67,91392,456.96,2581.71,0.86,0.83,0.42,0.44,3.83,125.76
6359,132200,11297628,11478728849,12183,65.15,336.41,1641,8.78,13.12,86185,460.88,2513.39,0.84,0.82,0.45,0.46,5.13,126.98
6360,138156,12567370,12872372178,12437,69.48,352.39,1830,10.22,18.03,90002,502.8,2683.23,0.84,0.81,0.46,0.47,3.83,126.82
6361,140996,13643079,14357203847,12446,66.56,345.41,1313,7.02,7.77,91682,490.28,2675.46,0.86,0.83,0.43,0.45,6.2,122.04
6362,134968,9976478,9490336813,12491,65.74,342.75,1375,7.24,6.79,88849,467.63,2570.87,0.86,0.83,0.42,0.44,5.45,122.22
6363,135436,10651959,9929823364,12414,61.46,328.75,1562,7.73,8.51,88169,436.48,2475.86,0.84,0.81,0.41,0.43,5.83,114.19
6364,124016,9874794,9462719906,11799,65.92,335.0,1307,7.3,8.66,82160,458.99,2450.75,0.88,0.85,0.44,0.45,7.14,118.36
6365,119765,9941256,9578972571,11684,62.82,323.73,1305,7.02,7.3,79673,428.35,2335.19,0.86,0.83,0.42,0.43,5.36,115.63
6366,124634,12737366,12643580586,11943,63.87,329.4,1576,8.43,12.83,82298,440.1,2398.49,0.84,0.82,0.41,0.42,5.52,117.2
6367,128117,9689903,8990656494,12086,61.98,328.4,1843,9.45,16.77,84036,430.95,2401.32,0.83,0.8,0.45,0.45,5.16,127.97
6368,131172,10071551,9528457866,12196,61.29,326.88,1675,8.42,13.4,86071,432.52,2436.01,0.82,0.79,0.48,0.49,5.04,124.51
6369,128666,8706785,8087794799,12304,60.31,322.31,1984,9.73,18.49,83930,411.42,2343.79,0.84,0.82,0.46,0.47,5.12,118.04
6370,129653,10429458,9590499128,12351,63.99,336.55,1463,7.58,11.78,84897,439.88,2437.4,0.84,0.82,0.47,0.48,5.63,124.44
6371,127132,9813044,9185568038,12136,64.55,335.27,1640,8.72,18.36,83058,441.8,2414.8,0.83,0.8,0.46,0.48,8.33,123.39
6372,125028,10720153,10474448659,11999,65.21,336.41,1927,10.47,24.51,82660,449.24,2432.05,0.81,0.78,0.46,0.47,6.85,115.5
6373,117159,10275988,9401905972,11724,62.03,324.0,1281,6.78,11.53,78346,414.53,2274.93,0.82,0.79,0.44,0.44,7.29,126.12
6374,112696,9863596,9733279830,11632,66.85,335.48,978,5.62,7.18,75894,436.17,2294.23,0.83,0.8,0.47,0.47,8.17,126.91
6375,115587,11465708,11586422399,11688,61.19,319.26,1310,6.86,10.66,76874,402.48,2217.34,0.81,0.78,0.45,0.46,4.82,121.39
6376,108394,8676965,8073648300,11247,63.54,321.24,1603,9.06,19.76,73417,414.79,2197.81,0.79,0.77,0.44,0.45,3.88,119.44
6377,103080,8698376,8428636015,10917,66.57,325.07,902,5.5,6.56,71209,434.2,2215.89,0.78,0.75,0.46,0.47,5.22,120.87
6378,100959,9566240,9768223103,10864,59.37,304.97,1018,5.56,6.9,69587,380.26,2049.37,0.83,0.8,0.46,0.48,6.06,127.13
6379,102520,13715039,15415566179,10803,62.09,310.74,938,5.39,5.85,69770,400.98,2111.68,0.79,0.75,0.44,0.46,3.85,131.46
6380,109919,11480505,11075629003,11281,63.38,320.28,1036,5.82,8.24,74376,417.84,2223.08,0.8,0.77,0.43,0.44,4.0,135.67
6381,127454,10917753,10742049749,12284,71.84,356.62,1304,7.63,10.21,83946,490.91,2556.99,0.81,0.79,0.46,0.45,3.83,126.34
6382,115459,10997724,11028965888,11612,64.51,328.3,1339,7.44,16.0,77428,430.16,2301.15,0.78,0.75,0.46,0.48,3.96,120.61
6383,117565,9163968,8559736979,11783,66.95,336.45,1419,8.06,11.73,78329,445.05,2350.76,0.82,0.79,0.45,0.47,3.2,127.57
6384,117389,10489672,10222762626,11895,64.65,331.34,1732,9.41,18.85,78318,425.64,2299.63,0.81,0.78,0.46,0.47,2.39,129.68
6385,115757,9996688,9944669024,11849,64.75,330.19,1374,7.51,12.91,77528,423.65,2284.41,0.81,0.78,0.44,0.46,2.34,125.01
6386,103831,9168297,9000133183,11194,62.54,316.34,1170,6.54,9.36,71180,397.65,2116.77,0.8,0.78,0.46,0.48,4.57,127.98
6387,80508,7465502,7381259383,8933,59.16,298.98,1373,9.09,19.0,55236,365.8,1971.21,0.79,0.77,0.44,0.44,2.86,117.44
6388,92266,7533973,7275599202,10374,67.8,320.13,766,5.01,6.56,65021,424.97,2093.3,0.82,0.79,0.45,0.46,9.76,107.2
6389,91781,7865727,7619833378,10520,61.16,305.16,829,4.82,4.85,64953,377.63,1973.88,0.84,0.83,0.48,0.51,8.21,113.03
6390,92405,8119900,8049254317,10418,64.71,310.79,1018,6.32,8.48,64666,401.65,2027.72,0.85,0.82,0.5,0.52,9.09,119.81
6391,94887,40443388,46502559339,10465,65.82,316.92,1255,7.89,14.72,66164,416.13,2090.64,0.81,0.79,0.51,0.53,7.45,114.31
6392,91641,7503419,7127068588,10327,66.2,315.79,917,5.88,8.98,64400,412.82,2053.33,0.83,0.81,0.5,0.52,5.85,117.46
6393,101485,8827672,8847274836,11017,68.86,331.34,939,5.87,9.92,70019,437.62,2204.35,0.82,0.8,0.46,0.48,10.39,106.92
6394,94555,8288833,8152678801,10674,65.48,317.63,1193,7.32,14.18,65356,400.96,2037.13,0.84,0.82,0.49,0.52,5.96,114.67
6395,96258,9905759,10118320698,10666,66.66,322.56,874,5.46,8.74,66638,416.49,2098.99,0.75,0.73,0.5,0.51,6.69,112.35
6396,91868,10928740,11513009953,10319,55.78,287.29,864,4.67,5.09,63818,344.96,1874.69,0.82,0.8,0.5,0.51,9.13,107.78
6397,93095,8798729,8986846306,10373,64.03,310.02,1346,8.31,18.02,64449,397.83,2022.21,0.86,0.84,0.48,0.49,4.88,109.67
6398,100850,11048690,11364025983,10902,66.07,324.72,1247,7.56,17.91,68898,417.56,2143.01,0.86,0.83,0.48,0.5,6.24,118.88
6399,104458,10876571,11763417330,11115,67.36,330.12,945,5.73,8.87,71162,431.28,2208.95,0.83,0.8,0.49,0.5,5.62,114.49
6400,111306,11466573,12147125985,11284,77.29,357.76,968,6.63,10.41,75018,513.82,2471.9,0.78,0.76,0.48,0.51,11.64,104.29
6401,107125,12962638,14117559009,11279,68.36,334.89,906,5.49,9.31,72964,442.21,2265.52,0.82,0.8,0.47,0.47,7.4,110.56
6402,110077,9069335,8587844478,11316,73.96,348.49,1722,11.25,23.49,73940,483.27,2380.75,0.84,0.81,0.43,0.42,3.52,115.42
6403,108837,9388497,9228918677,11443,66.53,332.64,1370,7.97,17.84,73423,426.88,2235.48,0.8,0.77,0.48,0.5,3.24,112.74
6404,109350,11653788,12528421301,11448,69.8,341.72,981,5.98,10.96,73873,450.45,2300.53,0.75,0.73,0.45,0.45,4.1,114.71
6405,107720,11226569,11115500567,11480,74.06,351.71,980,6.32,11.51,73026,471.14,2334.72,0.75,0.72,0.45,0.45,5.99,121.67
6406,107100,11501294,11207228383,11412,63.4,321.77,1545,8.58,17.81,72636,403.53,2156.08,0.76,0.74,0.48,0.48,6.35,114.27
6407,113701,10505893,10217727082,11958,61.96,325.4,1584,8.21,16.01,76673,397.27,2199.61,0.76,0.73,0.45,0.47,2.79,113.07
6408,101773,10940194,10974158669,11200,67.88,330.66,1394,8.45,14.97,69774,422.87,2162.38,0.8,0.78,0.43,0.42,3.57,117.09
6409,114857,10216769,9838148177,11890,69.53,345.42,1055,6.17,7.35,77731,454.57,2368.92,0.8,0.79,0.45,0.46,5.17,107.99
6410,105765,10598201,10900323004,11271,68.73,333.91,1116,6.8,9.56,71996,439.0,2240.44,0.8,0.77,0.48,0.5,3.98,115.5
6411,79614,7365051,7250903056,8915,51.53,275.67,1056,6.1,7.0,54478,314.9,1823.39,0.81,0.79,0.48,0.49,6.24,111.42
6412,94742,10166517,10731836076,10520,57.8,296.64,984,5.41,9.77,66017,362.73,1950.99,0.86,0.85,0.48,0.48,6.27,110.55
6413,95768,8033908,7917959813,10533,63.07,310.92,1560,9.34,20.45,66067,395.61,2038.59,0.81,0.79,0.48,0.49,4.45,117.92
6414,90591,8257837,7833488148,10165,67.32,316.8,975,6.46,11.55,62871,416.36,2038.44,0.8,0.78,0.46,0.47,5.79,111.22
6415,88741,6555989,5892670872,10102,59.78,296.5,930,5.5,10.26,61700,365.09,1895.0,0.81,0.79,0.49,0.52,8.27,109.85
6416,87798,8506199,8139689644,9976,62.35,299.35,1225,7.66,15.29,60899,380.62,1918.04,0.85,0.83,0.48,0.5,8.23,115.82
6417,96029,12921902,13421781405,10470,67.55,320.4,854,5.51,6.62,65630,423.42,2097.96,0.81,0.8,0.49,0.5,14.16,113.68
6418,98341,8990132,8984228603,10719,63.8,313.71,966,5.75,7.41,67568,402.19,2077.66,0.83,0.8,0.47,0.47,6.62,121.84
6419,104841,13787649,13225990207,10989,66.2,322.96,1199,7.22,9.99,70185,422.8,2170.92,0.83,0.81,0.5,0.52,12.58,108.59
6420,107323,10242307,9718934051,11218,68.4,333.51,1162,7.09,11.61,71939,438.65,2237.52,0.82,0.81,0.48,0.5,7.55,105.91
6421,109639,12108735,12392934939,11184,61.79,317.22,991,5.48,7.0,72619,401.21,2156.01,0.85,0.83,0.47,0.47,9.84,114.07
6422,113534,12482117,12202904764,11369,73.82,350.1,1358,8.82,17.39,74172,481.64,2382.71,0.83,0.8,0.51,0.53,9.94,116.96
6423,117813,13352342,12625760065,11483,70.45,342.84,1217,7.47,12.91,76623,470.08,2391.06,0.84,0.82,0.46,0.48,9.79,105.78
6424,105677,8066771,6779025694,11055,66.6,325.92,1823,10.98,24.26,70065,422.08,2162.1,0.86,0.84,0.5,0.51,6.69,109.98
6425,112131,8234273,7777988840,11198,72.71,343.88,1611,10.46,23.82,74163,481.58,2371.81,0.84,0.83,0.5,0.51,9.31,102.49
6426,111326,8946965,7465254823,11196,64.34,324.59,1846,10.61,20.82,72648,417.52,2195.76,0.81,0.79,0.51,0.53,7.24,107.02
6427,110506,10536720,10413889759,11517,64.7,327.98,2332,13.1,27.68,72979,409.99,2174.22,0.86,0.83,0.44,0.46,5.49,123.03
6428,114751,9736420,9199434048,11560,70.92,345.59,1978,12.13,31.01,75079,460.61,2344.92,0.85,0.82,0.46,0.45,3.57,120.43
6429,129173,10590256,9999703102,12321,71.22,356.2,1705,9.86,23.35,83101,480.35,2517.15,0.82,0.79,0.44,0.45,4.39,119.81
6430,120284,10069239,9236818125,11937,70.63,351.25,1234,7.3,14.12,77812,460.43,2391.06,0.79,0.76,0.47,0.47,2.99,124.43
6431,119868,10019459,9688905556,12122,71.31,355.36,1402,8.25,19.5,78724,463.08,2409.37,0.82,0.8,0.46,0.47,3.97,124.83
6432,118686,11957397,12159532849,12242,65.47,341.03,1306,6.98,13.26,79563,425.47,2320.92,0.81,0.79,0.44,0.46,4.68,124.03
6433,117857,9675347,9004367210,12063,70.96,354.26,786,4.62,4.76,79440,467.29,2432.89,0.83,0.8,0.46,0.48,6.37,116.71
6434,119425,9593968,8457673395,12296,69.08,351.21,1050,5.9,8.08,81240,456.4,2427.79,0.83,0.8,0.46,0.47,3.71,116.92
6435,109299,10347064,9915424276,11590,72.44,351.3,900,5.62,11.83,75670,472.94,2385.92,0.82,0.79,0.48,0.49,5.41,121.76
6436,91521,7563309,6884330149,10642,73.39,338.45,686,4.73,7.3,65497,451.7,2165.41,0.76,0.74,0.48,0.49,6.18,114.72
6437,97603,8236438,7230279956,10903,68.57,329.96,885,5.57,8.04,68539,431.06,2163.92,0.79,0.77,0.49,0.49,4.79,109.0
6438,90992,7308981,6668256065,10458,72.62,333.97,1021,7.09,13.47,64500,447.92,2140.05,0.82,0.79,0.48,0.5,3.92,110.48
6439,93435,9618470,10098526028,10519,69.66,328.23,895,5.93,9.5,66160,438.15,2144.8,0.79,0.75,0.49,0.51,4.68,112.15
6440,94848,11641668,12457593385,10676,65.9,321.14,824,5.09,8.07,66743,411.99,2090.78,0.79,0.76,0.52,0.54,10.71,118.89
6441,97480,9140921,9110118519,10816,59.43,303.75,1079,5.93,8.86,68142,374.41,2012.96,0.81,0.79,0.49,0.5,5.59,109.74
6442,98915,9912566,10599299431,10957,62.97,316.89,2096,12.05,38.75,69190,397.64,2071.79,0.82,0.79,0.52,0.53,8.72,105.72
6443,107945,11645669,12397637174,11359,56.8,303.81,2762,13.81,43.95,73852,369.26,2064.0,0.87,0.86,0.48,0.48,7.89,107.13
6444,96693,8162955,7660834715,10756,60.09,307.22,2189,12.23,37.45,67774,378.63,2003.73,0.83,0.8,0.47,0.47,4.2,103.93
6445,102868,9744615,9539948098,11160,59.36,310.07,1449,7.71,23.58,71286,379.18,2067.81,0.81,0.79,0.49,0.5,5.42,109.57
6446,109722,10324891,10085996490,11461,66.63,331.73,1583,9.2,17.54,74872,435.3,2276.71,0.82,0.79,0.49,0.5,5.78,108.91
6447,111834,10098658,10001425126,11592,60.06,315.11,2001,10.37,24.13,76029,393.93,2177.83,0.83,0.8,0.49,0.52,7.34,113.15
6448,106244,8994975,8672704647,11389,65.08,327.97,1257,7.18,13.1,73569,420.39,2214.95,0.82,0.8,0.46,0.47,6.35,117.85
6449,112528,10826381,11029638872,11723,60.74,319.11,1999,10.36,28.63,77149,399.74,2202.33,0.85,0.83,0.45,0.47,6.34,123.15
6450,119211,9823318,9423233081,11861,59.9,318.57,2308,11.66,30.83,79465,401.34,2237.19,0.83,0.8,0.48,0.47,5.23,117.51
6451,107366,8961169,8555796223,11358,66.03,329.17,894,5.2,6.47,73647,428.18,2240.2,0.82,0.78,0.43,0.44,7.73,121.86
6452,105510,9911735,9831500566,11358,59.47,310.51,1234,6.46,9.47,72784,381.07,2099.73,0.85,0.82,0.45,0.45,5.51,131.45
6453,116835,11097836,10621080301,11620,62.47,323.54,1263,6.79,13.9,79175,425.67,2315.81,0.86,0.83,0.42,0.43,4.13,136.46
6454,104446,8765945,8408670240,11108,58.16,305.57,1012,5.3,5.62,72288,378.47,2091.75,0.84,0.8,0.47,0.48,4.97,126.07
6455,107612,10064029,9395657117,11132,62.19,316.34,890,4.97,4.26,73913,412.92,2202.05,0.85,0.82,0.43,0.45,4.4,131.82
6456,97189,8926922,8598644071,10753,61.45,308.86,969,5.54,7.62,67930,388.17,2048.38,0.83,0.8,0.49,0.5,3.68,127.94
6457,103580,10820787,11251517145,10993,56.66,297.62,1297,6.69,10.34,70966,365.8,2031.75,0.86,0.82,0.46,0.47,6.23,130.89
6458,94545,9007370,8791172718,10419,53.16,280.34,1186,6.05,6.99,66326,338.4,1888.59,0.87,0.85,0.48,0.49,5.41,135.04
6459,84625,7989059,7504872169,9912,53.87,276.42,1258,6.84,10.38,59810,325.05,1756.01,0.86,0.83,0.49,0.5,3.47,128.73
6460,87524,7667790,7576928613,10077,60.7,296.77,1041,6.27,8.41,61934,373.1,1913.53,0.85,0.83,0.49,0.49,4.2,127.13
6461,80862,7288983,7149530611,9790,51.53,268.7,1420,7.47,15.15,57923,304.86,1672.66,0.85,0.82,0.48,0.48,5.98,129.97
6462,79112,6813504,6367612115,9740,51.53,266.65,1340,7.09,12.93,56196,297.33,1629.41,0.85,0.84,0.43,0.44,7.75,139.92
6463,94569,7920242,7444758513,10758,56.62,294.49,1261,6.64,10.33,65918,346.94,1903.79,0.84,0.82,0.46,0.48,5.87,137.91
6464,95584,7927530,7677225100,10764,59.8,303.57,1278,7.1,17.28,66334,368.52,1967.6,0.88,0.86,0.47,0.49,9.63,135.76
6465,96667,11074250,10484599347,11092,63.75,305.53,1581,9.09,17.45,67072,385.47,1991.73,0.85,0.82,0.48,0.49,6.64,124.3
6466,95133,8769504,7630665196,11058,55.85,282.54,1347,6.8,11.83,66085,333.76,1847.24,0.9,0.88,0.47,0.48,6.55,127.32
6467,100632,9555056,9493184712,11386,62.91,306.84,1425,7.87,16.91,68851,380.39,2011.04,0.81,0.79,0.48,0.5,6.42,124.73
6468,97719,9492457,9703061456,11413,59.75,297.68,1210,6.34,11.44,67620,354.03,1925.69,0.87,0.84,0.44,0.46,8.13,135.74
6469,100338,8745985,8522230358,11472,60.7,300.62,1099,5.81,7.55,69285,366.59,1981.7,0.86,0.83,0.44,0.45,9.22,140.62
6470,102906,9114126,8636357264,11711,64.35,315.73,1650,9.07,18.94,70359,386.59,2051.6,0.84,0.8,0.47,0.48,6.57,131.31
6471,107240,9690859,9220513596,11922,62.42,311.27,1590,8.32,14.46,72908,381.72,2074.86,0.82,0.79,0.45,0.46,5.94,132.02
6472,103663,10664641,10825237462,11590,61.98,307.81,1259,6.73,10.53,71489,382.29,2055.32,0.85,0.82,0.45,0.44,6.72,135.02
6473,101778,10427466,10531637835,11464,65.14,313.86,1100,6.25,11.8,69750,396.31,2067.25,0.86,0.83,0.46,0.46,8.39,134.72
6474,103473,19489383,22974799032,11478,63.77,311.16,1211,6.73,13.48,71281,396.01,2093.1,0.81,0.78,0.46,0.47,7.11,133.11
6475,111781,20999695,23201649736,12217,68.63,332.39,1774,9.97,20.08,75627,424.87,2228.79,0.85,0.83,0.44,0.45,5.69,135.97
6476,108920,9516484,9566678490,12075,64.92,322.69,1310,7.04,13.66,73977,397.73,2138.19,0.87,0.84,0.43,0.43,6.48,140.16
6477,107012,8818306,8041600500,12018,59.79,304.1,1579,7.86,15.0,72699,361.69,2015.96,0.83,0.8,0.43,0.44,6.46,131.35
6478,114777,8350380,7934066286,12296,62.42,317.27,1461,7.42,12.64,77450,393.15,2175.3,0.85,0.82,0.44,0.45,3.95,130.4
6479,108262,9961925,10039308545,12168,64.72,321.73,1682,8.95,16.34,73924,393.21,2128.1,0.87,0.84,0.42,0.42,2.99,135.56
6480,99586,7979989,7514173475,11523,60.97,303.7,1497,7.92,13.87,69471,367.57,1992.53,0.86,0.83,0.44,0.45,3.9,127.93
6481,109656,9744994,9318129429,12124,61.54,309.62,1636,8.3,13.43,75320,382.34,2110.78,0.87,0.84,0.44,0.45,2.72,128.99
6482,108914,9297270,9224822430,12028,66.45,320.61,1214,6.71,9.7,75892,419.29,2211.05,0.85,0.82,0.43,0.44,4.26,131.45
6483,110990,8540641,7903370516,11951,63.23,313.77,1407,7.44,20.06,77563,410.39,2220.68,0.86,0.83,0.43,0.45,4.62,132.49
6484,108208,8488764,7548525762,11838,62.63,312.49,1268,6.71,10.72,75852,401.33,2174.55,0.82,0.78,0.46,0.45,4.2,137.09
6485,110107,8917464,8584699098,11893,68.75,327.76,1023,5.91,8.11,77043,445.34,2303.11,0.83,0.8,0.43,0.44,4.74,130.9
6486,106618,9501246,9228834074,11732,62.4,307.96,1116,5.94,8.17,74523,396.4,2133.86,0.85,0.81,0.44,0.45,4.78,135.62
6487,120616,8917385,8483210229,12348,66.03,326.37,1069,5.72,5.61,82732,442.42,2384.55,0.86,0.84,0.43,0.45,5.36,130.49
6488,110703,8635637,7970729153,11951,63.57,313.33,1141,6.07,8.53,76900,409.04,2202.08,0.86,0.84,0.47,0.48,5.59,129.49
6489,119419,9973852,9551164283,12295,66.46,326.12,1642,8.88,17.38,82213,444.39,2376.91,0.89,0.88,0.45,0.47,4.2,122.47
6490,115961,9520459,9374130744,12084,64.62,319.88,1391,7.44,15.18,79867,427.1,2301.63,0.86,0.83,0.46,0.48,5.46,134.64
6491,118719,9594585,9256272020,12145,74.51,347.02,1069,6.56,13.27,81862,502.22,2524.63,0.84,0.81,0.46,0.46,4.69,126.55
6492,123056,9479773,9312175570,12464,62.01,315.63,1610,8.01,18.08,83805,416.94,2328.07,0.85,0.82,0.44,0.45,5.0,118.45
6493,118717,8233642,7757270103,12296,61.17,310.28,1341,6.67,10.35,81961,407.77,2276.59,0.85,0.81,0.45,0.47,6.59,123.11
6494,123305,16578326,19387780205,12368,69.09,334.46,1558,8.7,16.87,84177,470.26,2475.89,0.86,0.82,0.46,0.47,5.11,120.97
6495,121629,8697747,7908363528,12434,69.85,336.51,1345,7.56,13.39,83075,466.71,2451.26,0.87,0.84,0.46,0.47,6.2,120.87
6496,119800,8459156,7835938246,12194,69.28,332.22,1019,5.79,7.43,82407,468.22,2441.08,0.84,0.81,0.43,0.44,6.79,117.64
6497,125236,10166336,9438819209,12258,72.11,341.47,905,5.32,6.47,84737,498.45,2561.52,0.79,0.75,0.46,0.46,5.84,124.16
6498,132750,11446879,11638337226,12478,68.19,334.67,1165,6.37,13.01,88357,482.83,2572.94,0.8,0.76,0.45,0.44,4.83,128.53
6499,131305,18286912,20662247872,12711,65.86,330.32,1268,6.57,11.78,88017,456.05,2493.75,0.8,0.77,0.48,0.5,4.06,126.67
6500,129080,11064572,10462284244,12633,69.03,336.83,1402,7.66,11.69,87347,477.31,2540.36,0.81,0.78,0.42,0.43,4.01,123.73
6501,126798,13225713,12052644337,12356,65.38,326.71,1623,8.59,18.71,85238,450.99,2442.71,0.84,0.8,0.41,0.42,2.9,131.62
6502,122385,10441638,9699434833,12106,68.01,329.87,1797,10.1,25.07,82790,465.11,2444.96,0.82,0.79,0.41,0.42,3.3,139.97
6503,123673,11205149,11243619850,12267,65.25,322.97,2172,11.55,28.3,82836,440.62,2376.13,0.78,0.75,0.45,0.45,2.42,139.18
6504,124708,9824269,8796941767,12298,64.73,322.03,1062,5.59,5.92,84653,445.54,2418.93,0.82,0.79,0.45,0.45,3.48,132.55
6505,124610,9913164,9251184911,12311,66.91,327.57,1354,7.36,13.72,84403,458.71,2448.64,0.84,0.82,0.45,0.46,3.4,120.03
6506,120122,10114916,9757276742,12035,65.41,322.9,971,5.28,7.69,82170,446.58,2385.45,0.81,0.78,0.46,0.46,5.45,124.49
6507,119314,9696336,9260848788,11853,68.12,326.77,857,4.93,4.23,81680,469.43,2437.57,0.81,0.79,0.44,0.45,6.6,127.67
6508,118295,9946844,9887590187,11910,63.69,315.64,1002,5.36,5.62,80900,432.62,2332.61,0.8,0.77,0.43,0.43,4.8,130.37
6509,115739,8590843,7998626558,11799,65.19,317.8,906,5.01,4.62,79627,439.93,2328.6,0.84,0.82,0.46,0.46,7.5,128.59
6510,118270,10172865,10280901837,11917,66.58,322.47,1012,5.65,8.73,81613,455.94,2403.05,0.8,0.78,0.48,0.47,6.72,119.24
6511,124243,9595326,8994524226,12281,65.67,323.27,1072,5.73,5.65,84516,451.96,2430.34,0.83,0.79,0.43,0.42,5.05,130.28
6512,119398,9110607,8373022097,11932,61.19,309.78,1044,5.35,6.79,81607,418.5,2305.44,0.8,0.78,0.45,0.45,6.28,122.61
6513,134481,9752424,9055399664,12630,67.9,333.28,1181,6.35,7.74,89792,482.75,2592.14,0.81,0.77,0.44,0.43,6.93,126.61
6514,132372,11916269,12109856361,12576,67.61,332.97,1292,6.95,12.25,88915,478.04,2571.41,0.83,0.81,0.45,0.45,5.71,131.08
6515,129372,9149723,8502849117,12357,68.27,331.39,1400,7.73,18.11,86861,479.9,2543.71,0.81,0.78,0.47,0.47,6.04,121.61
6516,122494,9180141,8619140017,12177,70.8,335.81,917,5.33,5.52,83666,486.43,2508.34,0.84,0.81,0.42,0.42,5.44,132.33
6517,124258,11881572,11971803743,12130,64.52,318.75,1212,6.45,10.07,84231,448.04,2417.33,0.85,0.82,0.46,0.47,7.0,126.39
6518,123505,11352295,11371294184,12202,70.53,335.15,1013,5.86,7.7,84294,487.25,2521.56,0.83,0.81,0.44,0.43,9.9,123.57
6519,126154,11119366,10844079129,12141,68.98,330.15,1046,5.94,6.87,85242,484.33,2527.06,0.82,0.78,0.47,0.46,7.16,124.24
6520,117706,12611174,12554654040,11753,63.19,312.55,1126,6.05,8.59,80663,433.67,2331.44,0.82,0.78,0.43,0.44,7.98,130.72
6521,121495,10721543,10481694208,12053,62.78,313.19,1339,6.97,11.83,82525,429.82,2348.54,0.88,0.85,0.43,0.43,4.95,128.99
6522,106459,7816374,7012032624,11003,65.11,308.09,826,4.89,3.74,73586,435.42,2270.49,0.84,0.8,0.44,0.45,8.19,124.51
6523,117560,13066943,14122900528,11917,64.42,316.66,984,5.32,5.52,80592,435.63,2332.58,0.82,0.79,0.49,0.5,7.93,120.73
6524,112759,8444606,8049192018,11521,65.09,313.93,861,4.86,5.13,78017,440.77,2309.98,0.79,0.76,0.43,0.43,6.08,129.48
6525,102971,7924365,7350778595,11031,67.26,310.32,1152,7.02,9.51,71672,437.02,2200.49,0.88,0.86,0.39,0.38,3.45,154.17
6526,101600,7866479,7347887265,11041,65.33,302.68,952,5.63,3.54,71166,421.1,2145.25,0.91,0.89,0.37,0.36,4.85,152.42
6527,103149,9695363,9948124229,10968,60.6,292.92,1024,5.66,4.41,71990,397.73,2103.18,0.86,0.83,0.4,0.42,3.77,157.62
6528,101904,8973224,8354984664,11071,61.51,295.31,1221,6.78,11.3,71178,395.43,2083.29,0.88,0.86,0.37,0.38,3.32,152.81
6529,103895,8373634,7977240762,11211,62.98,301.95,1042,5.85,3.07,72491,407.25,2137.04,0.88,0.84,0.37,0.4,5.16,155.31
6530,97946,8819045,8159267368,10816,62.88,296.33,1755,10.2,20.16,68701,399.42,2057.72,0.88,0.85,0.4,0.4,3.62,146.25
6531,92813,7627157,7095298193,10492,60.3,285.86,1137,6.53,7.08,65796,378.14,1959.25,0.88,0.85,0.39,0.4,3.76,149.66
6532,90720,7963361,7686948299,10487,53.78,266.82,1209,6.2,8.13,64153,328.99,1803.75,0.89,0.86,0.39,0.4,3.72,143.09
6533,90123,7269572,6578869032,10371,62.1,287.8,880,5.27,3.77,64036,383.45,1943.46,0.89,0.86,0.41,0.41,3.4,141.28
6534,92137,6681008,6119185931,10477,58.53,280.72,881,4.92,2.4,65269,364.63,1917.22,0.84,0.82,0.41,0.39,3.34,146.66
6535,99175,8258654,8065085676,10708,56.96,281.1,1012,5.38,4.7,69303,368.63,1991.6,0.91,0.88,0.43,0.44,4.98,147.77
6536,92997,7653983,7720100052,10497,53.83,268.69,1074,5.51,5.05,65582,336.32,1845.12,0.88,0.85,0.42,0.44,2.59,144.23
6537,94003,8372072,8350209035,10276,59.06,282.11,873,5.02,4.63,66003,379.33,1970.02,0.86,0.83,0.43,0.43,4.64,144.21
6538,93108,6912009,6403845521,10358,63.16,292.91,886,5.4,5.77,65441,399.03,2010.07,0.88,0.85,0.39,0.4,3.64,146.08
6539,96122,6792998,6212360339,10594,59.52,286.97,1018,5.72,6.84,67308,378.13,1985.16,0.86,0.82,0.42,0.43,4.27,155.44
6540,92518,6598888,5899866770,10360,59.2,281.19,1011,5.78,5.19,65262,372.93,1939.96,0.86,0.82,0.4,0.4,4.5,146.02
6541,98029,7036789,6460026193,10717,63.04,295.5,1077,6.34,7.7,68826,404.86,2075.45,0.89,0.87,0.4,0.41,4.11,147.08
6542,95315,6788052,6007834887,10458,55.04,272.63,1302,6.85,11.36,66802,351.59,1907.68,0.88,0.85,0.41,0.42,4.37,149.14
6543,102429,9314587,8852518138,10809,61.41,293.02,1226,6.97,11.76,70857,402.6,2104.18,0.88,0.85,0.43,0.44,3.8,147.76
6544,96397,7191128,6680518655,10600,57.3,280.73,1363,7.37,12.45,67755,366.24,1959.07,0.88,0.85,0.42,0.42,3.32,144.78
6545,99887,7243572,6844807322,10935,57.25,282.84,1141,5.97,6.24,69624,364.52,1980.16,0.85,0.82,0.4,0.41,5.54,148.68
6546,99551,7532637,6795841339,10692,58.11,284.15,1100,5.98,8.21,69273,376.48,2009.32,0.86,0.84,0.42,0.43,3.89,143.16
6547,102553,7517687,7034475203,10857,62.4,295.33,1332,7.66,11.33,70951,407.76,2112.98,0.85,0.82,0.4,0.41,3.76,141.22
6548,94920,8374282,8396506943,10603,60.59,288.37,1016,5.81,6.46,66616,380.66,1978.72,0.87,0.85,0.42,0.44,3.78,148.34
6549,98631,7962949,6931091874,10750,60.39,289.08,1046,5.88,6.94,68981,387.53,2031.7,0.88,0.85,0.4,0.41,4.82,155.72
6550,93121,7808757,7410739308,10406,61.21,286.58,838,4.93,2.55,66130,389.0,1989.27,0.85,0.82,0.42,0.42,5.49,144.69
6551,94601,8850006,8910601408,10504,60.02,286.06,960,5.49,5.43,66332,379.04,1972.28,0.86,0.83,0.43,0.44,5.07,145.59
6552,92625,8109902,7956771784,10547,53.27,268.5,1083,5.47,5.58,65782,332.23,1839.52,0.86,0.83,0.42,0.43,3.58,142.16
6553,101539,7606061,6946921142,10999,53.92,272.8,1707,8.37,18.24,70517,345.67,1938.52,0.9,0.88,0.42,0.44,3.14,145.77
6554,91386,7248297,6499483626,10307,56.32,273.27,1431,7.82,14.45,64552,352.74,1875.27,0.86,0.83,0.44,0.44,4.36,139.42
6555,89848,8636319,8790455356,10292,52.78,262.81,2344,12.02,31.78,63545,325.87,1787.3,0.88,0.86,0.43,0.45,4.36,139.28
6556,84312,6637376,6219589412,9866,57.36,270.12,1444,8.4,20.53,60351,350.88,1807.84,0.86,0.84,0.44,0.46,4.99,141.0
6557,80542,7905458,8028490370,9550,54.57,259.21,1281,7.32,15.87,57663,329.5,1710.19,0.87,0.84,0.46,0.48,4.76,131.21
6558,81461,6050452,5837871116,9615,52.54,254.84,1075,5.87,9.97,58316,318.67,1694.03,0.83,0.81,0.49,0.51,7.48,130.75
6559,86330,6422364,6142492727,10004,51.04,253.67,1491,7.61,14.41,61150,311.99,1715.06,0.88,0.85,0.43,0.42,5.91,137.15
6560,82607,7869399,7944455149,9604,52.48,254.06,1077,5.89,7.5,58859,321.63,1707.55,0.86,0.83,0.43,0.43,4.57,137.16
6561,86773,6634798,6136789109,9996,52.61,259.42,1472,7.75,15.52,61816,325.35,1763.5,0.87,0.84,0.42,0.44,5.2,138.45
6562,83529,6852115,6180202335,9784,54.36,260.38,1250,6.94,11.83,59545,330.81,1744.4,0.92,0.9,0.44,0.44,6.89,135.37
6563,78891,5684858,5292216886,9298,55.02,256.45,980,5.8,7.47,56736,335.72,1718.94,0.89,0.85,0.4,0.42,8.67,134.44
6564,94558,7646739,7235022681,10425,63.57,295.37,820,5.0,5.82,66921,408.05,2057.78,0.82,0.8,0.45,0.46,10.59,116.32
6565,97631,7239675,6821481633,10571,63.68,296.1,767,4.62,4.45,68532,412.84,2091.41,0.86,0.84,0.46,0.48,8.89,108.51
6566,92809,14770473,15113385421,10395,61.51,288.29,796,4.71,5.39,66083,391.02,2000.87,0.83,0.8,0.43,0.43,6.46,124.48
6567,102665,9288121,9042011586,11155,64.11,304.77,886,5.09,8.38,72010,413.85,2147.69,0.82,0.79,0.48,0.49,6.78,110.06
6568,96649,8389802,7481381504,10514,66.97,303.76,900,5.73,10.21,68050,433.44,2130.9,0.85,0.83,0.46,0.47,7.77,111.93
6569,100114,13718458,15947254178,10896,59.87,290.66,1218,6.69,22.36,70391,386.76,2050.76,0.86,0.83,0.44,0.45,5.78,119.77
6570,103814,9081585,8227899509,11043,57.82,286.87,1082,5.66,8.72,72106,377.52,2055.04,0.78,0.76,0.46,0.46,6.99,109.88
6571,111383,9537917,9359168367,11404,60.98,299.31,1259,6.73,16.86,76410,408.61,2197.58,0.82,0.79,0.44,0.43,5.38,114.55
6572,105947,10872076,10225824646,11193,65.84,309.68,917,5.39,7.31,73739,433.76,2222.69,0.79,0.78,0.45,0.44,5.18,105.79
6573,111833,9773478,8745791849,11553,58.94,296.78,904,4.61,3.58,77182,393.79,2168.92,0.76,0.73,0.44,0.44,4.42,111.79
6574,108811,9133660,8790740747,11392,54.77,281.87,1353,6.5,16.98,75352,362.27,2052.77,0.81,0.79,0.43,0.44,3.44,112.92
6575,116704,10003791,9502366612,11681,61.48,304.86,885,4.66,3.5,80020,421.16,2284.89,0.81,0.79,0.43,0.44,4.45,113.9
6576,110601,9419389,9201685887,11475,60.71,298.24,878,4.65,2.8,76440,404.44,2181.83,0.8,0.77,0.43,0.44,5.36,109.24
6577,114466,9440413,8781852130,11540,60.74,302.56,847,4.46,2.59,78797,414.72,2251.89,0.86,0.83,0.46,0.46,6.22,118.87
6578,104389,7951653,7340240685,11027,64.86,305.51,862,5.07,5.65,73026,429.56,2202.69,0.85,0.82,0.43,0.43,2.74,116.06
6579,103554,9107134,9034577156,10713,68.67,312.45,853,5.47,9.96,72036,461.77,2268.87,0.85,0.82,0.47,0.46,6.08,119.77
6580,93311,7158537,6928488804,10289,66.81,303.29,580,3.77,2.43,66489,431.75,2107.72,0.79,0.76,0.48,0.48,6.42,114.59
6581,94323,7517404,6967984588,10394,67.06,305.06,651,4.2,5.23,67115,433.0,2119.18,0.83,0.81,0.51,0.51,7.37,118.55
6582,94343,6948603,6556608135,10225,65.54,298.32,959,6.15,14.51,66950,429.17,2108.5,0.82,0.79,0.5,0.49,7.38,110.7
6583,93467,8355738,8298812434,10399,63.41,294.11,669,4.08,2.76,66405,404.91,2037.7,0.8,0.78,0.49,0.49,7.58,109.19
6584,91010,6662544,6150025603,10210,65.87,297.49,805,5.19,7.63,65120,420.13,2054.89,0.84,0.82,0.51,0.51,8.01,112.94
6585,95521,12208321,13721243302,10486,64.33,298.67,907,5.56,10.67,67784,415.85,2086.97,0.8,0.77,0.49,0.5,11.96,107.13
6586,93380,6981821,6342605446,10238,63.59,293.21,648,4.02,3.37,66328,411.98,2056.77,0.78,0.76,0.51,0.52,12.44,97.11
6587,101588,9368011,8208227712,10787,67.0,309.22,894,5.55,9.85,70831,439.94,2195.62,0.8,0.79,0.52,0.53,12.14,106.87
6588,102468,7315304,6759579776,10747,68.45,312.37,872,5.55,7.95,71460,455.16,2243.68,0.87,0.85,0.5,0.52,9.47,108.78
6589,102545,35789572,43244011928,10783,58.29,285.86,1097,5.93,10.73,71395,385.92,2065.13,0.85,0.83,0.52,0.52,12.51,113.17
6590,105080,8398273,8019590902,10940,67.53,312.38,707,4.36,3.33,73489,453.64,2272.88,0.87,0.84,0.47,0.45,7.43,107.37
6591,113549,8936482,8754747890,11513,63.61,307.76,1340,7.4,12.87,77690,429.23,2271.86,0.85,0.82,0.47,0.48,7.85,113.9
6592,109986,8116193,7529364293,11382,59.91,297.02,1049,5.52,8.33,76105,400.55,2172.8,0.83,0.8,0.47,0.49,7.45,116.9
6593,112147,13627879,14797838252,11248,66.56,312.69,865,5.12,6.03,76873,454.87,2327.39,0.84,0.82,0.46,0.48,8.82,108.12
6594,111905,8707054,8011007208,11328,62.93,304.06,818,4.54,2.86,76756,426.42,2255.25,0.79,0.77,0.47,0.48,6.6,114.48
6595,119468,9389975,8923982059,11889,65.32,317.12,996,5.47,7.52,81718,449.0,2381.92,0.89,0.87,0.44,0.43,5.71,116.77
6596,116146,12186191,12826529806,11822,66.04,321.03,1351,7.55,19.56,79979,446.81,2354.64,0.84,0.81,0.46,0.45,4.35,111.65
6597,133045,10597938,10047941342,13137,71.79,351.1,1039,5.68,6.3,90388,493.92,2636.09,0.87,0.84,0.37,0.37,4.62,118.57
6598,128262,11795920,11956955351,12976,64.56,325.95,1272,6.33,9.9,87819,436.91,2432.69,0.84,0.82,0.42,0.42,4.41,121.19
6599,113388,8611895,8245456807,12118,63.11,313.5,1089,5.67,5.99,78995,411.43,2259.63,0.85,0.83,0.41,0.41,4.37,113.62
6600,112331,8659289,8214400583,12106,66.88,325.83,1120,6.19,7.42,78770,435.19,2305.34,0.86,0.84,0.44,0.43,4.02,117.7
6601,113062,9335544,8891313941,12042,64.74,317.84,1478,7.95,14.74,78620,422.69,2269.35,0.87,0.83,0.42,0.43,3.91,117.76
6602,111303,10305008,10166773763,11452,65.07,311.18,1067,6.06,7.36,76525,434.8,2269.43,0.85,0.83,0.41,0.41,4.45,118.93
6603,104733,8183946,7681987059,10906,58.95,288.7,822,4.44,3.21,72936,394.25,2109.63,0.84,0.82,0.46,0.46,6.45,112.99
6604,97562,8497526,7969722511,10483,56.36,277.84,1065,5.73,9.54,68122,366.25,1964.52,0.85,0.82,0.46,0.46,3.0,117.98
6605,101663,8143085,7755352372,10830,62.24,298.16,1133,6.51,12.53,71017,408.14,2117.11,0.86,0.84,0.46,0.47,5.93,106.7
6606,89280,10205545,8351841241,10084,54.8,267.76,1527,8.3,19.17,62896,341.83,1827.4,0.88,0.86,0.52,0.51,4.95,107.8
6607,75457,8793035,9068930208,8611,49.21,254.87,970,5.54,5.99,53677,306.73,1751.31,0.86,0.84,0.48,0.47,6.78,121.86
6608,1231,90971,62731210,791,4.16,2.25,951,5.01,2.48,992,5.22,3.07,0.88,0.86,0.4,0.41,4.2,151.41
6609,1242,8367171,11667483569,787,4.21,2.44,912,4.88,2.51,968,5.18,3.13,0.87,0.86,0.44,0.44,7.7,145.83
6610,1203,21959673,29687649912,672,3.98,2.61,847,5.01,6.11,781,4.62,3.07,0.85,0.83,0.46,0.45,10.66,110.24
6611,1456,7550455,10287232376,680,3.91,2.78,1109,6.37,12.96,787,4.52,3.32,0.83,0.81,0.5,0.51,7.26,111.61
6612,1752,19541354,24292995011,834,4.39,2.64,1325,6.97,13.71,983,5.17,3.37,0.88,0.86,0.45,0.44,8.05,115.27
6613,1704,5700933,5282575601,713,4.15,2.57,1263,7.34,14.14,859,4.99,3.25,0.85,0.83,0.46,0.47,6.69,111.5
6614,2061,8876393,12254383665,802,4.48,3.02,1622,9.06,22.56,951,5.31,3.9,0.83,0.8,0.45,0.47,7.36,113.83
6615,1187,6609025,9486071372,699,4.04,2.88,831,4.8,5.44,835,4.83,3.76,0.85,0.83,0.46,0.47,9.97,122.61
6616,1629,4623185,6547856440,666,4.01,2.57,1253,7.55,14.81,801,4.83,3.49,0.84,0.83,0.46,0.47,8.9,124.5
6617,1199,1841377,2511409557,724,4.28,2.7,761,4.5,2.55,868,5.14,3.43,0.82,0.8,0.44,0.45,7.67,130.2
6618,1910,44566168,61237371712,741,4.14,2.94,1340,7.49,14.48,915,5.11,3.68,0.81,0.79,0.42,0.43,9.59,136.01
6619,1360,1176288,1337274332,721,3.98,2.63,865,4.78,6.15,875,4.83,3.44,0.82,0.79,0.47,0.49,9.82,131.65
6620,1243,8278634,11871083382,712,4.05,2.7,747,4.24,2.35,890,5.06,3.64,0.81,0.78,0.4,0.41,9.42,136.79
6621,1558,1985346,2658824924,724,3.96,2.8,1090,5.96,10.25,896,4.9,3.55,0.81,0.79,0.48,0.51,5.66,138.99
6622,2150,1530750,2235388153,792,4.21,2.84,1586,8.44,20.23,976,5.19,3.75,0.82,0.8,0.46,0.48,3.9,132.65
6623,1213,539889,729782421,709,3.87,2.69,802,4.38,2.68,898,4.91,3.63,0.81,0.78,0.45,0.46,7.57,136.01
6624,1170,4139501,5917507954,715,4.39,2.87,739,4.53,2.84,880,5.4,3.71,0.8,0.76,0.44,0.45,7.1,131.21
6625,1464,3461904,4957807312,810,3.99,2.74,972,4.79,3.13,1023,5.04,3.53,0.81,0.78,0.44,0.46,6.61,135.7
6626,1591,5446673,7698363038,737,4.09,2.82,1099,6.11,15.1,937,5.21,3.64,0.83,0.81,0.43,0.42,9.68,139.85
6627,1212,2805399,3943531208,733,3.88,2.59,820,4.34,2.61,924,4.89,3.34,0.82,0.8,0.46,0.47,8.8,134.69
6628,1151,3105975,4231293746,683,4.02,2.86,753,4.43,2.46,860,5.06,4.09,0.82,0.77,0.46,0.49,11.36,126.87
6629,1152,1972886,2629338964,662,3.83,2.68,780,4.51,3.49,854,4.94,3.53,0.83,0.81,0.46,0.48,6.7,126.91
6630,1437,2877283,4063158348,728,3.91,2.83,1007,5.41,8.25,900,4.84,3.52,0.85,0.82,0.49,0.49,10.34,133.01
6631,1632,825306,1125659240,708,3.89,2.46,1230,6.76,13.56,913,5.02,3.18,0.83,0.8,0.45,0.46,5.92,129.64
6632,1643,74782,8763455,580,3.43,2.67,1297,7.67,18.14,735,4.35,3.34,0.79,0.76,0.52,0.53,7.13,120.74
6633,1795,1833669,2540087501,550,3.37,2.35,1444,8.86,22.21,699,4.29,3.16,0.84,0.82,0.51,0.52,11.5,118.45
6634,1668,4010005,5617566243,708,3.81,2.52,1283,6.9,14.47,868,4.67,2.98,0.82,0.79,0.48,0.5,7.47,128.21
6635,1584,3612014,5141624682,599,3.82,2.81,1189,7.57,16.24,750,4.78,3.63,0.79,0.78,0.45,0.46,7.57,132.97
6636,1567,2712557,3824694785,656,3.73,2.3,1157,6.57,15.53,816,4.64,3.17,0.81,0.79,0.44,0.45,11.93,134.43
6637,1841,2315222,2765625646,804,4.14,2.85,1352,6.97,13.39,1028,5.3,3.73,0.81,0.79,0.45,0.47,6.08,130.25
6638,1427,3078333,3589790137,721,3.86,2.72,960,5.13,9.09,888,4.75,3.73,0.82,0.8,0.44,0.45,9.19,128.73
6639,2017,3750256,4892631589,700,3.66,2.55,1557,8.15,18.15,908,4.75,3.63,0.83,0.81,0.49,0.5,8.33,128.95
6640,1640,5343820,7646809026,758,3.91,2.2,1216,6.27,12.22,933,4.81,2.99,0.84,0.83,0.45,0.46,9.19,122.89
6641,1306,5304569,7620399594,741,3.78,2.56,868,4.43,4.89,929,4.74,3.34,0.8,0.78,0.47,0.48,10.22,136.38
6642,1655,2628836,3767828610,781,4.13,2.5,1251,6.62,10.69,972,5.14,3.36,0.83,0.81,0.46,0.47,6.67,136.14
6643,1761,1993852,2795783642,893,4.49,2.85,1320,6.63,9.54,1103,5.54,3.88,0.82,0.8,0.43,0.44,8.73,125.94
6644,2124,8261232,11647096409,799,4.06,2.57,1642,8.34,20.53,1018,5.17,3.64,0.83,0.81,0.44,0.45,9.07,123.44
6645,2551,3763409,5273268232,846,4.29,2.45,2076,10.54,23.61,1076,5.46,3.15,0.81,0.78,0.44,0.45,6.59,123.25
6646,2093,2920275,3900423839,744,3.98,2.52,1642,8.78,22.32,957,5.12,3.48,0.77,0.75,0.49,0.5,6.63,128.96
6647,2055,6339473,8814785731,860,4.43,3.02,1505,7.76,14.72,1125,5.8,4.32,0.81,0.8,0.45,0.45,5.13,129.45
6648,1373,2483058,3469541820,742,4.15,2.68,911,5.09,4.41,920,5.14,3.53,0.83,0.81,0.47,0.48,5.89,131.31
6649,1443,6237107,8788981766,782,3.99,2.37,965,4.92,6.04,939,4.79,3.16,0.84,0.8,0.41,0.43,9.2,132.09
6650,1490,5267041,7570074102,709,4.22,2.43,1046,6.23,12.52,885,5.27,3.38,0.82,0.79,0.43,0.43,8.36,130.67
6651,1350,2602030,3622021063,785,4.13,2.52,936,4.93,3.92,978,5.15,3.26,0.85,0.82,0.44,0.44,7.26,131.09
6652,1367,870392,1209824374,775,4.17,2.32,978,5.26,5.7,941,5.06,3.03,0.81,0.78,0.44,0.47,4.5,124.33
6653,1318,2872189,4042273073,745,4.14,2.41,950,5.28,7.35,905,5.03,2.92,0.85,0.82,0.49,0.51,8.41,127.11
6654,1062,1841025,2592738361,691,3.99,2.56,710,4.1,2.11,831,4.8,3.34,0.83,0.8,0.46,0.47,7.92,131.49
6655,1053,6516079,6665644056,623,3.89,2.67,661,4.13,2.37,770,4.81,3.73,0.85,0.84,0.48,0.49,15.31,123.32
6656,1067,5069700,4384804814,686,3.92,2.54,708,4.05,2.16,816,4.66,3.51,0.83,0.8,0.44,0.47,12.43,127.7
6657,983,7434942,10347836914,612,3.69,2.55,612,3.69,1.97,729,4.39,3.35,0.81,0.79,0.52,0.54,13.59,116.88
6658,1227,5188105,4545137777,790,4.18,2.46,819,4.33,2.22,949,5.02,3.41,0.84,0.82,0.47,0.48,10.52,119.93
6659,1219,4835001,3902584361,818,4.31,2.73,841,4.43,2.66,960,5.05,3.48,0.83,0.8,0.48,0.5,9.94,121.38
6660,1253,5783923,8260553152,774,4.4,2.73,811,4.61,2.52,942,5.35,3.7,0.81,0.78,0.45,0.46,9.33,127.22
6661,1332,2674314,3802478093,827,4.47,2.71,850,4.59,2.28,979,5.29,3.59,0.85,0.81,0.44,0.46,8.27,121.84
6662,1101,7290498,10429010688,681,4.15,2.61,695,4.24,2.35,817,4.98,3.64,0.81,0.8,0.47,0.46,11.37,122.66
6663,1247,2708009,3777832069,745,4.14,2.45,815,4.53,2.94,904,5.02,3.18,0.8,0.78,0.43,0.44,8.91,124.64
6664,1225,3758485,5306078074,758,4.31,2.62,777,4.41,2.32,903,5.13,3.6,0.83,0.81,0.44,0.44,8.02,127.41
6665,1326,2773324,3918080852,824,4.25,2.42,876,4.52,2.13,1015,5.23,3.23,0.85,0.83,0.46,0.48,7.33,126.25
6666,1551,2038217,2727236411,918,4.33,2.59,1020,4.81,2.44,1175,5.54,3.45,0.85,0.82,0.44,0.46,7.26,113.7
6667,1640,2083907,2768403504,1013,4.69,2.6,1123,5.2,2.89,1261,5.84,3.51,0.88,0.86,0.42,0.44,9.84,120.22
6668,1907,6187257,9046524369,942,4.57,2.68,1313,6.37,9.09,1208,5.86,3.52,0.86,0.83,0.42,0.43,7.59,123.11
6669,2662,3642187,5108162685,991,4.83,2.95,2143,10.45,26.19,1246,6.08,3.78,0.84,0.82,0.42,0.42,7.37,123.03
6670,2382,5321556,7638149312,940,4.59,2.56,1840,8.98,22.22,1188,5.8,3.58,0.84,0.82,0.42,0.43,6.89,117.64
6671,1820,3427509,4932336113,948,4.62,2.82,1275,6.22,7.89,1242,6.06,3.63,0.82,0.79,0.43,0.44,6.55,118.76
6672,2339,7285862,10398028500,984,4.75,2.88,1829,8.84,20.73,1244,6.01,3.65,0.84,0.82,0.39,0.4,5.96,122.2
6673,1544,2693415,3641690033,938,4.53,2.75,994,4.8,2.7,1187,5.73,3.47,0.82,0.78,0.41,0.42,5.64,125.12
6674,1649,5559238,7873882371,954,4.48,2.44,1107,5.2,3.29,1218,5.72,3.23,0.84,0.82,0.44,0.45,7.51,115.0
6675,1681,3775925,5270767402,859,4.57,2.47,1204,6.4,9.67,1091,5.8,3.4,0.84,0.81,0.42,0.42,5.77,118.68
6676,1674,6763394,9393822001,891,4.52,2.81,1190,6.04,7.35,1143,5.8,3.54,0.84,0.81,0.41,0.42,6.69,119.65
6677,1851,1910756,2598257348,950,4.66,2.65,1419,6.96,10.3,1107,5.43,3.35,0.85,0.82,0.45,0.46,4.83,128.13
6678,1021,69909,10823117,642,4.79,3.89,646,4.82,2.84,743,5.54,4.66,0.81,0.78,0.47,0.48,4.18,122.52
6679,1445,949460,1308444672,831,4.57,2.6,1016,5.58,5.13,993,5.46,3.36,0.83,0.8,0.43,0.45,5.99,132.0
6680,1276,2964289,4077623189,708,4.09,2.78,834,4.82,4.23,874,5.05,3.63,0.79,0.77,0.43,0.45,6.68,132.07
6681,1486,1873644,2641189283,812,4.44,2.61,1081,5.91,9.65,937,5.12,3.38,0.83,0.8,0.46,0.47,6.45,127.2
6682,1759,5481311,7710772170,841,4.23,2.75,1324,6.65,10.55,998,5.02,3.44,0.83,0.8,0.47,0.49,7.87,128.71
6683,1383,4715591,6613733700,805,4.4,2.98,984,5.38,8.15,940,5.14,3.72,0.82,0.8,0.45,0.45,9.08,139.19
6684,1240,6364245,9070401273,628,4.21,2.91,853,5.72,11.93,759,5.09,3.7,0.82,0.79,0.45,0.45,8.67,122.64
6685,1215,5585375,7945994709,770,4.9,2.47,848,5.4,2.79,894,5.69,3.01,0.84,0.82,0.4,0.43,10.73,130.5
6686,1658,2759416,3896929857,769,4.47,2.67,1160,6.74,19.1,931,5.41,3.52,0.82,0.79,0.41,0.41,11.05,123.51
6687,1446,3722416,5173324346,791,4.39,3.0,1060,5.89,9.22,917,5.09,3.84,0.81,0.78,0.43,0.44,10.88,126.36
6688,1408,5597977,7986421001,845,4.49,2.79,918,4.88,2.89,1017,5.41,3.81,0.82,0.78,0.4,0.41,9.47,128.0
6689,1173,3558835,5033015376,708,3.87,2.65,770,4.21,2.37,876,4.79,3.59,0.81,0.79,0.45,0.45,10.21,131.15
6690,1259,2884773,4124685132,741,4.33,2.8,833,4.87,3.3,908,5.31,3.56,0.84,0.82,0.46,0.48,8.58,120.0
6691,1694,11357510,16187740621,959,4.52,2.59,1078,5.08,2.72,1245,5.87,3.5,0.83,0.81,0.4,0.41,9.87,127.7
6692,1863,5372360,7755218331,875,4.51,2.56,1292,6.66,10.72,1129,5.82,3.64,0.85,0.82,0.43,0.44,6.99,118.36
6693,1543,5297044,7610449988,883,4.8,2.95,990,5.38,3.46,1136,6.17,4.08,0.84,0.82,0.4,0.4,7.2,128.28
6694,1566,6499213,9225467861,924,4.57,2.59,1004,4.97,2.55,1206,5.97,3.55,0.81,0.79,0.42,0.43,9.46,120.77
6695,1875,2197068,3095229237,902,4.42,2.34,1322,6.48,9.62,1169,5.73,3.48,0.84,0.82,0.42,0.43,5.72,123.55
6696,1718,2058839,2940697434,992,4.84,2.87,1117,5.45,3.33,1287,6.28,3.8,0.82,0.8,0.4,0.41,5.37,125.5
6697,1741,4135254,5883134441,1023,4.87,2.56,1133,5.4,2.6,1306,6.22,3.44,0.82,0.78,0.4,0.42,6.1,123.9
6698,1532,11600,3157366,908,4.52,2.69,1033,5.14,2.79,1178,5.86,3.57,0.84,0.81,0.38,0.4,4.94,126.8
6699,1668,5670597,7900827222,992,4.61,2.51,1141,5.31,3.47,1257,5.85,3.32,0.85,0.82,0.39,0.42,5.95,124.82
6700,1674,6119296,8615829172,967,4.56,2.95,1131,5.33,3.77,1272,6.0,4.03,0.83,0.8,0.39,0.4,6.54,121.69
6701,1686,7055867,10024303176,949,4.65,2.99,1204,5.9,5.68,1208,5.92,3.93,0.86,0.85,0.42,0.43,8.63,122.7
6702,2080,6290740,8853859936,939,4.74,2.87,1614,8.15,21.51,1190,6.01,4.37,0.83,0.81,0.41,0.44,7.76,126.99
6703,1662,4590317,6567065104,828,4.36,2.84,1228,6.46,14.23,994,5.23,3.76,0.78,0.75,0.45,0.47,5.56,130.38
6704,2220,5478128,7876279305,947,4.78,2.47,1758,8.88,19.39,1142,5.77,3.43,0.85,0.84,0.43,0.45,6.41,131.27
6705,1380,3721369,5247065582,871,4.54,2.88,923,4.81,2.89,1052,5.48,3.75,0.81,0.79,0.43,0.44,10.03,122.33
6706,2282,1698716,2439827235,868,4.54,2.66,1784,9.34,21.33,1048,5.49,3.57,0.82,0.8,0.44,0.45,5.93,127.95
6707,1858,4579520,6461861271,921,4.61,2.56,1396,6.98,12.12,1111,5.56,3.29,0.84,0.81,0.42,0.43,7.57,123.29
6708,2124,12118286,16944230919,959,4.68,2.68,1613,7.87,13.34,1167,5.69,3.56,0.85,0.83,0.42,0.43,11.9,121.73
6709,3015,13694332,17784625978,1065,5.07,2.92,2476,11.79,28.1,1286,6.12,3.97,0.86,0.83,0.45,0.46,6.46,122.0
6710,2299,2461103,3536898084,972,4.81,2.65,1793,8.88,17.69,1177,5.83,3.52,0.85,0.82,0.42,0.43,8.0,125.61
6711,2110,12248687,15878064365,869,4.5,2.69,1572,8.15,17.56,1093,5.66,3.58,0.83,0.81,0.42,0.42,7.54,121.54
6712,3102,1991430,2732392092,806,4.26,2.24,2607,13.79,39.43,1033,5.47,3.27,0.85,0.84,0.43,0.43,6.24,131.75
6713,2644,11934317,16941713251,730,4.17,2.58,2203,12.59,33.56,904,5.17,3.62,0.83,0.8,0.47,0.47,5.88,140.54
6714,3269,4902894,4009952034,801,4.24,2.79,2797,14.8,40.03,1022,5.41,3.77,0.83,0.8,0.44,0.44,5.47,128.63
6715,4051,8724774,12359059403,926,4.52,2.67,3482,16.99,49.0,1231,6.0,3.81,0.84,0.82,0.43,0.44,5.88,125.14
6716,3442,18517198,22532512446,1054,4.62,2.45,2870,12.59,36.77,1329,5.83,3.24,0.85,0.82,0.45,0.47,5.68,117.02
6717,3229,22009405,29976519862,986,4.88,2.62,2678,13.26,37.07,1258,6.23,3.67,0.86,0.83,0.41,0.42,5.28,127.47
